219
186
157
143
130
119
140
355
881
1092
379
67
19
83
94
108
107
118
116
115
135
151
161
184
204
240
271
330
383
455
507
566
587
589
536
460
374
301
252
221
187
180
173
177
180
184
183
188
187
190
193
198
189
194
189
190
185
194
186
188
182
179
167
170
178
189
202
231
237
290
278
285
250
204
161
149
150
138
113
281
687
1266
593
136
8
57
88
97
102
100
101
117
119
134
140
156
169
203
231
282
335
399
451
512
541
550
500
433
351
276
210
176
141
134
119
121
120
114
116
126
118
118
119
116
112
115
115
115
109
109
101
104
101
111
96
100
104
104
110
154
162
199
225
232
200
167
121
98
86
81
53
123
376
1006
909
255
-13
-17
30
46
46
49
58
64
68
76
80
95
114
136
154
193
238
301
361
414
459
483
465
408
323
242
165
114
75
54
47
47
40
43
40
35
36
39
39
54
44
34
26
32
24
24
21
30
50
44
17
20
14
18
18
25
47
69
84
128
123
125
83
41
3
-6
-13
-17
-34
150
585
1083
381
-46
-130
-73
-48
-47
-41
-35
-31
-20
-25
-3
15
29
50
79
118
167
226
293
355
403
442
454
414
341
260
181
120
84
59
48
43
42
40
44
44
47
51
55
56
56
60
62
61
60
58
55
54
53
52
52
53
59
52
56
77
92
125
139
178
194
202
172
131
96
76
75
67
49
184
504
1149
675
121
-34
9
48
60
67
73
83
86
99
106
126
135
159
185
221
272
325
393
459
514
553
579
560
487
405
334
267
222
193
178
167
167
167
164
172
174
177
171
177
183
182
177
182
178
174
173
169
175
167
162
165
161
165
157
155
163
165
180
207
221
261
266
271
234
183
145
137
123
102
95
252
664
1223
559
104
-14
35
67
68
71
68
73
82
87
86
105
119
143
166
199
240
299
365
423
474
513
525
497
427
345
259
192
146
118
103
92
88
88
89
91
90
89
84
95
94
93
91
87
79
81
76
74
69
70
65
67
62
59
61
74
109
124
157
174
176
143
96
49
29
24
9
-26
97
415
1078
612
37
-130
-96
-55
-41
-38
-45
-40
-38
-33
-27
-2
5
22
44
75
114
170
234
297
345
389
406
382
314
228
144
76
27
-3
-22
-28
-29
-31
-30
-26
-27
-24
-24
-19
-17
-12
-19
-19
-24
-28
-30
-22
-27
-21
-23
-19
-14
-26
-21
-13
-12
-2
38
57
81
118
114
88
47
7
-18
-17
-16
-34
51
316
937
740
108
-117
-104
-61
-47
-43
-45
-36
-26
-20
-16
-4
11
32
52
89
129
186
244
307
365
412
433
420
355
292
204
128
79
44
10
3
2
3
1
3
7
13
1
10
9
17
10
12
1
9
-2
-9
-10
2
-8
-6
-4
-10
-11
8
14
53
66
104
119
144
97
66
16
1
1
4
-29
96
412
1066
623
82
-101
-76
-39
-10
-11
-5
-6
-1
6
23
30
43
57
92
123
168
221
288
348
404
437
465
447
390
301
219
140
93
56
37
19
23
15
15
11
15
8
3
6
15
-1
2
-7
-7
-18
-16
-24
-31
-37
-29
-35
-33
-33
-16
15
32
60
81
77
47
-1
-39
-60
-65
-74
-105
24
370
1029
529
-28
-185
-154
-109
-102
-93
-93
-86
-83
-71
-35
-41
-40
-11
8
64
100
158
217
287
341
376
392
372
300
219
135
74
22
-1
-19
-24
-34
-28
-31
-23
-24
-18
-21
-12
-14
-5
-11
-6
-14
-11
-19
-12
-18
-14
-19
-10
-11
-7
-6
2
47
68
95
115
120
89
45
14
-8
-11
-20
-37
91
424
1067
566
18
-129
-95
-60
-55
-46
-47
-39
-41
-29
-26
-11
-1
24
43
85
116
174
232
295
340
386
400
378
307
228
136
74
17
10
-13
-15
-28
-22
-24
-21
-29
-20
-18
-14
-15
-15
-21
-16
-23
-17
-26
-25
-33
-32
-37
-29
-37
-31
-34
-28
-24
10
34
56
93
100
90
59
3
-20
-33
-27
-32
-34
151
612
1021
338
-63
-135
-78
-41
-41
-28
-40
-26
-21
-10
-4
16
22
51
79
116
161
230
284
354
404
445
461
422
344
262
185
129
88
68
54
50
45
51
48
65
67
84
76
77
78
77
63
84
74
85
71
79
77
83
78
82
77
83
77
98
131
148
177
199
203
177
125
85
67
64
40
19
111
430
1085
720
130
-74
-75
-11
-1
5
5
16
5
16
20
39
43
67
84
125
156
210
263
336
377
423
445
432
367
283
188
128
68
40
9
4
-2
7
-3
7
-2
5
1
13
9
11
-1
11
-3
3
-15
-6
-18
2
-5
2
-7
-1
2
34
56
82
108
132
112
92
36
12
-2
5
-17
-23
167
671
1088
361
-40
-106
-56
-25
-22
-11
-14
-2
0
15
21
40
54
83
100
148
187
254
310
382
425
467
469
431
346
264
178
124
77
56
30
36
30
33
29
35
27
32
28
33
21
26
18
22
7
14
0
2
-11
-5
-13
-7
-14
-2
-4
16
45
62
90
110
113
86
35
4
-24
-26
-35
-53
74
403
1059
564
-3
-151
-126
-77
-75
-67
-76
-60
-65
-49
-48
-30
-26
0
16
54
89
151
210
279
314
354
359
335
256
177
84
23
-34
-62
-87
-93
-104
-99
-114
-108
-116
-117
-125
-118
-134
-123
-134
-133
-147
-150
-172
-158
-173
-172
-187
-181
-194
-197
-202
-202
-210
-175
-170
-149
-125
-126
-152
-183
-247
-265
-285
-300
-331
-254
-10
601
436
-207
-450
-448
-418
-401
-415
-411
-419
-418
-429
-418
-421
-408
-404
-370
-354
-317
-275
-209
-159
-104
-66
-36
-61
-134
-240
-309
-398
-451
-501
-510
-538
-538
-559
-550
-559
-556
-574
-560
-569
-571
-590
-575
-585
-585
-609
-612
-627
-622
-628
-638
-652
-649
-666
-661
-657
-626
-621
-589
-567
-577
-605
-620
-685
-708
-723
-720
-753
-741
-519
59
213
-497
-825
-860
-824
-795
-792
-787
-805
-792
-795
-781
-776
-758
-752
-724
-710
-670
-625
-570
-499
-439
-404
-363
-391
-434
-524
-613
-703
-756
-805
-824
-835
-841
-857
-844
-862
-863
-873
-874
-873
-869
-882
-882
-893
-894
-904
-902
-917
-917
-928
-931
-940
-933
-944
-932
-912
-885
-870
-829
-841
-841
-894
-939
-964
-971
-983
-992
-992
-759
-217
53
-703
-1052
-1104
-1056
-1038
-1037
-1040
-1021
-1014
-1004
-1005
-996
-993
-971
-948
-908
-883
-830
-776
-700
-650
-593
-566
-560
-619
-693
-781
-854
-913
-941
-971
-969
-985
-979
-987
-978
-980
-972
-968
-956
-957
-953
-960
-951
-957
-945
-946
-945
-947
-955
-948
-935
-943
-928
-937
-921
-907
-867
-854
-813
-804
-792
-826
-856
-901
-908
-916
-907
-940
-787
-446
224
-327
-874
-1020
-960
-935
-920
-922
-906
-910
-894
-894
-871
-867
-843
-826
-793
-761
-713
-659
-581
-525
-464
-419
-390
-419
-479
-577
-646
-718
-753
-786
-786
-800
-792
-799
-786
-786
-778
-782
-773
-776
-766
-770
-758
-763
-752
-762
-753
-759
-751
-758
-746
-752
-747
-751
-742
-747
-732
-730
-694
-677
-650
-614
-605
-614
-648
-681
-708
-725
-722
-732
-733
-569
-163
413
-249
-717
-812
-764
-724
-723
-715
-707
-692
-691
-674
-671
-653
-636
-606
-582
-539
-504
-434
-367
-295
-257
-205
-196
-225
-298
-379
-461
-516
-561
-576
-587
-583
-599
-592
-585
-577
-580
-564
-561
-548
-553
-540
-543
-532
-537
-530
-537
-530
-532
-525
-529
-519
-516
-502
-499
-499
-488
-471
-444
-411
-389
-325
-336
-345
-381
-413
-441
-442
-443
-446
-448
-213
302
593
-130
-482
-551
-479
-448
-431
-430
-413
-408
-391
-375
-353
-342
-319
-292
-261
-232
-168
-112
-40
19
80
106
115
72
13
-81
-150
-210
-234
-266
-278
-286
-284
-288
-283
-286
-268
-274
-256
-265
-253
-262
-253
-249
-246
-256
-251
-248
-248
-249
-244
-248
-242
-245
-237
-236
-217
-182
-163
-136
-119
-114
-137
-180
-218
-246
-242
-253
-275
-162
172
830
386
-188
-356
-319
-276
-270
-263
-258
-245
-253
-230
-227
-205
-195
-169
-147
-108
-79
-20
55
123
175
224
246
233
162
89
-14
-71
-124
-148
-168
-167
-179
-170
-176
-165
-172
-161
-167
-155
-160
-151
-155
-149
-153
-152
-158
-152
-157
-152
-159
-152
-157
-147
-151
-142
-142
-125
-93
-71
-58
-15
-12
-26
-65
-100
-133
-131
-144
-153
-93
165
766
703
21
-217
-216
-165
-156
-144
-145
-132
-132
-116
-108
-84
-67
-46
-27
9
43
101
150
223
278
336
365
358
298
220
135
64
-2
-37
-64
-74
-72
-75
-78
-72
-79
-77
-81
-77
-80
-72
-72
-73
-84
-91
-91
-86
-100
-100
-112
-100
-98
-100
-101
-90
-87
-50
-29
-10
23
30
19
-3
-54
-81
-92
-95
-111
-91
114
627
897
205
-146
-202
-150
-116
-110
-104
-101
-98
-84
-78
-69
-49
-39
-9
23
53
97
164
221
290
338
376
383
350
274
184
105
46
8
-5
-22
-24
-26
-14
-17
-9
-15
-9
-9
-1
1
-2
2
3
-7
-11
-4
-5
-19
-14
1
2
2
-1
3
20
46
60
92
124
117
101
54
9
-7
-11
-28
-57
53
378
1040
639
56
-138
-120
-74
-71
-60
-58
-56
-49
-34
-26
-13
0
20
38
79
105
161
228
295
343
388
411
396
328
250
162
99
46
14
-11
-13
-18
-17
-18
-6
-9
-13
-11
-4
-6
0
-5
-3
-9
-2
-7
-14
-14
-12
-15
-9
-12
-9
-5
2
35
67
73
122
103
115
83
41
3
-2
-9
-15
-10
201
709
1032
305
-53
-101
-46
-25
-24
-21
-9
-4
10
19
30
38
63
81
112
144
191
246
315
368
421
451
453
402
324
237
167
105
69
43
30
13
15
20
25
22
23
23
26
19
24
20
23
16
15
5
4
-5
1
-3
4
-8
-1
2
4
10
19
43
74
84
134
129
131
89
52
20
9
1
-8
4
195
681
1042
327
-43
-105
-45
-23
-20
-10
-4
2
14
25
36
50
71
93
119
155
204
263
333
390
443
480
488
446
369
290
212
159
121
95
86
78
86
84
87
90
90
98
98
106
110
113
114
105
99
94
89
95
88
86
89
92
95
88
87
93
98
100
135
154
165
205
197
186
148
104
74
62
55
44
92
304
854
963
279
-20
-40
8
22
21
29
34
39
39
50
56
77
96
117
137
183
232
289
365
423
461
505
503
450
379
282
213
155
121
95
84
83
84
87
89
89
92
95
96
103
104
98
94
90
90
94
92
92
91
92
89
87
93
96
100
107
109
141
161
183
229
233
233
204
171
131
115
115
103
86
268
698
1235
544
106
-12
43
83
92
94
95
99
109
118
126
136
156
172
195
237
283
336
398
459
510
552
563
537
455
376
302
236
183
144
146
137
135
137
139
137
137
134
141
148
149
143
144
139
133
133
137
129
130
126
127
129
132
122
120
123
132
139
182
194
218
255
257
232
198
153
136
124
119
92
175
440
1054
905
270
29
33
77
94
93
102
104
113
121
126
144
165
182
202
235
285
323
387
451
521
555
590
579
530
443
363
287
231
193
170
160
156
151
149
150
153
152
153
152
157
155
154
144
158
141
149
146
142
138
137
137
140
135
146
130
129
125
131
138
174
186
212
249
243
220
191
149
126
116
108
89
148
385
967
972
291
21
13
58
78
85
87
90
96
100
108
109
143
148
176
203
240
284
347
403
469
514
556
549
505
425
345
264
209
168
146
136
126
123
133
131
135
133
151
132
145
132
142
140
146
135
135
134
134
125
125
121
128
122
119
112
131
125
131
126
139
160
189
203
243
240
248
210
173
128
115
112
109
97
278
701
1226
527
108
14
66
85
100
94
109
112
120
123
138
144
165
184
217
247
298
348
415
473
519
552
587
556
492
403
330
259
219
185
173
160
164
161
166
164
171
164
174
174
181
177
183
179
174
170
173
163
177
175
175
170
172
172
170
176
178
183
185
180
198
223
247
249
303
285
297
256
213
181
169
165
156
181
408
946
1099
412
102
65
124
137
149
143
157
155
166
172
187
199
218
231
284
305
349
400
475
527
584
608
636
586
517
425
353
276
245
211
192
180
189
178
189
186
190
186
192
185
196
184
186
175
177
177
178
168
172
163
173
168
164
166
168
151
160
164
169
205
229
245
280
272
262
223
180
150
142
131
118
175
466
1084
903
281
44
35
97
105
101
103
114
117
129
134
146
164
183
196
237
267
319
369
443
494
548
577
577
525
457
354
289
217
185
156
154
135
144
141
142
139
141
145
150
145
147
143
139
136
141
136
143
141
139
128
140
136
139
132
147
145
159
189
209
227
255
253
233
191
146
119
122
114
82
221
592
1247
693
139
-8
27
64
73
83
79
89
87
102
104
124
133
150
172
210
237
298
355
422
475
526
543
522
455
371
286
223
159
134
109
105
92
97
96
103
101
112
106
114
105
110
102
115
104
107
101
104
97
105
98
106
98
103
98
111
99
112
144
165
179
226
219
219
174
142
102
100
86
82
130
382
977
965
279
1
1
52
62
65
64
76
71
88
92
110
122
150
167
203
233
287
344
416
469
517
540
547
489
417
315
239
185
150
120
114
107
110
105
114
107
118
108
117
106
116
109
114
109
113
102
105
97
108
95
102
95
109
93
100
92
102
89
111
142
166
186
216
206
189
151
113
78
81
69
57
169
476
1128
764
151
-30
4
51
54
62
60
68
69
80
82
101
111
136
158
191
226
293
351
418
463
510
536
535
472
400
300
233
171
151
120
120
99
106
98
104
97
111
96
89
105
104
93
96
87
92
81
90
78
85
61
74
75
75
62
77
64
71
63
88
123
130
153
180
182
151
97
68
47
51
26
7
152
554
1162
576
58
-67
-42
12
9
13
6
24
34
44
50
66
72
104
110
161
188
256
310
382
425
471
487
475
414
322
230
169
110
83
56
58
46
59
46
61
56
58
44
54
54
52
45
49
37
36
26
36
22
30
16
22
22
25
15
21
13
33
59
79
90
128
120
101
54
10
-19
-27
-38
-61
4
318
968
741
87
-147
-153
-102
-93
-87
-78
-67
-87
-64
-62
-36
-43
-5
6
36
68
132
182
256
303
355
384
391
330
257
162
100
33
4
-29
-31
-47
-38
-44
-32
-41
-40
-51
-34
-39
-28
-36
-27
-32
-30
-35
-36
-47
-36
-42
-27
-33
-26
-28
-25
-36
-25
-17
28
37
62
105
107
82
51
9
-12
-30
-33
-50
0
237
847
886
189
-107
-100
-61
-42
-42
-32
-29
-20
-26
-9
-2
21
36
60
83
130
176
238
298
363
399
442
437
405
319
234
145
96
48
34
13
14
6
3
-1
23
18
26
20
28
22
32
24
34
24
30
22
25
15
26
14
19
13
17
9
14
10
19
11
30
61
83
105
147
141
132
87
58
23
19
12
-1
70
338
961
833
165
-65
-64
0
6
20
19
34
36
53
56
77
85
113
134
171
205
257
312
389
432
486
515
519
465
392
296
228
166
138
105
104
86
92
83
93
84
92
89
101
93
101
93
100
94
91
77
89
89
96
85
95
93
91
83
91
86
95
90
99
96
141
146
172
206
211
190
160
110
81
65
72
55
113
345
930
935
266
-20
-23
18
45
47
48
50
66
51
69
70
92
94
120
157
190
222
294
342
405
445
491
484
451
365
286
203
136
83
57
42
35
24
32
19
25
32
32
19
30
17
29
14
17
6
13
-3
11
4
12
2
-1
2
8
1
7
2
5
15
64
75
90
147
145
128
101
41
18
16
17
-4
57
310
918
878
218
-60
-72
-10
21
15
31
31
42
50
70
64
93
106
131
160
214
242
305
373
440
479
514
523
492
415
324
238
187
139
129
104
108
95
102
95
96
96
102
99
102
95
107
92
96
79
84
76
79
68
72
68
79
68
71
61
74
75
120
121
159
179
184
148
106
57
46
32
30
-4
132
464
1149
648
87
-84
-42
-8
10
8
17
17
25
31
47
56
81
90
124
152
196
247
312
374
432
466
497
480
429
333
257
176
129
94
81
65
67
62
70
64
70
62
69
68
68
50
64
55
62
56
59
51
53
49
57
48
55
49
55
53
71
96
111
131
172
163
153
104
70
39
42
32
19
111
393
1038
771
129
-66
-45
-2
5
13
14
27
27
43
50
59
60
93
116
151
185
239
294
365
417
465
486
488
427
376
249
179
121
93
71
71
58
60
59
68
64
72
67
77
73
79
77
79
67
66
59
64
56
56
45
52
45
49
43
51
49
84
102
130
167
163
144
107
61
34
15
15
-10
56
293
885
856
181
-80
-74
-36
-17
-12
-7
-3
1
11
24
34
51
66
95
121
164
209
281
343
405
446
480
478
434
349
265
180
128
101
83
69
72
64
68
72
80
76
85
89
92
86
94
89
88
86
90
84
90
88
94
91
92
89
97
91
98
100
141
149
176
216
219
188
157
110
85
72
68
47
114
357
958
891
231
-28
-25
19
38
32
46
52
61
49
66
78
96
113
134
162
207
257
316
369
437
489
511
514
468
390
315
231
177
133
119
108
100
99
98
96
103
106
106
103
107
96
87
102
95
91
97
89
97
99
91
82
81
86
85
81
94
122
137
152
197
183
176
136
94
56
54
46
31
70
305
895
936
246
-48
-74
-34
-20
-13
-12
-13
-32
4
2
12
19
33
66
89
132
183
235
302
360
410
430
435
384
304
216
138
75
39
6
-10
-11
-10
-9
-8
0
0
-4
-1
-2
1
-7
-1
-13
-1
-2
-1
-6
-9
-7
-9
-18
-8
-8
3
22
43
71
118
118
101
86
28
-1
-5
-9
-25
2
223
778
973
255
-83
-107
-56
-34
-32
-29
-26
-19
-12
3
14
22
49
66
92
132
177
233
301
361
410
442
448
400
321
236
154
87
42
22
15
3
-1
5
5
4
4
4
0
-2
-4
-10
-8
-14
-17
-24
-28
-34
-40
-46
-46
-50
-51
-53
-53
-54
-48
-21
3
20
59
54
53
14
-28
-61
-76
-85
-99
-84
109
588
982
259
-123
-180
-130
-107
-106
-99
-99
-88
-88
-74
-62
-50
-33
-7
20
56
101
163
229
291
342
374
387
351
280
200
116
56
15
-11
-28
-32
-35
-30
-26
-22
-18
-26
-25
-18
-20
-20
-29
-31
-38
-36
-39
-35
-35
-47
-46
-47
-52
-45
-44
-44
-53
-36
-6
15
40
83
68
64
19
-15
-41
-49
-56
-72
-19
219
798
823
142
-143
-144
-100
-81
-82
-79
-76
-77
-61
-55
-39
-32
-15
16
50
89
135
192
262
311
361
399
396
348
278
179
118
49
9
-18
-32
-38
-39
-41
-34
-37
-44
-44
-40
-52
-42
-40
-50
-57
-61
-67
-70
-70
-69
-75
-72
-83
-92
-86
-88
-102
-88
-51
-28
-13
26
23
14
-29
-77
-109
-110
-119
-140
-93
167
779
750
102
-180
-192
-172
-151
-134
-137
-128
-122
-106
-103
-87
-81
-50
-39
-7
26
81
136
217
260
307
337
351
296
210
120
49
-6
-46
-78
-76
-83
-78
-85
-82
-83
-90
-89
-86
-92
-87
-89
-92
-100
-108
-113
-102
-118
-112
-120
-107
-118
-121
-127
-116
-109
-57
-48
-5
-1
4
-20
-70
-112
-131
-141
-140
-172
-33
315
1006
501
-80
-253
-219
-182
-165
-164
-156
-157
-146
-138
-125
-115
-99
-83
-54
-24
25
75
144
204
255
295
330
311
242
155
76
-10
-59
-86
-99
-112
-117
-119
-114
-121
-116
-120
-113
-120
-121
-133
-123
-124
-118
-133
-135
-140
-132
-138
-135
-144
-137
-148
-134
-130
-96
-73
-54
-17
-14
-14
-36
-96
-120
-138
-139
-153
-158
30
508
978
253
-178
-248
-203
-168
-170
-160
-164
-153
-152
-138
-134
-118
-114
-76
-50
-10
25
89
144
218
266
312
315
292
209
132
46
-10
-57
-80
-94
-100
-108
-104
-109
-103
-103
-100
-102
-97
-100
-95
-99
-93
-105
-101
-109
-105
-115
-106
-109
-106
-111
-103
-103
-99
-96
-39
-28
12
30
39
7
-31
-71
-84
-96
-90
-121
-8
282
947
630
17
-186
-145
-111
-89
-94
-72
-73
-56
-55
-30
-19
7
22
57
84
133
179
254
308
377
417
459
443
398
307
227
140
112
76
60
47
53
46
49
51
63
58
67
68
78
75
85
77
81
72
75
64
71
61
66
62
69
61
72
69
100
126
144
185
200
192
155
102
83
62
57
53
33
188
552
1185
606
87
-46
-2
41
35
47
49
67
59
78
86
95
105
131
160
197
225
294
345
419
468
524
530
523
453
371
280
216
174
151
129
123
113
118
117
120
115
122
111
114
115
120
100
116
106
105
96
101
91
95
82
79
79
100
119
139
165
197
189
190
134
80
50
50
40
36
31
255
790
1073
341
-5
-68
-11
2
10
6
21
17
27
31
49
49
79
99
131
146
217
271
341
395
448
478
488
441
372
283
212
141
110
82
72
66
77
63
77
74
82
73
84
76
83
73
81
64
67
59
59
58
64
51
58
49
58
62
96
104
143
172
178
145
103
52
30
14
11
-9
33
252
833
956
230
-81
-85
-46
-20
-28
-18
-18
-10
-9
11
14
34
44
76
95
142
183
249
307
370
408
453
442
405
317
242
156
109
63
45
29
32
11
24
28
37
33
41
38
48
39
46
32
46
39
37
27
38
23
27
17
21
14
29
38
83
86
129
131
142
92
49
12
3
-12
-14
-38
115
459
1115
521
0
-135
-73
-51
-36
-48
-36
-31
-14
-16
-1
12
36
51
87
110
161
205
273
327
385
418
443
410
361
273
200
129
90
50
38
33
42
36
47
37
46
42
50
45
54
44
54
43
45
39
40
34
39
36
23
22
35
32
45
41
79
84
125
147
158
115
80
32
19
-2
8
-28
119
428
1096
593
61
-108
-61
-34
-19
-31
-13
-15
-2
-4
29
30
51
62
97
119
171
214
286
345
406
430
458
445
395
304
236
158
114
69
58
47
53
40
52
48
50
47
58
54
65
63
55
53
55
44
52
30
39
30
42
33
38
22
35
65
84
99
153
148
128
71
34
3
-1
-21
-35
1
266
864
860
184
-101
-135
-71
-51
-48
-46
-55
-44
-31
-35
-15
-11
16
22
72
95
161
203
283
336
386
401
414
354
293
205
122
61
34
2
3
-5
7
-2
3
-16
6
-1
-1
-1
7
7
12
-5
-6
-14
-4
-18
-4
-13
-2
-9
-4
10
56
69
104
100
106
68
14
-27
-29
-49
-57
-86
128
627
1081
324
-94
-187
-124
-107
-98
-108
-90
-95
-88
-76
-65
-57
-45
-22
16
43
94
149
215
268
326
357
373
331
250
149
76
7
-19
-60
-62
-73
-68
-78
-70
-74
-69
-74
-66
-71
-63
-69
-60
-65
-61
-76
-70
-71
-64
-75
-70
-73
-62
-55
-19
-7
25
58
76
44
18
-43
-57
-73
-71
-97
-67
154
716
937
211
-144
-169
-127
-91
-104
-93
-94
-76
-80
-60
-53
-26
-26
8
20
66
104
176
233
295
329
364
360
322
241
157
72
21
-24
-48
-71
-62
-68
-70
-72
-60
-74
-64
-66
-55
-62
-53
-60
-51
-58
-57
-67
-66
-72
-71
-74
-68
-76
-60
-59
-25
-10
21
53
59
54
23
-28
-53
-70
-69
-78
-75
108
579
1035
320
-106
-169
-129
-94
-94
-80
-79
-67
-61
-47
-43
-24
-9
20
42
82
121
185
238
303
344
384
382
347
272
190
104
49
-2
-15
-36
-32
-43
-35
-45
-34
-39
-28
-29
-23
-21
-17
-15
-12
-23
-25
-35
-30
-35
-27
-35
-32
-41
-33
-43
-24
-20
20
34
76
87
102
71
40
-13
-21
-33
-30
-53
69
356
1019
652
67
-129
-82
-50
-26
-31
-30
-29
-15
-13
5
17
33
45
80
126
150
189
272
325
380
418
443
422
378
284
207
128
78
39
36
20
26
14
23
12
13
24
25
25
34
28
28
25
27
23
31
16
10
7
15
12
11
7
13
15
22
49
81
94
132
111
130
95
36
12
13
5
1
3
211
727
1061
343
-28
-91
-32
-16
-9
-6
-5
10
23
22
48
62
80
91
125
158
215
268
332
380
441
464
485
433
362
276
197
133
89
59
47
22
15
19
22
22
23
21
21
10
13
4
4
-9
-7
-13
-12
-25
-23
-32
-18
-38
-35
-43
-40
-21
13
21
72
63
75
41
-13
-48
-60
-69
-79
-109
77
511
1085
382
-96
-208
-155
-138
-116
-122
-117
-108
-109
-106
-92
-80
-67
-44
-13
17
57
106
177
231
282
317
327
291
223
132
52
-23
-62
-91
-107
-126
-134
-129
-132
-121
-125
-131
-128
-133
-133
-135
-147
-158
-150
-160
-164
-178
-166
-173
-163
-167
-166
-172
-162
-147
-114
-110
-70
-55
-48
-81
-119
-165
-178
-191
-194
-223
-82
245
923
421
-141
-300
-259
-221
-215
-208
-200
-196
-188
-188
-173
-154
-129
-110
-84
-50
-3
47
115
165
234
272
300
275
218
133
55
-15
-60
-83
-93
-100
-104
-108
-96
-98
-92
-99
-88
-87
-85
-86
-76
-83
-81
-86
-90
-86
-88
-94
-84
-90
-87
-85
-79
-76
-70
-50
-17
-1
43
41
39
-1
-36
-73
-81
-95
-99
-110
69
491
1020
318
-121
-205
-154
-136
-137
-130
-123
-124
-117
-113
-97
-80
-56
-42
-16
20
59
122
187
244
301
337
355
314
245
155
82
16
-23
-56
-63
-70
-67
-72
-69
-63
-60
-56
-55
-56
-52
-52
-49
-54
-53
-61
-55
-61
-55
-59
-58
-64
-54
-57
-54
-48
-44
-16
16
32
79
72
78
38
0
-32
-36
-41
-49
-39
160
645
1009
303
-69
-121
-73
-68
-57
-44
-41
-36
-37
-22
-12
2
21
42
71
100
150
214
271
333
383
407
420
386
305
221
144
79
38
10
6
-5
-3
2
-8
3
8
3
9
0
3
-2
-4
-6
-6
-13
-14
-23
-29
-11
-14
-15
-19
-15
-14
-8
26
57
65
111
118
110
72
31
-5
-15
-18
-22
-25
170
628
1069
382
-29
-113
-60
-19
-32
-19
-13
-17
0
9
20
41
57
76
101
137
180
242
296
351
418
455
469
432
365
275
205
138
97
73
62
51
46
47
48
41
40
35
41
41
44
35
40
36
30
26
29
22
21
19
20
17
14
14
15
23
34
69
82
124
138
142
102
55
28
7
6
-3
-30
114
468
1123
566
33
-105
-63
-29
-22
-19
-9
-5
1
13
22
40
54
78
108
137
183
238
299
365
417
461
478
457
390
303
222
155
107
82
62
55
50
51
43
55
60
64
63
63
62
69
71
68
64
61
59
59
55
50
48
44
43
45
46
49
46
55
85
114
129
178
170
166
127
86
54
45
40
31
29
217
659
1126
426
21
-58
-3
8
14
24
29
35
44
51
64
79
98
119
150
181
237
286
351
410
459
495
511
480
414
325
252
190
149
124
105
95
99
96
99
97
109
105
109
107
108
108
107
110
106
107
99
94
99
96
99
97
101
110
112
107
110
128
171
183
216
237
253
222
189
145
121
115
109
85
148
387
978
966
326
44
20
70
95
93
105
111
116
123
147
153
167
183
208
225
268
303
361
434
488
530
567
572
532
451
362
314
227
184
165
147
131
125
133
142
124
129
135
137
141
129
134
127
129
123
113
115
121
116
118
111
118
110
105
121
132
170
199
229
229
222
189
135
105
92
88
85
56
221
655
1241
570
91
-28
6
51
54
60
62
62
67
85
102
116
124
146
178
205
241
305
369
439
480
530
535
509
450
360
282
215
166
141
116
118
100
113
111
118
109
109
107
112
109
108
101
109
103
97
91
99
88
97
92
88
84
108
135
157
193
222
219
217
161
118
95
79
68
53
73
303
875
1093
370
10
-40
12
32
39
33
41
40
52
64
81
92
108
125
164
202
245
295
369
425
473
497
508
458
386
295
221
157
121
94
86
71
68
65
67
60
65
60
65
54
62
59
60
52
54
47
47
43
48
35
32
36
41
36
55
88
110
133
171
171
161
116
69
32
28
19
11
30
252
819
1007
294
-48
-85
-33
-12
-14
-16
-11
-7
2
11
24
32
56
74
109
142
195
247
316
368
419
442
455
416
345
254
176
113
78
53
46
35
41
39
44
40
45
41
53
51
50
47
47
42
39
33
38
29
35
34
38
33
40
31
38
37
67
95
117
161
172
165
138
80
49
22
27
26
11
169
569
1189
543
36
-73
-25
2
7
10
7
11
11
29
39
55
65
89
110
147
187
254
307
373
422
467
483
459
381
303
212
156
106
82
57
56
56
50
45
50
37
44
46
49
45
51
44
47
34
30
29
23
21
34
20
22
14
27
30
60
81
106
141
148
146
120
64
37
11
10
0
-9
152
580
1156
496
6
-89
-51
-15
-11
3
-2
12
9
18
36
53
67
97
120
165
190
256
316
379
421
486
490
468
396
316
232
170
120
105
83
85
65
78
75
89
83
89
88
94
81
87
89
95
88
87
76
80
79
74
79
83
69
90
136
148
181
192
200
187
127
83
59
51
49
27
119
432
1117
803
166
-53
-39
6
11
25
28
34
37
53
57
81
77
101
125
169
198
255
317
383
432
481
499
489
421
353
255
189
145
121
95
98
88
94
86
101
98
105
103
111
106
113
109
117
103
120
108
110
105
111
99
118
112
129
135
180
193
236
227
239
208
148
106
96
85
91
52
197
551
1236
666
116
-45
6
30
45
39
44
42
59
60
78
79
106
114
155
176
224
270
342
403
459
487
521
488
431
338
266
188
154
121
110
96
105
105
106
103
112
103
119
113
122
116
120
113
117
109
122
114
115
102
110
105
114
106
112
114
141
167
184
215
228
232
210
152
122
99
95
86
72
199
532
1213
720
150
-6
24
62
60
66
65
76
72
87
90
107
113
140
159
196
220
277
337
404
450
496
510
493
423
346
258
197
146
121
95
95
80
87
79
86
72
81
77
84
82
89
83
88
81
86
74
79
70
71
-181
-242
-193
-199
-176
-174
-155
-144
-122
-119
-97
-95
-73
-47
-14
24
61
87
116
118
102
59
11
-33
-76
-110
-107
-131
-133
-147
-137
-148
-141
-150
-143
-150
-133
-144
-135
-141
-143
-155
-145
-158
-148
-160
-153
-161
-138
-106
-91
-94
-25
-96
-118
-139
-164
-181
-183
-180
-174
-182
-177
-188
-188
-100
88
187
194
-42
-168
-294
-204
-135
-119
-123
-106
-109
-92
-88
-69
-58
-24
-7
34
58
96
120
138
146
152
129
89
36
-1
-45
-71
-101
-121
-130
-134
-151
-136
-144
-155
-136
-137
-144
-141
-151
-141
-146
-148
-156
-156
-163
-166
-171
-168
-181
-160
-123
-110
-132
-49
-87
-144
-163
-181
-209
-205
-211
-212
-213
-201
-210
-201
-155
25
142
161
-16
-191
-351
-290
-168
-157
-156
-145
-143
-131
-126
-104
-91
-65
-47
-9
9
41
68
100
101
111
93
66
4
-35
-90
-118
-149
-160
-180
-191
-196
-193
-200
-190
-193
-185
-192
-184
-189
-197
-219
-184
-187
-199
-205
-193
-198
-207
-196
-155
-137
-158
-90
-106
-179
-192
-220
-227
-242
-233
-240
-236
-238
-232
-241
-208
-31
110
139
35
-168
-326
-319
-199
-182
-171
-160
-153
-156
-148
-139
-92
-96
-70
-45
-11
5
44
56
83
76
71
30
-10
-63
-97
-138
-161
-179
-186
-205
-199
-205
-194
-201
-192
-196
-193
-198
-196
-202
-198
-198
-195
-210
-198
-203
-202
-199
-174
-145
-153
-96
-98
-168
-173
-201
-219
-229
-229
-240
-225
-235
-232
-231
-214
-42
126
142
75
-166
-311
-313
-205
-184
-166
-162
-153
-153
-130
-121
-92
-85
-62
-47
-8
17
47
53
60
90
82
38
1
-52
-86
-126
-150
-174
-177
-193
-192
-201
-195
-211
-200
-213
-199
-215
-211
-218
-216
-220
-222
-231
-221
-230
-235
-249
-235
-206
-160
-194
-133
-116
-189
-223
-231
-286
-269
-272
-282
-272
-275
-277
-266
-259
-91
61
114
65
-228
-354
-364
-254
-217
-222
-200
-199
-191
-189
-162
-150
-122
-107
-72
-50
-19
9
28
47
61
39
25
-31
-70
-121
-157
-192
-187
-219
-211
-224
-227
-230
-225
-224
-221
-218
-218
-225
-217
-224
-218
-230
-231
-234
-228
-241
-227
-232
-209
-167
-187
-150
-107
-191
-214
-228
-269
-278
-277
-280
-277
-274
-265
-282
-273
-140
23
106
98
-184
-289
-386
-283
-225
-208
-200
-188
-184
-177
-158
-140
-121
-90
-75
-49
-20
23
36
58
57
55
29
-5
-64
-102
-138
-171
-196
-208
-223
-221
-230
-222
-246
-232
-217
-228
-233
-225
-234
-237
-246
-234
-251
-244
-255
-252
-254
-229
-195
-196
-182
-111
-187
-213
-228
-267
-270
-268
-279
-269
-267
-262
-256
-259
-173
-8
97
96
-143
-234
-383
-312
-235
-194
-204
-193
-195
-177
-168
-144
-133
-108
-93
-63
-39
-2
14
39
54
57
25
-1
-64
-93
-143
-157
-189
-199
-217
-208
-221
-217
-223
-207
-218
-209
-215
-205
-216
-205
-223
-229
-212
-204
-220
-208
-189
-164
-177
-105
-104
-185
-202
-207
-245
-239
-241
-240
-248
-252
-242
-238
-230
-56
109
156
102
-139
-269
-318
-219
-174
-167
-137
-141
-126
-116
-103
-94
-76
-71
-20
4
27
47
75
85
95
78
47
6
-38
-86
-117
-153
-168
-184
-180
-191
-188
-197
-189
-193
-183
-196
-184
-186
-184
-193
-201
-193
-190
-196
-190
-187
-141
-129
-140
-74
-113
-167
-174
-215
-216
-232
-223
-234
-218
-223
-216
-222
-197
-12
158
159
67
-187
-321
-284
-175
-165
-150
-148
-132
-132
-109
-104
-82
-70
-47
-14
13
40
73
85
103
106
88
30
-6
-28
-86
-124
-146
-167
-170
-183
-175
-178
-172
-173
-172
-178
-175
-179
-178
-177
-177
-183
-176
-183
-183
-189
-180
-180
-155
-126
-128
-103
-58
-132
-154
-180
-206
-213
-213
-222
-223
-228
-186
-201
-192
-101
67
174
171
-102
-221
-337
-229
-174
-162
-152
-138
-135
-120
-109
-93
-87
-63
-40
-4
17
52
77
102
105
118
88
58
-4
-45
-87
-116
-145
-146
-179
-175
-159
-163
-175
-166
-167
-164
-164
-166
-167
-167
-173
-168
-173
-170
-176
-168
-174
-167
-172
-165
-167
-139
-100
-109
-85
-29
-109
-131
-154
-179
-184
-181
-191
-181
-183
-176
-177
-179
-157
54
191
210
68
-134
-293
-231
-132
-112
-105
-89
-87
-67
-47
-37
-25
-1
18
51
79
112
138
169
180
187
181
157
107
61
13
-20
-55
-57
-67
-68
-77
-68
-74
-79
-72
-59
-69
-59
-59
-59
-67
-62
-71
-64
-58
-59
-70
-65
-66
-57
-64
-47
-34
24
-4
31
72
6
-20
-23
-69
-69
-77
-56
-64
-48
-56
-46
-58
10
180
321
307
138
17
-158
-109
-3
10
31
30
43
53
67
69
104
122
148
171
207
228
261
283
306
308
299
269
223
183
142
102
86
69
61
54
57
52
62
66
64
62
71
46
82
70
63
61
77
70
80
73
76
60
82
106
150
116
189
193
128
111
102
78
77
66
78
68
74
75
84
80
241
409
478
433
169
59
-5
94
144
160
151
169
199
201
220
227
248
264
300
324
363
378
405
417
439
423
409
364
319
268
232
194
173
147
146
142
138
132
133
123
129
126
129
118
116
107
112
106
104
88
83
103
94
92
107
137
146
127
206
154
115
87
66
37
36
28
37
33
38
28
25
77
250
377
380
210
42
-112
-47
39
60
67
73
80
88
93
111
126
143
143
166
221
235
265
283
283
290
261
220
173
133
75
41
-3
-13
-32
-41
-47
-53
-62
-62
-65
-65
-77
-69
-76
-80
-92
-90
-99
-98
-98
-100
-112
-105
-110
-84
-50
-71
-40
-14
-75
-111
-133
-169
-181
-177
-180
-178
-189
-186
-184
-175
-33
124
191
153
-132
-250
-299
-180
-148
-134
-132
-124
-115
-97
-89
-79
-63
-34
-17
23
44
77
97
120
134
134
101
65
29
-33
-74
-95
-120
-135
-142
-136
-147
-140
-147
-139
-145
-146
-141
-145
-148
-142
-143
-141
-147
-144
-148
-145
-145
-126
-80
-73
-68
9
-58
-89
-101
-126
-134
-141
-143
-135
-154
-145
-124
-136
-66
93
217
241
26
-91
-241
-169
-87
-70
-58
-60
-46
-33
-26
-9
3
25
45
73
97
145
161
181
192
205
182
139
96
49
3
-23
-45
-55
-68
-71
-93
-91
-70
-78
-71
-77
-79
-69
-69
-69
-70
-74
-78
-77
-83
-71
-49
-11
-38
12
36
-42
-68
-76
-110
-112
-124
-106
-113
-114
-122
-105
-105
22
193
281
263
-16
-118
-231
-145
-79
-44
-53
-53
-29
-25
-10
-1
26
36
58
98
131
151
174
187
206
201
179
134
90
42
6
-34
-47
-65
-74
-82
-74
-83
-79
-78
-82
-84
-77
-84
-88
-92
-92
-101
-112
-85
-98
-98
-70
-41
-52
-16
12
-60
-75
-97
-132
-139
-139
-137
-122
-127
-125
-130
-114
24
201
262
237
-68
-170
-232
-121
-70
-63
-55
-38
-31
-14
-3
15
31
55
75
94
148
176
190
203
218
220
190
163
114
74
30
1
-24
-27
-38
-31
-36
-37
-33
-25
-22
-33
-31
-25
-20
-24
-29
-30
-34
-33
-37
-39
-27
26
34
14
85
73
3
-28
-25
-46
-56
-52
-51
-46
-46
-43
-37
-17
152
303
336
254
-2
-138
-122
3
14
27
38
58
56
66
77
100
112
135
160
202
226
249
269
298
303
295
247
211
158
102
79
62
30
22
11
12
11
15
9
15
12
17
17
21
24
20
14
23
15
18
11
21
38
83
100
79
151
134
55
44
23
22
8
1
-4
12
8
14
11
13
194
355
382
322
67
-62
-74
45
69
85
92
97
114
129
139
160
177
192
225
254
285
308
332
354
358
349
312
274
209
176
142
113
95
96
84
88
87
89
77
80
88
101
92
95
95
88
86
88
85
83
78
100
135
146
127
212
162
114
97
69
63
53
48
53
48
55
55
59
63
253
393
431
364
131
-11
-30
72
111
113
114
134
165
154
171
178
200
219
255
288
320
345
374
380
393
385
343
301
264
218
189
156
150
130
127
126
125
122
121
120
121
122
128
128
123
123
118
117
114
111
104
144
190
153
215
228
148
117
109
69
81
73
67
59
64
65
66
66
164
336
444
437
185
57
-54
27
111
120
128
134
144
150
167
183
207
220
243
270
302
330
348
365
410
387
362
321
272
227
188
162
141
124
110
104
109
95
94
95
96
97
104
98
101
95
92
89
77
82
82
68
77
83
129
146
125
197
176
107
100
75
52
31
64
51
59
57
67
58
62
205
369
440
408
107
-12
-71
45
93
97
107
114
121
133
139
149
167
190
215
240
270
294
314
343
348
349
316
268
213
169
127
86
60
77
57
50
48
47
44
41
42
41
42
34
35
32
23
18
17
10
5
10
6
8
12
46
73
41
119
99
32
11
-8
-33
-34
-43
-46
-39
-41
-39
-46
-39
53
236
351
334
51
-60
-162
-60
1
12
26
36
44
49
53
78
90
107
137
164
197
222
246
266
282
276
249
218
166
113
70
48
25
6
-9
-10
-15
-17
-18
-17
-29
-27
-9
-21
-8
-11
-16
-13
-20
-27
-38
-41
-42
-33
-17
28
31
11
85
49
-4
-25
-46
-57
-64
-69
-68
-58
-64
-54
-59
-46
115
265
316
273
12
-113
-170
-62
-24
-27
8
13
11
21
37
55
67
86
100
129
152
185
203
225
238
230
196
153
105
59
14
-16
-25
-43
-54
-55
-66
-70
-73
-73
-74
-64
-60
-50
-52
-59
-66
-62
-67
-82
-60
-49
-43
-8
-28
22
54
-26
-44
-56
-97
-87
-106
-103
-103
-98
-104
-107
-100
-2
177
282
262
20
-92
-222
-146
-70
-70
-65
-54
-41
-35
-17
-8
16
27
56
79
100
127
178
182
200
191
170
130
81
28
-1
-32
-55
-64
-67
-70
-78
-81
-81
-82
-93
-91
-86
-88
-85
-94
-90
-86
-94
-88
-104
-111
-106
-84
-48
-39
-40
26
-26
-69
-90
-135
-126
-128
-136
-145
-133
-136
-129
-131
-93
84
219
231
84
-127
-269
-214
-106
-97
-93
-76
-72
-60
-47
-34
-8
2
28
50
83
108
134
159
181
182
169
130
86
37
-8
-57
-84
-72
-96
-105
-106
-105
-111
-106
-108
-108
-108
-100
-109
-112
-106
-114
-115
-122
-114
-117
-119
-123
-91
-48
-66
-28
15
-56
-93
-109
-140
-141
-147
-149
-144
-138
-140
-143
-137
-60
95
241
239
-3
-144
-271
-184
-95
-86
-77
-63
-54
-44
-33
-22
-3
17
44
73
92
124
152
169
187
192
174
131
92
47
2
-37
-55
-60
-69
-84
-83
-93
-85
-95
-100
-100
-102
-73
-90
-97
-93
-103
-93
-94
-99
-99
-98
-76
-41
-27
-37
36
-15
-60
-90
-120
-126
-127
-129
-141
-138
-129
-124
-132
-108
65
200
218
103
-95
-238
-219
-115
-102
-84
-78
-99
-69
-54
-46
-32
-14
15
36
65
91
113
135
147
162
148
110
65
14
-24
-54
-89
-102
-117
-121
-122
-127
-127
-130
-129
-138
-136
-132
-129
-131
-132
-137
-145
-151
-153
-149
-118
-98
-105
-49
-54
-126
-141
-159
-186
-193
-199
-201
-199
-194
-188
-192
-198
-66
102
193
161
-111
-210
-316
-229
-163
-149
-147
-135
-125
-124
-109
-99
-84
-69
-42
-22
7
33
65
77
74
95
55
8
-35
-77
-120
-150
-172
-190
-199
-209
-208
-209
-221
-220
-213
-219
-216
-226
-227
-221
-228
-234
-234
-235
-239
-214
-180
-189
-165
-109
-193
-221
-236
-282
-283
-292
-288
-298
-311
-294
-299
-303
-240
-62
67
70
-130
-297
-424
-346
-256
-252
-238
-230
-218
-221
-203
-183
-170
-144
-125
-101
-64
-37
-10
16
29
36
7
-29
-79
-118
-159
-199
-213
-223
-245
-249
-261
-257
-235
-251
-239
-235
-241
-240
-241
-245
-248
-249
-240
-250
-254
-257
-246
-217
-181
-200
-152
-121
-208
-224
-247
-277
-283
-284
-284
-289
-289
-271
-276
-271
-175
0
116
110
-152
-278
-409
-312
-217
-209
-202
-196
-184
-169
-157
-147
-129
-100
-77
-55
-35
-2
21
44
58
64
42
-3
-36
-84
-124
-156
-181
-192
-212
-211
-213
-208
-208
-215
-212
-207
-212
-204
-213
-210
-220
-225
-201
-209
-220
-224
-215
-195
-160
-174
-135
-95
-179
-195
-214
-247
-248
-258
-261
-260
-253
-258
-261
-254
-194
-23
93
108
-91
-220
-381
-311
-216
-197
-202
-183
-170
-164
-148
-133
-123
-115
-83
-51
-36
6
24
44
52
55
38
7
-43
-90
-136
-170
-188
-197
-215
-215
-217
-216
-219
-224
-215
-219
-211
-210
-221
-224
-222
-229
-223
-227
-229
-224
-185
-165
-199
-114
-141
-210
-220
-225
-261
-268
-278
-280
-280
-268
-264
-274
-265
-100
69
125
96
-171
-293
-360
-264
-220
-212
-200
-190
-176
-175
-156
-140
-119
-99
-70
-36
0
29
52
63
77
69
44
7
-51
-110
-116
-150
-179
-178
-193
-196
-186
-184
-180
-178
-178
-174
-176
-177
-175
-172
-170
-178
-171
-156
-122
-111
-135
-55
-70
-137
-154
-160
-194
-201
-211
-212
-206
-209
-201
-200
-189
-26
146
185
163
-114
-248
-283
-166
-133
-122
-115
-106
-97
-78
-65
-50
-29
-8
16
42
80
111
139
153
156
149
121
80
32
-10
-40
-62
-86
-89
-93
-93
-98
-92
-94
-88
-90
-88
-103
-109
-84
-100
-93
-96
-93
-91
-90
-52
-23
-44
14
42
-37
-46
-61
-94
-99
-96
-97
-92
-99
-93
-96
-93
42
202
302
282
-9
-124
-203
-86
-33
-20
-17
-6
4
14
27
28
67
94
105
145
165
197
216
240
254
243
224
182
128
93
59
29
18
6
-4
-6
-15
-11
-21
-7
-13
-12
-4
-6
-12
-2
-7
-3
-2
-8
-4
-8
15
63
73
54
126
96
38
15
-20
-18
-35
-27
-29
-22
-20
-12
-14
-9
161
314
360
306
43
-98
-102
14
44
49
53
70
74
88
105
115
132
158
182
209
240
268
287
306
311
311
259
221
196
140
104
73
59
55
43
48
37
47
33
37
39
46
44
42
43
48
49
41
35
33
35
51
97
100
97
169
108
62
37
12
11
6
-7
-10
1
4
5
9
18
200
365
377
269
72
-91
-55
39
58
57
65
84
104
100
115
132
138
166
199
217
244
267
300
318
323
297
277
222
179
127
102
86
81
68
55
54
63
57
67
56
46
50
69
51
59
59
58
57
58
53
67
83
117
102
147
165
98
76
67
19
19
15
15
13
17
30
28
21
113
287
417
397
165
50
-80
-10
81
80
91
94
102
96
136
138
159
178
204
224
262
289
315
341
341
353
329
286
235
180
150
120
105
83
80
72
78
75
80
81
80
75
82
80
91
83
83
81
80
75
72
67
95
130
126
145
196
133
93
76
40
37
27
15
21
21
28
22
29
61
240
389
407
291
70
-82
-34
72
74
81
99
95
109
111
126
132
152
168
199
221
254
280
301
316
316
287
288
225
181
134
100
68
48
37
30
24
27
23
25
14
27
16
29
21
18
9
14
10
6
15
11
-1
13
49
71
46
139
97
50
25
5
-15
-25
-25
-28
-50
-46
-25
-32
-29
117
267
347
312
22
-94
-156
-46
7
4
24
29
42
46
60
69
93
115
132
159
191
209
244
246
263
256
236
190
137
90
55
20
5
-16
-22
-28
-47
-22
-22
-47
-39
-34
-37
-41
-40
-49
-39
-60
-58
-64
-67
-60
-2
4
-19
66
36
-28
-47
-86
-91
-101
-102
-108
-105
-108
-105
-109
-101
58
220
259
217
-28
-156
-210
-107
-87
-32
-48
-31
-28
-23
-25
1
13
52
72
91
119
153
161
190
197
192
150
108
61
19
-19
-41
-68
-70
-83
-83
-100
-87
-80
-78
-82
-81
-83
-83
-95
-85
-93
-87
-105
-108
-75
-33
-40
-48
20
-10
-62
-76
-116
-122
-124
-127
-135
-129
-131
-132
-132
-126
41
208
252
207
-53
-190
-234
-127
-91
-90
-81
-66
-54
-42
-42
-17
-13
23
44
75
97
129
146
185
174
164
133
102
39
-2
-30
-57
-87
-90
-104
-105
-114
-103
-103
-102
-103
-92
-99
-99
-106
-97
-104
-99
-109
-106
-102
-58
-42
-67
26
-2
-71
-81
-106
-123
-139
-146
-158
-140
-128
-134
-145
-125
39
204
252
207
-104
-209
-242
-116
-89
-79
-79
-65
-46
-38
-28
-10
2
27
51
95
119
143
169
186
195
189
157
111
69
25
-13
-42
-58
-67
-85
-92
-66
-75
-75
-71
-76
-65
-79
-71
-87
-69
-77
-68
-78
-78
-85
-83
-69
-18
-17
-15
49
-5
-48
-66
-90
-97
-107
-103
-104
-104
-112
-105
-107
-87
78
231
262
204
-79
-220
-189
-67
-61
-54
-41
-26
-21
2
10
19
36
63
92
115
140
175
198
215
222
223
180
139
94
51
12
-7
-30
-54
-58
-53
-49
-46
-56
-52
-60
-53
-59
-59
-68
-80
-64
-46
-72
-60
-67
-65
-55
-6
-11
-5
59
6
-34
-57
-93
-87
-101
-94
-99
-88
-94
-95
-101
-73
97
243
274
180
-34
-170
-175
-60
-40
-30
-37
-6
-11
7
15
20
36
89
88
124
143
172
196
216
213
204
164
124
88
49
3
-27
-36
-51
-69
-55
-63
-60
-58
-58
-58
-50
-54
-45
-49
-45
-58
-48
-46
-50
-53
-7
14
1
66
79
-29
-8
-43
-65
-77
-66
-88
-75
-75
-74
-77
-68
63
240
301
286
33
-63
-169
-87
-33
-15
-7
-1
4
25
34
48
58
95
110
143
172
208
224
251
250
249
224
178
119
102
54
25
-12
-14
-21
-31
-26
-21
-25
-18
-24
-22
-23
-16
-22
-7
-21
-15
-22
-2
35
55
18
98
71
21
-9
-22
-36
-51
-57
-53
-51
-47
-47
-30
-39
139
286
341
286
4
-129
-137
-50
-6
0
9
18
26
43
60
59
78
92
115
137
181
199
227
241
254
229
197
151
102
44
13
-10
-12
-39
-39
-57
-44
-47
-53
-60
-59
-74
-37
-58
-57
-58
-53
-59
-53
-67
-46
-15
11
-12
64
21
-25
-45
-60
-86
-91
-100
-99
-99
-98
-95
-91
-89
83
235
282
238
-55
-174
-182
-73
-40
-37
-32
-39
-14
-19
19
29
40
55
84
109
145
168
208
221
233
222
201
142
105
53
10
-16
-32
-48
-51
-54
-53
-66
-70
-58
-59
-61
-66
-59
-58
-70
-70
-76
-66
-82
-88
-76
-37
-34
-33
29
31
-53
-69
-94
-109
-119
-118
-122
-124
-123
-111
-127
-114
-19
156
258
248
-24
-144
-257
-154
-87
-75
-64
-51
-44
-30
-19
-6
5
29
39
66
109
128
140
171
166
178
165
117
53
15
-24
-56
-81
-98
-108
-121
-124
-115
-125
-126
-123
-121
-136
-115
-118
-116
-132
-127
-138
-128
-149
-131
-119
-80
-94
-72
-20
-85
-125
-125
-178
-169
-186
-187
-204
-190
-180
-188
-195
-155
17
160
171
53
-131
-284
-282
-172
-160
-155
-161
-149
-138
-123
-117
-97
-83
-66
-45
-14
9
36
48
73
71
50
17
-24
-75
-111
-157
-182
-204
-204
-237
-232
-209
-228
-240
-232
-225
-236
-227
-222
-227
-219
-231
-230
-238
-220
-198
-170
-191
-135
-120
-197
-217
-235
-266
-264
-273
-269
-288
-283
-278
-271
-270
-177
-6
102
82
-148
-255
-389
-330
-247
-217
-211
-209
-200
-199
-175
-166
-144
-140
-105
-89
-50
-37
-12
13
28
23
4
-48
-79
-126
-172
-197
-214
-239
-242
-250
-241
-246
-229
-235
-240
-234
-226
-238
-232
-239
-234
-250
-260
-235
-220
-189
-184
-174
-103
-180
-212
-227
-257
-264
-272
-280
-291
-287
-277
-283
-283
-247
-52
79
90
-30
-244
-386
-341
-231
-223
-222
-207
-199
-182
-180
-163
-149
-126
-110
-91
-78
-17
9
30
38
34
20
-16
-65
-103
-153
-174
-207
-213
-225
-234
-233
-222
-229
-217
-223
-215
-226
-220
-228
-222
-231
-225
-230
-225
-239
-227
-194
-155
-191
-121
-129
-197
-220
-243
-283
-280
-276
-285
-291
-288
-287
-279
-293
-162
-11
95
75
-194
-313
-408
-301
-240
-242
-223
-219
-203
-195
-177
-173
-149
-142
-104
-89
-56
-35
-2
3
30
25
10
-42
-82
-118
-161
-198
-229
-225
-241
-246
-249
-252
-254
-256
-246
-255
-248
-243
-232
-243
-241
-243
-235
-248
-247
-242
-191
-181
-207
-134
-140
-213
-229
-250
-271
-283
-279
-294
-277
-293
-284
-284
-281
-201
-24
84
82
-132
-252
-410
-317
-240
-225
-230
-217
-201
-185
-176
-154
-142
-121
-104
-69
-54
-16
2
30
37
52
30
0
-54
-103
-149
-166
-196
-205
-231
-227
-218
-216
-214
-204
-216
-211
-219
-220
-238
-199
-216
-208
-213
-217
-218
-202
-166
-152
-169
-90
-154
-189
-211
-236
-249
-247
-261
-254
-268
-249
-254
-241
-233
-62
84
140
73
-153
-288
-318
-228
-184
-183
-165
-167
-155
-147
-141
-139
-88
-89
-54
-37
-1
19
45
55
64
47
21
-28
-64
-109
-136
-167
-176
-201
-210
-214
-202
-212
-221
-220
-210
-216
-205
-221
-214
-224
-225
-224
-224
-219
-203
-167
-165
-173
-105
-169
-182
-210
-247
-265
-266
-267
-261
-261
-251
-263
-265
-256
-68
69
103
27
-226
-360
-361
-258
-217
-216
-203
-205
-184
-175
-155
-150
-131
-130
-104
-71
-26
-15
14
26
44
18
-14
-71
-106
-131
-170
-200
-220
-234
-243
-249
-238
-252
-242
-250
-241
-251
-246
-260
-251
-256
-247
-257
-247
-254
-251
-231
-185
-200
-187
-136
-191
-234
-253
-298
-289
-305
-303
-307
-306
-320
-295
-301
-283
-125
44
66
2
-279
-401
-392
-270
-257
-244
-241
-231
-231
-210
-200
-180
-172
-140
-122
-90
-62
-33
-10
20
14
10
-24
-64
-113
-150
-198
-223
-260
-264
-270
-278
-283
-283
-296
-288
-297
-302
-307
-272
-281
-285
-293
-286
-294
-291
-302
-285
-269
-222
-242
-220
-165
-237
-283
-293
-332
-329
-338
-339
-340
-337
-335
-328
-335
-312
-142
10
42
-37
-292
-431
-419
-306
-292
-272
-273
-265
-265
-249
-246
-229
-194
-178
-157
-118
-85
-57
-44
-26
-24
-30
-73
-112
-161
-188
-234
-257
-274
-286
-285
-284
-295
-277
-295
-289
-288
-279
-283
-287
-292
-281
-293
-276
-283
-275
-286
-258
-232
-210
-240
-143
-196
-255
-260
-283
-304
-307
-322
-311
-327
-309
-306
-297
-307
-169
-11
95
73
-204
-307
-400
-318
-254
-249
-226
-235
-217
-212
-204
-185
-165
-147
-122
-104
-68
-39
-15
-15
10
0
-22
-79
-112
-168
-206
-231
-232
-258
-256
-271
-264
-269
-264
-272
-250
-267
-262
-266
-266
-276
-260
-270
-282
-285
-285
-278
-245
-216
-232
-196
-157
-249
-249
-277
-298
-312
-318
-337
-332
-339
-333
-328
-332
-272
-85
34
36
-171
-290
-449
-376
-294
-278
-275
-258
-256
-246
-237
-219
-207
-184
-166
-130
-109
-80
-60
-37
-21
-14
-36
-77
-129
-169
-215
-243
-267
-278
-293
-300
-312
-303
-302
-305
-313
-298
-308
-293
-308
-297
-313
-324
-308
-326
-320
-322
-327
-331
-322
-281
-273
-284
-215
-256
-306
-324
-361
-370
-373
-372
-377
-373
-376
-368
-380
-358
-201
-34
17
-22
-320
-428
-467
-346
-310
-298
-302
-286
-286
-266
-262
-243
-238
-218
-174
-157
-129
-88
-79
-57
-61
-60
-97
-129
-175
-214
-266
-293
-310
-309
-331
-320
-333
-332
-323
-316
-315
-313
-326
-317
-332
-317
-319
-317
-318
-314
-318
-316
-318
-318
-315
-250
-244
-271
-202
-214
-268
-280
-318
-328
-332
-328
-332
-332
-339
-324
-332
-317
-199
-32
56
38
-233
-323
-448
-349
-285
-277
-278
-251
-253
-238
-233
-211
-201
-187
-166
-132
-109
-88
-62
-39
-29
-13
-51
-84
-140
-181
-205
-224
-270
-268
-288
-282
-294
-283
-285
-281
-283
-276
-281
-272
-281
-275
-288
-280
-291
-289
-294
-286
-288
-236
-219
-238
-180
-164
-250
-248
-281
-317
-317
-307
-317
-312
-312
-308
-318
-304
-223
-53
79
65
-170
-271
-420
-344
-272
-252
-259
-243
-237
-213
-218
-194
-189
-166
-140
-111
-87
-58
-34
-8
-10
6
-22
-51
-96
-139
-184
-218
-251
-249
-266
-261
-269
-262
-269
-263
-254
-267
-269
-275
-254
-255
-265
-254
-257
-250
-263
-257
-258
-238
-195
-172
-207
-128
-154
-218
-245
-250
-280
-273
-280
-272
-281
-270
-267
-265
-271
-100
47
110
76
-217
-337
-371
-272
-203
-213
-195
-194
-184
-186
-165
-128
-121
-95
-69
-51
-8
13
36
53
72
55
45
5
-43
-94
-116
-153
-163
-183
-191
-192
-189
-188
-188
-188
-181
-180
-179
-197
-189
-197
-191
-192
-184
-196
-184
-196
-185
-194
-178
-157
-115
-129
-65
-136
-172
-193
-207
-228
-222
-232
-226
-232
-221
-233
-222
-203
-12
124
158
55
-181
-337
-295
-185
-157
-153
-144
-133
-124
-114
-103
-88
-62
-40
-10
10
47
72
100
111
106
103
104
47
3
-52
-81
-116
-129
-145
-144
-157
-159
-163
-155
-153
-155
-152
-156
-159
-150
-155
-150
-157
-167
-163
-156
-164
-167
-144
-94
-87
-109
-24
-65
-111
-140
-155
-168
-177
-174
-192
-194
-158
-169
-172
-159
-2
156
201
167
-116
-232
-278
-177
-121
-108
-110
-91
-89
-80
-66
-46
-43
-15
3
41
57
94
105
134
139
130
99
68
15
-17
-61
-87
-109
-114
-143
-139
-156
-126
-140
-132
-133
-141
-128
-118
-131
-126
-127
-129
-134
-136
-145
-144
-136
-93
-73
-90
-29
-18
-106
-132
-142
-148
-169
-170
-179
-184
-183
-175
-177
-166
-47
137
213
195
-62
-147
-276
-204
-117
-112
-104
-96
-88
-68
-66
-59
-45
-24
-5
43
60
94
109
129
141
147
132
83
31
-11
-43
-73
-103
-112
-126
-121
-129
-118
-130
-117
-127
-115
-120
-116
-125
-125
-130
-129
-140
-120
-137
-134
-124
-89
-70
-87
-27
-20
-102
-113
-143
-152
-166
-169
-181
-170
-176
-167
-164
-158
-35
139
221
208
-79
-179
-288
-187
-137
-123
-122
-110
-109
-87
-77
-61
-49
-23
-14
11
56
76
90
113
121
136
103
71
21
-23
-68
-96
-116
-131
-150
-146
-148
-144
-144
-146
-139
-138
-137
-136
-151
-140
-155
-145
-151
-156
-147
-147
-149
-134
-104
-68
-104
-32
-37
-110
-137
-125
-180
-174
-184
-173
-175
-167
-166
-165
-165
-42
118
217
204
-91
-194
-287
-194
-133
-117
-102
-107
-79
-73
-62
-47
-25
-12
16
35
74
91
116
137
162
150
139
88
44
-16
-41
-59
-85
-91
-102
-111
-111
-102
-93
-105
-93
-100
-100
-104
-102
-102
-94
-106
-107
-115
-103
-118
-109
-112
-98
-73
-35
-66
4
-3
-68
-81
-89
-128
-129
-133
-134
-134
-123
-141
-137
-115
-7
159
255
235
-26
-135
-248
-152
-86
-73
-64
-59
-40
-37
-24
-13
9
19
42
67
96
132
152
169
184
187
176
124
76
22
-4
-44
-58
-72
-94
-88
-86
-98
-115
-96
-79
-105
-98
-95
-109
-111
-105
-103
-111
-109
-119
-129
-111
-71
-56
-92
2
-36
-90
-111
-154
-160
-158
-172
-165
-161
-167
-164
-164
-170
8
160
223
173
-79
-197
-256
-159
-117
-124
-87
-87
-79
-71
-59
-44
-29
-13
19
35
74
101
116
129
148
140
115
72
32
-27
-64
-91
-87
-117
-125
-137
-122
-132
-135
-136
-131
-138
-137
-147
-136
-129
-143
-153
-148
-166
-155
-133
-103
-84
-111
-38
-51
-117
-136
-173
-179
-187
-187
-187
-199
-193
-191
-197
-188
-42
130
193
165
-133
-235
-305
-189
-144
-128
-141
-114
-108
-104
-98
-87
-65
-37
-23
2
17
50
88
102
112
108
82
40
-5
-56
-99
-131
-152
-161
-180
-174
-181
-175
-183
-182
-181
-177
-182
-183
-178
-183
-184
-190
-191
-192
-201
-190
-172
-118
-137
-133
-70
-127
-162
-181
-216
-231
-215
-232
-233
-219
-223
-221
-215
-180
-5
142
150
15
-199
-336
-282
-174
-171
-153
-151
-146
-135
-127
-121
-95
-87
-63
-37
-10
12
38
61
74
78
64
26
-6
-61
-100
-139
-167
-161
-176
-192
-187
-191
-192
-190
-186
-186
-176
-179
-182
-182
-180
-176
-179
-179
-182
-187
-183
-176
-119
-114
-126
-55
-101
-155
-167
-201
-208
-213
-208
-208
-210
-211
-197
-208
-181
-5
123
174
109
-158
-305
-289
-169
-154
-145
-126
-125
-119
-107
-85
-74
-65
-29
-13
23
48
79
104
124
122
118
82
49
2
-46
-90
-107
-133
-140
-154
-152
-153
-151
-154
-156
-153
-158
-157
-139
-149
-139
-149
-136
-155
-155
-160
-143
-139
-82
-79
-85
-17
-73
-118
-131
-163
-170
-182
-168
-172
-175
-177
-163
-173
-141
20
155
178
65
-115
-277
-259
-154
-134
-124
-105
-108
-113
-64
-49
-55
-36
-9
17
46
77
111
118
137
140
137
110
59
21
-18
-64
-89
-111
-121
-135
-141
-139
-130
-141
-140
-142
-142
-144
-133
-136
-140
-139
-143
-156
-153
-143
-103
-88
-111
-22
-35
-116
-130
-149
-180
-179
-189
-193
-192
-187
-189
-179
-181
-42
136
201
176
-98
-196
-297
-212
-139
-121
-122
-106
-96
-83
-73
-56
-46
-24
6
36
59
86
106
141
136
126
110
57
12
-33
-69
-98
-120
-128
-147
-145
-147
-151
-151
-152
-151
-145
-152
-145
-144
-146
-150
-146
-153
-159
-166
-146
-110
-87
-118
-48
-85
-128
-155
-177
-197
-195
-200
-202
-208
-208
-219
-197
-190
-4
142
175
108
-174
-299
-285
-185
-155
-138
-135
-128
-118
-113
-95
-76
-53
-33
-6
30
55
86
91
116
120
117
87
37
-2
-50
-88
-117
-127
-147
-158
-166
-163
-174
-168
-146
-162
-165
-159
-168
-170
-174
-165
-171
-172
-174
-187
-184
-173
-129
-123
-132
-61
-116
-158
-183
-209
-225
-229
-235
-236
-231
-224
-229
-222
-197
-25
117
146
72
-192
-339
-308
-202
-194
-186
-154
-154
-154
-133
-125
-112
-93
-73
-42
-22
11
43
53
76
76
67
40
-14
-54
-97
-132
-159
-185
-194
-203
-205
-207
-208
-203
-207
-215
-204
-201
-199
-195
-203
-201
-202
-201
-213
-216
-193
-193
-153
-135
-157
-63
-103
-160
-182
-205
-219
-230
-227
-218
-224
-223
-213
-215
-208
-46
106
147
91
-151
-276
-326
-218
-176
-175
-173
-151
-147
-145
-121
-118
-83
-67
-42
-20
5
22
67
91
92
67
51
4
-53
-85
-126
-147
-161
-197
-202
-196
-199
-196
-201
-196
-199
-197
-186
-193
-198
-190
-185
-191
-190
-188
-188
-183
-133
-131
-132
-61
-121
-166
-176
-211
-204
-227
-241
-235
-205
-230
-217
-215
-185
-4
149
150
77
-137
-284
-289
-190
-168
-156
-155
-139
-130
-112
-105
-77
-79
-61
-25
-5
25
60
77
94
86
86
61
20
-31
-74
-98
-122
-144
-147
-157
-180
-158
-151
-167
-153
-157
-153
-154
-161
-164
-156
-154
-157
-172
-171
-162
-134
-101
-132
-53
-76
-148
-163
-185
-209
-211
-215
-220
-217
-211
-212
-206
-197
-48
113
175
150
-144
-247
-321
-203
-169
-166
-133
-133
-124
-122
-101
-84
-70
-51
-30
-5
19
53
80
98
115
105
71
29
-21
-68
-100
-138
-149
-168
-175
-178
-186
-187
-181
-182
-186
-176
-180
-181
-178
-176
-175
-180
-177
-185
-186
-197
-153
-139
-107
-130
-94
-63
-136
-153
-173
-203
-211
-210
-220
-220
-215
-219
-214
-213
-130
42
157
164
-64
-201
-330
-253
-167
-151
-149
-146
-135
-114
-111
-84
-63
-59
-31
-15
21
53
57
79
116
109
90
60
19
-39
-71
-106
-132
-140
-144
-158
-164
-165
-160
-152
-164
-158
-150
-153
-150
-147
-143
-144
-143
-148
-143
-149
-155
-136
-124
-75
-83
-44
-6
-72
-101
-111
-145
-136
-144
-164
-130
-136
-141
-131
-129
-95
82
216
237
112
-64
-223
-190
-89
-70
-54
-49
-42
-39
-25
-12
2
19
50
71
104
128
154
167
180
189
182
155
113
68
24
-13
-29
-60
-65
-74
-86
-59
-71
-69
-73
-74
-64
-69
-74
-67
-75
-76
-77
-76
-78
-83
-76
-49
-10
-27
-11
47
-36
-51
-64
-104
-118
-115
-125
-126
-123
-126
-122
-122
-88
96
237
234
97
-49
-215
-196
-109
-69
-70
-65
-54
-45
-38
-22
-15
7
24
50
61
97
120
138
155
157
134
103
66
16
-33
-56
-79
-111
-112
-122
-137
-138
-137
-136
-132
-138
-137
-139
-144
-151
-146
-148
-156
-168
-154
-156
-159
-134
-100
-121
-77
-53
-123
-151
-159
-196
-202
-201
-207
-206
-210
-221
-209
-213
-125
48
