71
261
224
198
135
93
46
47
21
20
16
25
5
17
10
27
11
24
11
16
18
10
5
13
7
13
-1
15
3
20
22
25
19
55
100
97
77
75
46
30
31
26
10
25
24
21
26
457
1357
1563
639
169
78
63
46
63
48
64
62
71
65
77
68
74
90
104
126
175
203
259
276
297
290
268
204
172
111
77
49
39
26
29
18
37
33
28
25
34
21
27
13
16
-1
14
2
16
-1
11
5
18
-3
11
15
17
14
54
87
84
61
61
25
18
14
11
-4
12
2
5
10
415
1305
1551
623
147
45
38
18
25
23
30
22
39
29
37
36
48
48
75
94
127
168
213
235
264
253
227
178
130
72
45
13
3
-16
-5
-16
-10
-18
-6
-15
-5
-10
-2
-20
-5
-12
-7
-21
-7
-20
-8
-12
-14
-23
-10
-15
-8
0
40
59
66
52
35
-6
-5
-15
-23
-25
-16
-36
-40
60
542
1407
1400
397
87
21
20
2
8
-10
14
8
25
12
26
26
32
44
66
88
127
166
203
232
254
244
221
159
107
60
37
4
-9
-13
-23
-21
-15
-20
-20
-28
-3
-13
-3
4
6
-1
2
-13
13
-2
13
-3
17
7
11
10
34
80
93
76
82
56
31
28
30
8
32
33
40
-11
243
906
1607
1159
303
111
98
82
71
74
91
76
90
81
94
84
103
107
116
138
176
217
261
292
319
323
302
270
228
174
130
99
87
72
62
69
76
64
54
67
70
65
70
57
63
56
53
57
62
55
55
55
45
52
46
40
59
83
132
98
103
98
77
50
57
49
44
54
53
32
90
530
1462
1532
556
161
99
80
70
74
68
76
88
78
78
67
79
57
88
101
133
153
201
228
277
274
272
228
188
131
86
49
30
9
3
-8
-3
-12
-6
-20
-12
-16
-15
-23
-17
-23
-29
-46
-26
-43
-27
-41
-37
-45
-39
-55
-42
-44
6
29
18
-5
-5
-42
-52
-52
-65
-66
-67
-73
-99
27
554
1435
1330
330
30
-34
-45
-55
-49
-47
-38
-44
-31
-37
-31
-32
-21
-11
3
37
76
114
155
179
200
181
154
84
49
1
-29
-56
-60
-76
-74
-74
-74
-74
-69
-78
-66
-73
-70
-77
-79
-79
-85
-94
-76
-85
-81
-79
-80
-85
-85
-91
-86
-57
-14
-8
-16
-18
-39
-86
-76
-86
-97
-90
-85
-84
-137
139
844
1488
1005
155
-22
-55
-60
-64
-59
-51
-59
-50
-45
-48
-41
-43
-35
-23
3
36
83
120
155
168
189
162
127
67
21
-26
-50
-77
-81
-88
-91
-89
-89
-87
-84
-85
-70
-81
-72
-83
-87
-86
-79
-80
-88
-80
-67
-81
-67
-78
-68
-58
-14
17
8
-7
-17
-54
-55
-63
-73
-66
-68
-66
-89
22
485
1361
1382
393
54
-4
-4
-21
-13
-18
-6
-12
7
1
8
17
23
25
52
80
107
161
200
229
245
230
211
163
113
64
39
14
7
1
14
4
7
15
9
11
18
27
19
27
28
41
37
22
32
34
40
50
48
49
59
77
131
130
129
126
108
75
85
81
61
78
67
80
28
226
868
1653
1321
391
172
136
122
101
126
119
129
137
147
135
143
143
166
170
188
226
270
292
333
360
372
348
306
249
210
172
141
116
107
100
101
98
107
106
105
108
100
103
98
92
90
93
88
81
83
86
89
89
73
87
83
90
127
166
149
138
126
105
85
92
80
77
79
74
55
110
543
1457
1569
610
193
116
95
94
92
87
91
105
91
99
104
102
105
121
136
158
177
236
271
294
316
310
276
226
175
133
87
68
57
56
48
41
39
48
53
45
58
49
43
44
44
44
41
34
33
38
41
44
46
40
50
43
41
45
73
113
120
116
110
95
55
50
46
39
42
45
45
9
202
763
1573
1346
372
122
75
65
60
57
63
72
68
66
76
76
79
86
96
114
148
188
228
265
288
305
289
246
197
144
98
64
35
21
17
16
13
16
22
20
20
21
20
23
12
6
0
10
9
5
7
5
7
3
-1
3
24
68
93
84
74
55
17
3
4
2
-15
3
-3
-13
75
527
1403
1443
466
108
41
19
14
13
15
28
22
35
21
36
20
30
39
66
85
122
162
181
223
233
220
198
135
104
49
15
-17
-23
-34
-30
-30
-31
-32
-30
-35
-31
-25
-20
-31
-18
-21
-21
-26
-25
-26
-25
-13
-20
-22
-17
4
56
61
48
46
39
-4
3
1
-8
-9
-1
-6
-59
156
774
1550
1214
298
87
38
29
26
31
29
29
35
32
38
45
48
48
56
90
109
144
194
227
247
255
241
203
154
105
47
35
10
7
-6
1
-11
-9
-17
-4
-9
-7
-7
-4
-11
-9
-14
-10
-12
-15
-6
-10
-10
-1
-3
0
11
68
79
68
43
38
0
2
1
-10
-17
5
-14
-61
192
885
1587
1153
260
64
18
3
4
5
8
8
6
11
-4
7
9
15
28
46
72
112
147
187
208
220
188
155
104
52
2
-23
-48
-54
-64
-58
-76
-65
-71
-74
-76
-72
-75
-67
-77
-82
-83
-77
-86
-86
-87
-80
-86
-83
-92
-83
-93
-83
-59
-5
-25
-25
-43
-64
-81
-79
-92
-102
-96
-107
-95
-128
210
1059
1487
726
79
-39
-70
-72
-78
-78
-68
-62
-66
-55
-54
-58
-51
-49
-36
-6
21
64
103
133
159
162
131
93
34
-10
-53
-77
-100
-101
-116
-114
-118
-112
-117
-110
-119
-99
-111
-111
-117
-112
-115
-117
-117
-117
-134
-119
-133
-131
-136
-140
-138
-102
-79
-58
-66
-67
-88
-120
-128
-126
-149
-128
-141
-129
-171
-21
487
1353
1215
233
-52
-101
-118
-116
-119
-107
-126
-109
-114
-110
-101
-100
-103
-80
-74
-47
-1
44
74
110
116
105
64
19
-37
-83
-105
-128
-150
-148
-160
-150
-166
-150
-163
-151
-169
-160
-160
-157
-164
-156
-165
-171
-166
-153
-166
-152
-165
-156
-158
-151
-115
-75
-82
-82
-87
-122
-139
-124
-135
-134
-149
-118
-143
-86
346
1255
1339
394
-14
-69
-102
-96
-118
-95
-113
-97
-109
-95
-91
-82
-85
-69
-62
-32
7
54
80
114
114
116
91
43
-19
-55
-94
-116
-135
-137
-151
-137
-155
-130
-137
-131
-141
-135
-148
-144
-147
-152
-157
-151
-165
-155
-165
-154
-164
-148
-148
-142
-138
-69
-92
-93
-106
-120
-167
-157
-154
-165
-165
-171
-174
-210
122
966
1428
680
12
-112
-149
-153
-171
-153
-161
-153
-161
-150
-158
-140
-143
-137
-128
-104
-82
-37
-6
37
46
57
27
-18
-77
-122
-167
-190
-213
-212
-227
-225
-229
-222
-235
-217
-232
-222
-226
-227
-230
-225
-239
-229
-234
-228
-237
-226
-233
-221
-222
-226
-224
-193
-165
-134
-152
-152
-173
-200
-209
-211
-217
-208
-234
-207
-266
-26
595
1366
1037
102
-122
-146
-182
-166
-177
-161
-165
-153
-161
-150
-151
-140
-137
-120
-101
-66
-37
19
46
75
78
72
19
-29
-81
-116
-156
-167
-189
-186
-196
-184
-192
-183
-189
-189
-185
-170
-185
-175
-183
-177
-185
-176
-175
-174
-177
-173
-181
-171
-180
-175
-164
-114
-118
-104
-117
-127
-173
-153
-170
-171
-181
-169
-178
-192
-83
394
1267
1260
261
-56
-128
-127
-134
-127
-131
-118
-127
-119
-120
-115
-122
-100
-102
-69
-59
-11
24
71
83
118
99
74
18
-27
-79
-110
-140
-138
-168
-154
-163
-155
-167
-153
-166
-149
-159
-149
-158
-145
-158
-142
-151
-132
-146
-126
-136
-126
-135
-120
-126
-107
-65
-47
-50
-49
-81
-95
-112
-98
-112
-111
-111
-101
-133
16
537
1403
1257
294
-1
-43
-53
-53
-49
-47
-57
-34
-41
-30
-33
-21
-10
1
17
74
87
144
170
213
215
213
167
127
72
35
4
-2
-37
-26
-34
-30
-28
-25
-40
-15
-29
-19
-22
-25
-39
-14
-30
-18
-35
-20
-29
-32
-24
-22
-20
-8
-5
63
57
54
35
28
-16
-5
-4
-18
-15
-11
-12
-74
203
947
1592
1033
208
59
7
11
1
9
2
13
-1
14
5
18
12
30
35
63
78
132
157
192
212
231
186
164
101
58
16
-9
-40
-39
-60
-56
-74
-55
-75
-61
-69
-66
-81
-69
-83
-88
-85
-85
-97
-85
-98
-89
-100
-98
-105
-92
-108
-89
-86
-18
-37
-37
-55
-67
-108
-96
-105
-114
-114
-104
-115
-160
93
803
1483
1037
143
-31
-82
-86
-100
-93
-97
-85
-96
-78
-95
-83
-94
-73
-73
-42
-23
24
54
116
114
135
109
83
6
-35
-86
-105
-142
-145
-163
-154
-158
-160
-161
-150
-159
-151
-167
-158
-162
-152
-166
-159
-166
-164
-171
-153
-171
-166
-177
-165
-183
-162
-177
-149
-128
-85
-101
-93
-129
-136
-165
-154
-174
-164
-176
-156
-188
-144
249
1166
1335
395
-48
-128
-154
-149
-166
-140
-159
-137
-138
-134
-155
-126
-135
-111
-112
-67
-50
4
32
79
81
99
58
21
-46
-80
-130
-143
-170
-182
-176
-174
-188
-173
-175
-172
-191
-168
-182
-175
-185
-169
-185
-182
-187
-178
-186
-180
-188
-177
-198
-188
-201
-173
-150
-108
-122
-122
-138
-151
-186
-175
-187
-184
-195
-164
-186
-196
145
1007
1374
580
-20
-109
-145
-138
-142
-139
-154
-135
-165
-132
-139
-125
-142
-111
-101
-71
-58
-7
30
69
75
94
46
13
-41
-72
-117
-134
-159
-159
-167
-154
-160
-151
-165
-145
-158
-131
-149
-136
-145
-137
-140
-124
-132
-109
-128
-109
-117
-108
-109
-102
-96
-62
-24
-24
-38
-29
-63
-72
-87
-65
-93
-88
-83
-73
-141
207
1017
1520
754
119
-30
-36
-60
-51
-60
-31
-54
-44
-50
-36
-61
-36
-45
-10
5
46
73
123
136
167
157
153
96
62
-8
-34
-71
-66
-113
-84
-102
-84
-108
-96
-108
-91
-105
-83
-108
-95
-108
-96
-103
-95
-114
-100
-108
-102
-111
-110
-117
-85
-60
-22
-55
-42
-76
-94
-110
-106
-122
-114
-118
-114
-160
-10
521
1412
1253
266
-33
-76
-102
-98
-113
-96
-111
-90
-104
-88
-103
-86
-98
-71
-70
-34
-5
49
66
112
110
118
65
31
-32
-66
-117
-130
-150
-147
-163
-149
-162
-149
-166
-148
-163
-146
-169
-153
-168
-156
-175
-161
-162
-150
-166
-153
-159
-156
-167
-151
-168
-140
-132
-60
-81
-71
-92
-98
-144
-128
-141
-141
-156
-146
-150
-192
67
790
1453
978
94
-74
-131
-115
-140
-122
-139
-119
-123
-107
-119
-97
-115
-94
-103
-58
-48
12
41
91
102
117
88
65
-10
-37
-93
-110
-152
-138
-162
-149
-159
-148
-159
-143
-158
-146
-154
-141
-160
-141
-157
-134
-162
-131
-147
-137
-140
-126
-141
-125
-132
-113
-106
-55
-46
-30
-58
-60
-103
-99
-119
-111
-121
-112
-127
-113
-113
282
1164
1426
497
28
-77
-79
-103
-81
-92
-74
-92
-63
-76
-61
-69
-47
-49
-21
-1
54
88
143
154
190
177
160
101
61
6
-23
-65
-68
-95
-70
-92
-80
-101
-80
-92
-92
-100
-84
-94
-91
-97
-80
-103
-88
-110
-96
-107
-90
-112
-87
-105
-88
-99
-52
-28
-11
-30
-18
-47
-68
-79
-71
-80
-73
-93
-61
-126
76
620
1458
1202
268
15
-16
-46
-43
-43
-23
-28
-16
-28
-16
-21
2
-12
27
32
74
91
152
180
225
226
218
195
156
88
67
17
20
-11
-12
-10
7
-19
10
-10
17
-3
17
8
26
1
27
6
32
22
39
36
48
33
48
36
55
47
90
121
130
112
116
81
78
60
82
47
81
65
76
30
351
1152
1701
976
302
139
132
102
115
95
118
98
122
117
131
118
143
133
171
169
213
252
293
312
347
334
333
273
241
172
146
98
89
71
72
56
79
64
72
55
66
57
63
45
64
37
61
39
47
34
54
39
56
30
50
36
48
39
74
108
127
97
99
62
43
26
48
10
35
19
52
-39
258
985
1649
1095
280
79
68
37
52
37
63
32
58
46
63
48
70
59
100
90
144
162
227
244
276
271
274
210
178
113
83
51
39
12
28
6
18
7
15
10
27
11
29
6
25
3
17
7
24
9
26
8
22
16
25
16
22
14
34
38
100
90
112
84
78
30
51
27
31
19
37
24
11
134
664
1522
1443
417
138
74
80
59
70
73
94
86
96
87
107
108
122
116
150
160
217
238
297
309
342
323
304
233
193
143
121
80
73
58
73
57
68
60
70
50
80
52
70
51
70
50
63
50
61
52
69
52
69
59
76
46
64
61
109
123
136
110
121
68
65
48
57
34
60
36
54
25
403
1248
1616
753
209
97
94
73
86
68
86
75
96
72
86
83
109
100
132
138
187
216
258
293
318
311
303
237
206
139
123
79
83
47
71
50
64
43
70
44
70
54
75
45
77
58
78
55
75
67
85
72
94
76
92
76
104
104
183
161
175
152
143
106
123
105
114
101
109
106
65
268
910
1675
1343
411
213
145
162
132
150
134
154
145
155
145
156
143
171
181
220
230
290
312
361
377
395
376
350
290
265
192
189
143
158
130
143
129
144
133
146
132
156
133
157
138
155
139
156
140
164
140
165
141
174
153
168
158
191
221
266
227
239
215
199
172
188
170
181
172
188
141
246
713
1642
1636
652
285
232
191
209
191
216
198
223
196
217
194
218
206
233
226
275
290
351
371
420
409
425
379
339
269
238
185
186
152
157
143
158
138
161
149
159
148
168
152
167
148
162
141
168
142
171
156
177
152
182
162
167
157
184
184
237
257
261
239
247
196
201
182
203
178
194
187
189
222
654
1562
1725
741
334
242
233
213
228
212
246
228
250
234
254
234
262
251
286
298
343
370
429
443
479
460
446
379
342
272
260
208
213
186
199
185
195
188
204
188
207
185
204
183
200
180
198
178
193
182
198
184
199
176
200
174
192
178
217
246
269
260
238
211
192
174
184
154
170
155
169
128
259
730
1622
1551
560
235
197
166
175
164
181
159
191
173
191
174
195
184
216
210
253
273
337
355
400
395
404
352
328
250
225
172
159
131
138
110
131
111
123
113
122
105
121
105
125
106
119
107
115
89
105
84
100
83
100
75
90
75
108
118
166
137
159
128
114
74
100
73
81
70
95
67
93
440
1332
1601
749
215
135
109
120
88
126
105
126
111
126
110
137
129
152
155
196
214
279
307
355
364
371
333
304
239
212
151
150
124
129
113
128
105
126
106
126
107
147
103
136
117
137
113
133
121
133
122
145
115
143
129
149
140
174
201
225
188
206
165
153
142
149
120
155
130
152
79
408
1159
1765
1116
381
199
203
172
184
175
185
186
202
178
197
193
205
197
239
236
280
310
368
377
418
394
407
346
306
258
219
170
185
152
163
139
160
143
152
146
156
131
151
130
135
120
128
116
126
106
122
104
132
111
120
98
113
122
184
170
170
146
138
94
105
96
82
70
92
70
33
229
878
1646
1350
376
162
103
101
80
104
90
106
96
101
92
115
95
123
113
143
157
211
228
294
304
327
297
276
204
174
102
95
53
53
17
40
25
33
17
29
14
36
21
32
6
20
8
15
6
20
-3
18
-1
15
2
11
-4
6
28
95
74
84
52
58
8
28
-7
6
-15
8
-10
-45
157
786
1535
1244
273
58
10
13
-8
14
3
27
3
29
16
36
20
47
36
76
82
145
174
231
238
270
235
217
159
113
58
40
3
8
-18
0
-24
0
-14
2
-19
-6
-22
-5
-19
-6
-23
-6
-26
-8
-22
-10
-30
-13
-36
-15
-31
-10
-2
55
51
70
41
46
1
9
-16
-24
-38
-14
-35
-42
40
506
1380
1421
421
82
2
16
-13
-3
-13
8
-13
12
-5
18
-3
22
18
56
70
120
151
207
216
253
222
217
156
111
45
34
-9
-3
-30
-12
-30
-13
-36
-11
-31
-19
-36
-14
-35
-16
-34
-27
-37
-15
-33
-6
-22
-9
-29
-13
-16
35
67
74
50
61
20
19
-5
19
-11
19
-2
22
-48
292
1065
1601
882
214
68
57
34
40
28
52
34
54
31
59
51
59
60
88
89
142
165
221
242
265
254
255
184
152
89
70
26
25
-2
-2
-12
10
-19
1
-8
0
-8
-10
-20
4
-18
-6
-22
-6
-20
-3
-27
-7
-15
-13
-15
12
50
76
44
44
24
7
-16
6
-25
-3
-32
-7
-75
129
708
1543
1254
307
45
16
-19
-5
-38
-7
-22
-17
-14
1
-10
10
7
31
28
80
93
163
176
218
222
223
169
129
60
34
-11
-31
-49
-40
-54
-50
-59
-46
-64
-43
-68
-49
-67
-74
-76
-57
-69
-66
-78
-57
-73
-60
-75
-59
-68
-66
-63
-14
9
7
-14
-5
-54
-57
-71
-55
-85
-60
-74
-62
-95
286
1153
1515
666
105
-20
-25
-54
-34
-43
-22
-32
-7
-39
-11
-26
3
-7
25
31
88
115
175
193
233
217
216
149
113
46
28
-12
-18
-40
-28
-42
-27
-37
-20
-38
-19
-31
-17
-22
-15
-31
-14
-30
-7
-24
-13
-29
-15
-29
-10
-26
-6
-31
22
34
74
49
56
18
-2
-19
-6
-34
-18
-32
-14
-51
51
484
1393
1422
447
75
22
-10
-1
-11
4
-4
13
1
13
-1
16
12
27
27
69
88
141
167
213
219
225
179
158
82
47
-6
-11
-48
-29
-56
-38
-52
-45
-59
-43
-54
-47
-62
-39
-53
-44
-61
-39
-53
-41
-50
-37
-50
-41
-45
-36
-31
36
30
35
15
16
-30
-16
-33
-33
-32
-18
-32
-62
103
677
1492
1281
304
77
8
16
4
12
14
15
0
23
9
27
17
39
37
75
87
128
168
210
216
252
228
205
142
103
51
19
-11
-5
-21
-16
-30
-9
-27
-6
-28
-9
-28
-11
-26
-8
-22
-16
-33
-16
-26
-18
-30
-8
-28
-13
-13
16
52
62
41
57
24
2
-9
7
-17
-5
-10
8
-70
212
896
1608
1110
264
73
44
10
28
20
38
22
36
22
34
30
48
47
80
72
124
145
196
222
261
254
248
195
151
86
65
26
13
-21
-10
-26
-11
-28
-17
-26
-18
-27
-21
-37
-24
-33
-27
-45
-35
-39
-28
-45
-25
-39
-27
-38
-32
-45
-10
7
54
26
29
15
-14
-40
-25
-52
-35
-46
-26
-47
-6
390
1312
1497
562
89
16
-21
-13
-23
-16
-18
-3
-21
-2
-11
8
6
24
30
71
94
156
178
225
235
243
206
161
99
61
9
-8
-41
-32
-47
-41
-64
-40
-53
-41
-44
-42
-50
-42
-59
-40
-51
-54
-56
-48
-60
-59
-62
-46
-62
-51
-62
-53
-58
-13
16
20
2
5
-40
-53
-67
-74
-86
-74
-87
-74
-126
193
955
1495
853
128
-30
-45
-61
-46
-58
-47
-61
-48
-57
-44
-60
-43
-39
-12
-12
35
54
113
132
166
161
148
85
53
-19
-58
-85
-102
-136
-121
-141
-128
-145
-133
-145
-136
-148
-151
-155
-137
-152
-139
-158
-140
-152
-140
-154
-141
-151
-136
-157
-129
-120
-61
-75
-68
-91
-100
-139
-132
-152
-162
-144
-145
-155
-191
52
740
1420
957
95
-80
-122
-126
-139
-125
-130
-121
-130
-112
-130
-103
-120
-98
-96
-65
-36
7
44
84
94
117
89
56
-8
-48
-102
-120
-140
-152
-172
-156
-163
-164
-167
-168
-172
-162
-167
-160
-163
-149
-165
-162
-167
-166
-167
-162
-153
-159
-160
-158
-155
-119
-82
-84
-110
-89
-133
-142
-144
-138
-159
-142
-150
-149
-183
160
999
1450
665
30
-93
-95
-124
-108
-102
-106
-118
-104
-108
-91
-100
-84
-88
-56
-49
-1
19
83
99
132
121
115
51
14
-42
-79
-115
-127
-147
-137
-148
-152
-157
-144
-160
-144
-167
-150
-161
-150
-168
-167
-172
-170
-172
-160
-177
-164
-167
-169
-169
-168
-175
-142
-109
-86
-118
-118
-152
-173
-186
-170
-201
-189
-185
-191
-256
47
780
1421
884
61
-123
-139
-170
-159
-172
-152
-156
-136
-145
-134
-135
-132
-127
-106
-100
-57
-17
31
55
100
80
79
26
-24
-78
-109
-158
-156
-187
-179
-197
-181
-195
-177
-184
-173
-178
-175
-175
-170
-181
-167
-182
-171
-191
-172
-179
-179
-178
-171
-181
-165
-180
-162
-162
-119
-100
-89
-104
-107
-141
-153
-156
-153
-174
-164
-158
-156
-188
165
1007
1411
613
10
-115
-121
-143
-135
-131
-119
-120
-104
-112
-95
-109
-91
-84
-59
-43
-9
40
92
120
153
142
135
80
33
-34
-61
-94
-111
-125
-111
-123
-116
-123
-110
-125
-118
-112
-122
-119
-117
-122
-112
-123
-115
-126
-111
-107
-102
-111
-97
-100
-89
-77
-23
-24
-24
-28
-60
-94
-87
-102
-103
-116
-84
-98
-143
74
678
1422
1127
183
-23
-70
-71
-79
-77
-80
-63
-75
-59
-64
-44
-51
-31
-20
3
26
77
116
156
178
200
182
143
93
48
-3
-36
-53
-48
-74
-62
-74
-55
-71
-57
-58
-61
-53
-46
-59
-49
-55
-47
-54
-36
-46
-36
-43
-37
-34
-30
-31
14
44
46
27
29
-8
-9
-14
-8
-23
-14
-13
-11
5
418
1327
1513
586
136
58
43
39
37
43
60
54
65
57
66
76
89
95
108
133
169
209
253
287
305
299
283
217
182
137
98
75
59
52
57
41
62
50
57
47
58
44
57
50
51
45
47
44
47
34
29
43
38
36
38
29
54
113
108
91
85
59
29
19
19
5
9
-3
13
-65
235
988
1605
1041
221
45
11
-6
-11
-10
-2
-11
-4
-9
2
-4
1
-1
20
37
50
96
143
169
198
192
182
144
90
33
-8
-44
-63
-70
-79
-87
-79
-81
-78
-78
-79
-92
-82
-80
-87
-96
-93
-99
-96
-106
-100
-100
-106
-106
-98
-102
-98
-98
-97
-81
-22
-26
-43
-42
-72
-106
-101
-116
-117
-121
-109
-115
-158
151
932
1471
855
91
-57
-91
-97
-98
-93
-102
-98
-92
-82
-95
-86
-88
-65
-71
-37
-13
30
72
112
135
146
121
80
22
-27
-75
-112
-140
-142
-152
-152
-158
-153
-160
-155
-158
-162
-165
-158
-161
-172
-167
-167
-164
-160
-164
-162
-161
-155
-162
-150
-157
-151
-138
-95
-64
-73
-82
-81
-115
-132
-133
-143
-148
-144
-144
-151
-148
216
1077
1393
567
21
-86
-99
-107
-100
-88
-77
-74
-72
-72
-65
-68
-48
-47
-21
6
42
96
130
163
189
195
158
109
70
17
-21
-49
-58
-67
-67
-64
-62
-62
-51
-54
-54
-47
-39
-42
-27
-37
-35
-24
-17
-25
-12
-8
-4
7
11
13
16
40
90
101
107
97
90
53
61
52
54
59
60
67
44
179
742
1576
1406
448
180
132
126
117
118
129
132
136
139
147
139
152
164
174
205
227
266
312
353
382
393
385
356
305
252
203
188
147
147
140
138
138
145
150
139
141
148
148
149
152
152
142
156
158
159
145
162
153
161
166
168
164
179
232
262
242
230
219
189
178
192
183
185
196
202
150
309
866
1738
1559
559
280
233
218
217
223
215
217
216
221
223
223
231
241
248
262
297
333
373
405
432
444
432
395
346
285
244
208
185
166
163
157
157
151
152
155
154
146
150
148
147
146
141
137
138
132
134
137
130
130
131
126
133
127
138
161
210
207
194
185
163
132
135
127
117
129
121
123
81
413
1242
1731
1021
324
185
163
146
143
151
155
160
156
167
168
167
171
179
189
216
244
288
336
362
384
392
372
325
261
215
169
137
119
105
100
96
93
95
95
93
91
95
96
90
88
85
83
80
85
82
78
76
77
79
79
76
74
79
89
123
157
148
135
128
88
76
68
68
58
59
57
46
55
435
1323
1585
687
188
92
73
66
66
73
70
77
69
76
77
83
83
89
111
135
172
206
253
285
300
300
269
221
160
116
71
41
27
16
11
15
10
9
8
0
-2
5
-1
-2
-5
-5
-8
-12
-14
-8
-10
-10
-17
-5
-3
-2
5
-4
16
72
64
66
54
23
-10
-5
-14
-25
-26
-16
-17
-67
181
809
1519
1124
236
42
13
-3
-13
-18
3
-7
1
-3
-3
-1
10
18
25
52
68
115
153
194
209
229
209
167
128
73
16
-7
-26
-37
-40
-36
-39
-40
-45
-35
-51
-45
-41
-37
-46
-42
-40
-46
-47
-51
-50
-39
-48
-36
-40
-40
-30
-7
48
40
32
25
-3
-18
-16
-16
-35
-11
-17
-21
-57
305
1139
1560
781
176
52
39
29
27
41
31
41
53
48
52
55
65
66
97
113
156
196
238
267
293
292
270
219
174
118
92
58
40
29
28
24
22
26
34
27
36
30
29
34
31
33
32
28
32
24
33
20
30
22
28
17
38
62
117
88
75
65
35
19
24
18
3
0
5
0
7
403
1323
1534
632
136
42
19
14
8
12
16
16
7
18
13
19
23
38
50
77
110
145
186
220
231
230
198
146
93
42
3
-22
-42
-50
-65
-59
-84
-55
-66
-69
-78
-74
-83
-75
-87
-94
-86
-96
-103
-102
-104
-101
-105
-102
-112
-103
-112
-114
-114
-80
-29
-42
-59
-62
-102
-124
-124
-126
-138
-132
-136
-132
-165
194
1052
1433
638
34
-87
-104
-122
-115
-120
-107
-109
-99
-105
-101
-110
-87
-89
-75
-53
-17
18
65
90
121
120
101
42
1
-71
-103
-136
-154
-170
-169
-178
-174
-182
-180
-188
-175
-187
-182
-184
-184
-194
-190
-196
-194
-202
-197
-200
-197
-206
-201
-206
-204
-211
-202
-164
-121
-139
-142
-152
-183
-211
-204
-215
-220
-211
-220
-224
-251
89
918
1326
587
-53
-163
-197
-198
-200
-208
-208
-204
-205
-197
-215
-194
-196
-188
-166
-141
-120
-66
-34
13
21
29
11
-30
-94
-125
-182
-201
-234
-230
-237
-230
-231
-223
-236
-227
-227
-227
-236
-222
-230
-223
-241
-216
-227
-222
-223
-209
-222
-212
-220
-208
-204
-177
-139
-116
-129
-126
-155
-170
-185
-178
-189
-187
-180
-175
-217
-40
512
1337
1117
170
-89
-126
-132
-141
-146
-136
-141
-132
-142
-121
-126
-120
-118
-102
-92
-42
-17
36
71
102
110
116
69
26
-36
-71
-114
-123
-149
-139
-142
-137
-145
-137
-137
-127
-134
-124
-120
-127
-138
-125
-129
-120
-128
-129
-124
-114
-125
-109
-113
-107
-94
-31
-24
-19
-41
-34
-77
-79
-82
-85
-95
-87
-83
-112
24
581
1445
1291
299
27
-36
-39
-61
-45
-46
-37
-42
-32
-40
-42
-34
-29
-11
5
22
67
105
151
158
180
172
138
77
34
-21
-51
-79
-86
-100
-99
-104
-100
-105
-88
-100
-89
-99
-87
-101
-87
-102
-96
-102
-97
-118
-99
-108
-107
-117
-111
-109
-99
-84
-17
-43
-53
-62
-75
-118
-113
-118
-125
-124
-121
-129
-169
143
933
1463
838
87
-60
-96
-98
-109
-101
-102
-90
-92
-79
-79
-74
-72
-61
-52
-16
10
56
94
128
147
161
139
107
50
-12
-51
-73
-102
-107
-122
-114
-117
-120
-116
-112
-120
-118
-114
-107
-120
-117
-126
-115
-123
-115
-121
-112
-119
-113
-114
-108
-114
-107
-98
-54
-21
-20
-28
-34
-69
-86
-82
-91
-99
-86
-102
-97
-79
309
1191
1430
519
50
-49
-57
-71
-61
-68
-56
-56
-44
-56
-31
-36
-16
-12
23
43
78
116
165
182
212
207
190
132
87
23
-2
-37
-43
-62
-52
-59
-50
-75
-55
-62
-59
-60
-50
-63
-54
-70
-52
-82
-56
-65
-55
-69
-53
-70
-56
-80
-47
-36
24
12
9
-3
-11
-51
-43
-60
-68
-68
-52
-63
-109
134
788
1490
1056
194
18
-23
-37
-52
-43
-56
-38
-42
-27
-43
-30
-27
-15
-11
19
44
86
118
163
176
188
170
140
81
39
-13
-43
-74
-75
-90
-77
-83
-71
-85
-70
-81
-73
-82
-72
-67
-75
-70
-74
-80
-70
-75
-69
-64
-57
-68
-54
-63
-17
33
14
0
3
-44
-54
-52
-54
-71
-50
-60
-68
-25
451
1347
1396
419
59
-16
-12
-35
-31
-32
-20
-23
-20
-22
-19
-7
-1
-6
27
44
92
122
164
182
205
193
166
110
60
12
-22
-55
-57
-81
-72
-92
-75
-77
-75
-88
-78
-87
-81
-92
-87
-100
-86
-103
-97
-112
-103
-111
-102
-110
-110
-111
-83
-65
-16
-45
-47
-55
-83
-108
-97
-115
-111
-118
-105
-137
-54
393
1305
1346
386
7
-64
-79
-82
-92
-77
-88
-76
-80
-70
-71
-50
-57
-36
-27
-2
34
86
114
160
161
181
120
89
21
-11
-64
-80
-105
-102
-118
-100
-109
-96
-110
-98
-109
-98
-108
-102
-116
-104
-116
-104
-117
-114
-121
-108
-117
-106
-119
-104
-115
-95
-65
-13
-37
-32
-51
-75
-108
-95
-122
-117
-128
-114
-130
-101
266
1170
1388
514
15
-63
-95
-98
-106
-92
-99
-84
-89
-79
-90
-76
-82
-65
-54
-16
-1
70
95
133
141
151
111
69
-6
-43
-96
-109
-151
-140
-155
-149
-165
-154
-177
-161
-179
-166
-177
-164
-174
-169
-193
-174
-192
-181
-194
-186
-201
-183
-194
-197
-205
-156
-121
-116
-134
-127
-163
-186
-192
-191
-208
-193
-202
-191
-243
89
866
1368
664
12
-139
-151
-181
-164
-179
-163
-174
-156
-162
-148
-163
-137
-146
-118
-114
-57
-30
27
41
76
58
70
5
-37
-98
-120
-173
-182
-201
-190
-206
-178
-199
-194
-198
-197
-198
-186
-201
-183
-196
-202
-198
-192
-198
-189
-201
-176
-188
-185
-192
-169
-152
-84
-109
-105
-125
-132
-178
-159
-178
-175
-189
-159
-173
-201
133
985
1407
640
11
-100
-130
-125
-134
-106
-120
-107
-120
-101
-105
-101
-97
-76
-75
-36
-18
37
65
109
112
128
104
68
-6
-34
-84
-108
-134
-128
-152
-139
-151
-136
-159
-134
-154
-143
-157
-143
-161
-157
-181
-153
-176
-166
-181
-172
-191
-179
-198
-175
-195
-163
-132
-86
-121
-117
-137
-165
-184
-170
-198
-194
-196
-178
-215
-116
341
1253
1261
298
-69
-121
-147
-135
-157
-132
-143
-122
-132
-111
-124
-104
-110
-84
-78
-37
-17
48
68
116
115
128
85
45
-25
-63
-107
-115
-153
-140
-151
-135
-148
-132
-155
-139
-153
-140
-153
-141
-155
-148
-166
-152
-162
-143
-164
-154
-168
-147
-163
-149
-176
-154
-133
-69
-82
-82
-95
-103
-159
-145
-157
-156
-170
-155
-164
-204
81
814
1396
867
59
-95
-134
-127
-142
-127
-132
-121
-130
-111
-127
-105
-114
-92
-93
-60
-28
33
53
100
107
123
88
62
-11
-49
-105
-134
-159
-157
-184
-170
-182
-178
-187
-178
-192
-182
-185
-173
-185
-190
-217
-187
-209
-184
-199
-184
-190
-184
-197
-179
-204
-167
-138
-111
-126
-127
-149
-173
-185
-188
-209
-201
-206
-186
-226
-79
383
1271
1178
234
-98
-137
-170
-156
-181
-156
-169
-141
-163
-143
-151
-125
-145
-115
-115
-66
-42
13
34
81
69
87
41
4
-60
-96
-144
-155
-186
-177
-192
-177
-194
-178
-188
-170
-180
-171
-189
-171
-178
-164
-184
-172
-189
-173
-189
-173
-186
-175
-186
-148
-114
-78
-112
-107
-125
-154
-169
-160
-184
-167
-185
-165
-225
-24
557
1391
1097
169
-81
-114
-133
-126
-133
-110
-128
-115
-120
-117
-131
-105
-112
-81
-74
-36
-15
40
65
97
95
94
30
8
-63
-90
-140
-146
-183
-174
-191
-176
-197
-183
-200
-173
-210
-179
-205
-186
-204
-197
-210
-201
-213
-203
-210
-206
-217
-210
-229
-209
-202
-127
-140
-151
-163
-163
-218
-206
-222
-224
-231
-222
-248
-259
-65
551
1318
1041
90
-131
-192
-186
-203
-186
-199
-181
-193
-175
1.8343
0.15958
-0.0097349
0.73745
0.67123
0.9328
0.84662
0.89934
0.97366
1.0078
0.8854
0.88787
0.79814
0.47272
-0.032556
-0.68659
-1.4845
-2.4362
-3.4446
-4.5566
-6.153
-8.3329
-10.611
-12.017
-11.625
-11.056
-9.8383
-8.5579
-6.9659
-5.6799
-5.115
-4.735
-4.5315
-4.4445
-4.5021
-4.5787
-4.6108
-4.4679
-3.7428
-3.0238
-2.3208
-2.5573
-3.5806
-2.994
-2.4673
-0.5644
1.5101
3.205
4.3588
4.9865
5.3847
5.3921
4.957
4.1746
3.2436
2.198
0.99773
-0.045978
-0.83402
-1.6011
-2.2485
-2.9952
-4.0696
-4.9791
-5.3401
-4.1604
-2.4273
-1.3533
-1.1484
-0.654
-0.15118
0.56254
1.1974
1.5592
1.5839
1.2243
0.90601
0.70681
0.68975
0.50034
0.17892
-0.075598
-0.19839
-0.010104
0.13988
0.67577
1.1038
1.5119
2.6024
3.9874
5.1626
6.0119
6.3621
6.2695
6.0699
5.6029
4.8813
3.88
2.6814
1.4689
0.33277
-1.018
-2.176
-3.2261
-4.5108
-6.4244
-8.6744
-10.226
-9.4488
-7.7286
-5.3436
-3.4627
-1.9519
-0.65911
0.11669
0.70122
0.89808
0.68101
0.32332
0.0043835
-0.25196
-0.52518
-0.39909
-0.15419
0.22198
0.55587
0.78403
0.82311
1.3699
1.6823
2.4697
3.0922
3.7067
4.1418
4.3935
4.4839
4.307
4.0609
3.4376
2.5357
1.3205
0.19533
-0.93094
-2.3475
-3.8805
-5.7262
-7.3962
-8.3454
-8.3294
-6.6253
-4.4047
-2.8628
-1.8501
-1.3259
-0.90588
-0.64525
-0.35176
-0.11193
0.20758
0.5699
0.62266
-0.21368
-1.1693
-1.1532
-0.90956
-1.0541
-1.0923
-0.09476
1.3255
2.3236
5.0709
7.4343
8.6657
9.1315
8.7553
7.9013
6.9326
5.8695
4.9956
3.9
2.5664
1.0191
-0.46103
-2.243
-4.0489
-6.0928
-8.7705
-11.269
-12.413
-11.535
-8.6359
-5.7158
-4.093
-3.5831
-3.5511
-3.5356
-3.9443
-4.2087
-4.8393
-5.5825
-6.5746
-7.0308
-6.7339
-5.283
-0.86307
4.2782
8.2896
10.278
11.94
13.254
13.918
13.338
11.666
9.3228
6.8863
4.7588
3.0456
1.3362
-0.4297
-2.5728
-4.3857
-5.4172
-6.0348
-6.4054
-6.7776
-7.5355
-9.4808
-10.808
-9.8401
-7.8606
-5.7041
-4.0818
-4.036
-4.6692
-4.7662
-5.1332
-5.3107
-5.7721
-5.9392
-5.4799
-4.7285
-3.9059
-2.8396
-1.1129
0.22375
-0.24854
0.49895
3.2156
6.682
10.785
13.605
14.634
14.259
13.071
11.415
9.4739
6.8625
3.7359
1.0809
-0.91683
-2.0192
-2.5803
-2.3112
-2.0579
-1.6106
2.2259
5.5708
7.2979
8.1281
6.8304
3.6677
-1.0958
-6.2266
-10.811
-14.34
-16.325
-15.846
-14.876
-12.588
-10.01
-4.8471
1.6574
7.0308
10.166
11.043
9.1419
5.8132
2.8041
1.125
0.20857
0.27191
1.4696
3.5298
5.7669
7.7256
8.7973
9.1843
8.9579
8.4969
7.5728
6.5573
6.4469
6.8019
5.4894
2.8218
-1.095
-6.7521
-11.482
-12.594
-11.576
-10.689
-10.763
-11.426
-11.759
-11.955
-11.767
-11.193
-10.579
-9.7916
-8.8099
-7.6433
-6.3651
-4.8912
-3.2696
-1.8573
-0.53418
0.43032
0.53864
1.6511
2.7721
3.5113
4.451
5.4695
6.3565
6.8374
6.7257
6.1379
5.4189
4.8506
4.5926
4.3214
3.8478
3.1526
2.6843
2.2763
0.43161
-3.377
-5.9452
-5.9911
-5.4851
-5.7743
-5.8028
-4.4471
-2.5511
-1.2586
-0.13591
1.2616
3.325
5.0073
6.1703
6.9577
7.8022
9.3674
11.261
11.898
10.749
9.5258
9.0657
8.4991
8.077
7.813
6.8581
5.6037
4.5722
2.7278
1.2556
0.50163
0.21131
0.59647
2.5553
4.538
4.225
1.6943
-0.585
-2.9811
-6.8097
-9.302
-8.4593
-6.5755
-6.4971
-6.4188
-6.1816
-5.093
-3.4152
-2.421
-2.0857
-2.3118
-3.0498
-3.7629
-4.0885
-4.112
-3.4663
-2.4064
-1.4189
-1.3253
-1.2725
0.3711
2.6121
4.2242
5.1003
6.4261
7.6611
8.1861
7.9857
6.8408
5.4405
4.025
2.9625
1.5518
-0.28496
-2.4979
-4.864
-6.9828
-8.5376
-10.802
-13.873
-14.555
-12.028
-9.0921
-5.7448
-4.477
-4.5268
-3.179
-2.2603
-1.6138
-1.1315
-0.63629
-0.41169
0.19835
0.59232
0.70724
1.012
1.0519
0.94674
0.81727
0.5318
1.3828
4.2739
6.2456
8.9228
11.068
11.763
11.75
11.078
10.219
9.1064
7.7204
5.9898
4.1277
2.1856
0.17786
-1.7376
-3.4959
-5.2176
-6.9724
-8.9051
-10.491
-10.872
-9.5349
-6.3971
-3.0825
-1.9194
-1.731
-1.7576
-2.1806
-2.3313
-2.2421
-2.0794
-1.9774
-1.4042
-0.59561
0.29915
1.166
1.9114
2.2895
2.3744
2.3272
2.3951
2.6744
3.6183
6.4573
8.5675
10.01
10.673
10.567
9.8842
8.7921
7.2044
5.2289
3.146
1.151
-0.87891
-2.9518
-4.9237
-7.104
-9.8409
-12.016
-12.87
-12.932
-10.914
-8.1125
-5.5414
-4.3037
-3.8152
-3.4018
-3.6168
-3.6659
-3.5465
-3.346
-2.8408
-2.9202
-2.0497
-1.4869
-0.8651
-0.33457
0.058959
0.0066993
1.13
4.0954
5.1033
6.7162
9.015
10.205
9.8279
9.8517
10.092
9.6098
8.0493
6.4023
4.6315
2.3621
1.0617
-0.82307
-2.7537
-5.3297
-8.6791
-11.499
-13.015
-12.832
-9.4964
-6.0426
-2.6678
-0.89454
0.15726
0.44251
0.55007
0.32272
0.26781
0.17506
0.24156
-0.092618
-0.16804
0.0376
0.29659
0.56046
0.55336
0.78563
2.7004
3.7343
6.06
9.4496
11.285
11.76
11.591
11.051
9.8119
8.2554
6.5162
4.5207
2.4393
0.71988
-0.96574
-2.725
-4.8185
-7.2377
-9.7942
-11.161
-12.462
-14.199
-9.4314
-5.2198
-4.9761
-4.9051
-4.9891
-4.4303
-3.445
-2.6568
-1.8526
-1.1591
-0.45627
0.032379
0.028076
-0.1023
-0.068495
0.092384
0.83298
1.522
1.8423
3.0582
4.2747
6.1409
8.0056
9.3341
9.5124
9.4401
9.2007
8.4359
7.6013
6.1019
4.2399
2.1975
0.31899
-1.3566
-2.8706
-4.474
-5.8422
-6.9179
-8.3584
-9.8474
-10.21
-8.8354
-6.1249
-3.2871
-1.871
-1.6516
-1.8367
-2.1253
-1.9987
-1.5786
-1.1341
-0.80732
-0.62517
-0.66638
-0.76342
-0.83164
-0.6098
-0.35239
-0.017711
0.055721
0.19386
1.2124
2.1257
3.1613
5.1878
6.8183
7.7312
8.0757
8.2467
7.8801
7.0802
5.9115
4.2159
2.5421
0.87107
-0.40832
-1.9639
-3.9631
-7.0079
-9.6994
-10.91
-11.249
-7.1217
-3.0954
-2.2266
-2.5437
-3.2075
-3.5124
-3.7882
-3.562
-3.26
-3.2363
-3.1587
-3.1066
-2.8814
-2.291
-1.8132
-1.6548
-1.8679
-1.7671
-0.47129
1.2352
2.7276
6.3305
9.4579
11.119
11.891
11.825
11.279
10.406
9.183
7.4265
5.2709
2.8477
0.77528
-1.0765
-3.2447
-5.8877
-8.4515
-9.8318
-10.402
-8.6134
-5.3367
-2.2875
-1.241
-1.9395
-2.1237
-2.4319
-2.4355
-2.08
-1.5585
-1.27
-1.1549
-1.0216
-0.76416
-0.38916
0.053657
0.61106
1.0678
0.90168
1.493
3.3792
3.9292
5.6158
9.0311
10.459
11.322
11.221
11.191
11.201
10.243
9.4276
8.0654
6.385
4.7268
2.9697
0.92605
-0.72854
-2.7045
-5.0648
-7.0975
-8.3298
-7.9758
-6.2231
-4.7848
-3.9951
-4.6263
-4.9735
-5.0778
-5.1852
-4.9272
-4.4874
-3.5714
-2.1896
-0.64166
0.85142
2.1989
3.6012
4.706
4.9709
4.9311
5.2302
5.1198
5.931
8.2156
8.9202
9.3665
9.0951
8.6116
7.8398
6.7698
5.2869
3.4801
1.6438
-0.11608
-1.6769
-3.2846
-4.7324
-6.1028
-7.3481
-8.2692
-9.3951
-9.6457
-9.2276
-7.7373
-6.5153
-6.082
-5.4301
-4.5138
-4.1089
-3.1388
-2.2387
-2.0093
-1.3957
-1.0166
-0.36942
0.3376
0.87216
1.0483
0.95652
0.73217
0.86748
1.563
2.1162
4.0938
6.8945
8.1848
9.1968
9.6284
9.3297
8.9267
7.9874
6.9105
5.4288
3.938
2.2711
0.83173
-0.59699
-2.3404
-3.9597
-5.7574
-8.0264
-10.311
-11.726
-11.97
-10.133
-5.5033
-4.58
-4.5251
-3.9128
-3.8067
-3.6225
-3.4172
-2.8498
-2.4959
-2.0933
-1.7824
-1.4103
-1.0852
-0.6859
-0.33486
0.15112
1.3779
3.249
4.6181
5.7911
7.8481
9.5596
10.273
10.03
9.2142
8.0048
6.5772
5.0025
3.0588
1.4359
-0.048986
-1.2882
-2.5363
-3.9875
-5.8124
-7.7078
-9.5565
-10.763
-10.863
-7.9948
-3.9947
-3.8855
-4.3041
-4.192
-3.9422
-4.0245
-4.0437
-3.7455
-3.4209
-2.9025
-2.1295
-1.2369
-0.12809
0.80909
1.4622
1.8285
2.2358
2.291
2.1193
3.4855
5.5466
6.9365
7.9844
8.6441
8.7934
8.5999
7.8875
6.3435
4.645
2.9395
1.342
-0.32445
-2.04
-3.804
-5.7894
-7.8585
-9.4678
-11.258
-9.5674
-8.8185
-5.1808
-2.4767
-2.912
-2.494
-1.6003
-1.4799
-1.1971
-0.90341
-0.58963
-0.50315
0.41411
1.4618
2.3314
3.1845
3.3277
2.9793
2.7004
3.1761
3.6097
4.5605
7.3914
9.3384
9.5739
9.6388
8.9618
8.0619
6.9049
5.4933
3.5952
1.9142
0.42802
-1.3068
-3.2013
-5.1852
-9.2159
-13.797
-16.593
-16.544
-13.924
-7.9143
-5.9582
-6.1348
-5.6401
-5.3293
-4.8925
-4.0265
-3.2064
-2.3762
-1.4901
-0.57448
0.45532
1.3243
1.598
2.077
3.0183
3.3678
3.6716
4.7519
6.914
9.1878
10.179
10.083
9.7981
9.3895
8.7012
6.7114
5.7634
4.0603
2.5657
1.899
2.0059
2.736
3.3113
4.0996
2.2954
-0.75438
-0.77078
-0.25973
-0.41189
-0.27208
0.0062608
0.18598
-0.1678
-0.54795
-0.73347
-0.64681
-0.32666
-0.033259
0.1019
0.30488
1.3114
2.4053
3.9593
3.4056
1.4089
-1.1035
-1.4472
-0.7955
0.33871
1.0333
1.5237
2.1244
3.2251
3.2794
3.0547
1.6968
1.2482
1.125
0.74122
0.33803
-0.097461
-0.57141
-1.0017
-2.0649
-4.6835
-6.888
-7.1174
-5.7777
-5.1107
-4.6237
-5.1575
-5.5968
-5.4864
-5.3947
-5.27
-5.4466
-5.1665
-5.1133
-4.1187
-3.1691
-2.1958
-1.0988
-0.41543
0.76606
1.7547
1.8528
0.30291
-2.252
-2.2449
0.29117
3.5682
6.1145
8.2156
9.3219
9.2514
8.632
7.8978
6.8906
6.8369
6.9425
7.1637
5.6955
3.0275
2.2801
1.6446
0.33038
-1.9783
-5.3012
-8.445
-9.3973
-8.9661
-8.7735
-8.9492
-9.215
-9.7067
-10.328
-10.407
-10.498
-10.308
-9.7215
-8.8151
-7.5468
-6.1954
-5.0159
-3.8445
-2.6835
-1.7114
-0.56903
0.037883
0.48203
2.8625
4.9518
7.0737
9.1393
10.75
11.862
11.51
10.74
9.5297
8.1316
6.4668
4.5463
2.663
0.97344
-0.73875
-2.5106
-4.4787
-6.7348
-9.9266
-12.198
-13.317
-13.099
-11.444
-7.491
-4.8246
-2.2863
-0.49735
0.46233
0.84757
1.0816
1.3265
1.6583
1.9319
1.9209
1.3569
1.1256
0.99946
0.72858
0.23582
0.049211
1.1897
1.6578
4.0613
6.9936
9.3263
10.782
10.94
10.032
8.8099
7.6446
6.0963
4.0584
1.9379
0.10019
-1.1327
-2.4874
-3.6828
-5.6037
-8.332
-9.65
-9.94
-8.9081
-6.2383
-2.9551
-2.2498
-3.2744
-4.0611
-4.9332
-5.4336
-5.3825
-5.0393
-4.6921
-4.1366
-3.4041
-2.3639
-0.89938
0.90358
2.7038
4.0943
5.0544
5.6055
6.3746
6.5915
6.3158
6.7512
6.6205
6.3184
6.0245
5.7976
5.3522
4.8125
3.8968
2.715
1.336
-0.0098985
-1.2969
-2.7842
-4.854
-7.7026
-10.156
-11.362
-10.49
-8.4194
-4.7237
-2.6894
-1.7095
-0.90047
-0.97795
-1.2264
-1.3877
-1.3634
-1.1585
-0.60509
0.23958
0.78139
0.64729
0.15519
-0.10857
-0.036894
0.17891
0.26362
1.106
2.0507
3.3898
6.0284
8.219
9.6972
10.552
10.595
10.189
9.5068
8.3056
6.624
4.7852
2.8586
1.0603
-0.98331
-3.0209
-5.2626
-7.7541
-10.596
-13.795
-15.353
-14.644
-10.45
-5.6267
-2.6527
-1.7262
-1.7612
-1.8427
-1.8637
-1.7623
-1.6609
-1.6277
-1.8496
-1.9296
-1.8982
-1.6973
-1.4417
-1.4045
-1.1967
-0.31723
1.1674
3.2741
5.9089
8.6796
10.703
11.67
11.766
11.301
10.285
9.0133
7.3992
5.6392
3.6672
1.8137
0.18862
-1.6453
-3.4877
-5.6496
-8.3913
-10.373
-10.402
-9.2133
-6.5915
-4.5229
-4.303
-4.6194
-4.9064
-5.1916
-5.1025
-4.3995
-3.3573
-2.1337
-0.54094
1.016
2.3742
3.3368
3.9762
4.2128
4.0579
3.1077
1.7482
1.3785
1.56
2.9887
5.7911
7.7429
9.3847
10.311
10.772
10.665
10.012
8.783
7.1473
4.8904
2.6007
0.39015
-1.8118
-3.9489
-6.2114
-8.419
-9.6782
-9.7851
-9.141
-7.8684
-6.1625
-5.2336
-4.825
-4.6527
-4.4662
-4.107
-3.7934
-3.3169
-2.7283
-2.0317
-1.3746
-0.71217
-0.050241
0.55981
1.1277
1.6702
2.3682
4.0094
4.8302
5.7877
7.4788
8.3333
8.912
9.0726
8.8549
8.2935
7.4356
6.3686
5.0596
3.4865
1.9209
0.22404
-1.473
-3.2287
-5.1116
-6.7157
-8.3614
-9.7959
-10.159
-8.5735
-8.0433
-4.1257
-1.0642
-2.2675
-2.6153
-2.5343
-3.0293
-2.7725
-2.6737
-2.7283
-2.4041
-1.9465
-1.3724
-0.53873
0.71404
2.526
4.4251
5.5475
5.6029
6.7902
7.8485
8.8406
9.0847
9.0077
8.848
8.5112
7.9134
6.8828
5.6176
4.2363
2.7504
1.1784
-0.30569
-1.8978
-3.2376
-4.7804
-6.4642
-8.548
-10.375
-11.05
-10.549
-7.5299
-4.3541
-3.4864
-3.4522
-3.936
-4.3965
-4.6943
-4.8822
-4.8588
-4.6056
-3.901
-2.7338
-1.3537
-0.056215
1.1891
2.2858
2.9093
3.0818
4.068
5.1726
6.7244
8.6579
9.3981
9.6717
9.6764
9.5981
9.0648
8.1329
6.7633
4.8731
2.8191
0.87237
-0.81156
-2.5632
-4.3718
-6.3842
-8.7778
-10.937
-12.203
-11.54
-9.1523
-5.7405
-4.4909
-4.4047
-4.503
-4.6411
-4.4168
-4.137
-3.8534
-3.4643
-2.9341
-2.2515
-1.4442
-0.82489
0.043575
1.4644
2.5225
3.8585
6.0214
7.9597
9.3981
10.933
11.802
12.125
12.126
11.594
10.245
8.3181
6.1028
3.8882
1.7331
-0.34522
-2.1751
-4.0996
-6.0413
-8.0818
-10.098
-11.53
-11.484
-10.355
-7.7455
-5.0618
-4.0008
-3.4227
-3.1263
-2.5527
-2.3986
-1.9152
-1.234
-0.46121
0.2211
0.89328
1.3191
1.5235
1.3216
0.99353
0.32625
-0.39729
0.68283
1.7215
3.1219
5.6691
7.0386
7.8524
8.1779
8.0896
7.7922
7.0919
5.8158
4.3042
2.7641
1.3308
-0.23208
-1.7789
-3.3286
-4.877
-6.8677
-8.7484
-10.125
-10.526
-8.3368
-4.7636
-3.0585
-3.2542
-3.2738
-3.3331
-2.8608
-2.6207
-2.3556
-1.6065
-1.0411
-0.34502
0.34821
0.77221
0.81493
0.56518
0.010875
-0.62201
-1.0359
-0.030791
0.74356
2.437
6.0275
8.6921
10.147
10.946
10.927
10.537
9.5765
8.2281
6.272
4.0476
1.8396
-0.1607
-2.2134
-4.3614
-6.7114
-9.6721
-13.599
-17.432
-20.084
-17.511
-13.36
-9.0341
-5.1622
-4.7151
-3.7489
-3.2079
-2.7052
-1.8468
-0.95098
0.0010582
1.2081
2.488
3.4087
3.8358
4.0982
4.3368
4.3004
4.0373
3.5268
4.1102
4.4428
5.7834
7.694
9.1873
10.013
10.685
10.557
10.017
9.2535
8.0831
6.6027
4.5895
2.3615
0.23339
-1.7988
-3.7896
-5.7903
-8.2965
-10.756
-11.631
-10.553
-7.1512
-1.9522
0.2849
-0.055353
-0.4073
-0.99963
-1.8442
-1.952
-2.2363
-2.499
-2.7305
-2.8413
-2.8184
-2.7178
-2.1401
-1.3759
-0.22359
1.0646
2.0853
2.8958
4.1107
5.2938
6.9443
8.3463
8.7891
9.2146
9.2025
8.9661
8.3995
7.5455
6.2383
4.6804
3.1188
1.6574
0.29297
-1.0235
-2.4361
-3.9533
-5.4791
-7.4615
-9.2189
-9.5444
-8.1926
-4.8679
-3.7388
-4.461
-5.0388
-5.924
-5.8336
-5.6345
-5.2613
-4.5532
-3.6309
-2.577
-1.5081
-0.67504
-0.0025971
0.45878
0.8213
1.1278
1.5359
2.4496
4.0097
5.6964
7.9277
8.9826
9.5786
9.9388
9.9245
9.3644
8.4839
7.2901
5.8695
4.3463
2.7837
1.3698
-0.14669
-1.8248
-4.0355
-6.5898
-7.8987
-9.0817
-9.2306
-6.1638
-4.8973
-5.2224
-5.6232
-6.0656
-6.3456
-6.0457
-5.634
-4.9761
-4.0118
-2.8239
-1.633
-0.27469
0.75178
1.7433
2.7492
3.2707
3.0121
2.9845
2.6931
4.2313
5.879
6.5616
6.9521
7.2468
7.1771
7.0443
6.5456
5.6509
4.5095
3.5185
2.6586
1.8624
1.1723
0.3399
-0.74871
-2.3829
-4.6424
-7.2806
-8.8848
-8.3216
-5.2544
-2.9319
-3.5892
-4.1598
-4.4402
-4.4385
-4.3316
-4.2113
-3.9832
-3.6421
-3.0932
-2.123
-1.0788
0.053263
1.0922
2.1121
2.9918
3.4205
2.9089
2.0003
1.5885
1.8394
3.3319
4.3532
5.0588
5.4682
5.6648
5.6206
5.1319
4.1612
3.1142
2.1137
1.2193
0.063513
-1.2617
-2.5719
-4.0506
-6.2508
-8.4004
-9.8517
-10.574
-8.9618
-6.024
-4.0743
-3.4044
-2.6461
-2.1191
-1.9166
-1.638
-1.2227
-0.81013
-0.2224
0.50055
1.1218
1.8084
2.3739
2.8462
3.1818
3.3218
2.6648
2.3239
3.1977
3.3592
4.7393
6.4041
6.1145
6.1799
6.0011
5.4877
5.0376
4.3062
3.1937
1.8687
0.77593
-0.25542
-1.301
-2.6147
-4.0641
-5.6163
-7.4096
-9.6327
-11.015
-11.266
-8.1104
-4.5921
-3.3335
-3.5986
-3.6722
-3.7989
-3.4565
-2.9528
-2.3237
-1.684
-0.71603
0.29895
1.184
1.9625
2.6521
3.1662
3.5738
3.5587
3.3093
3.9341
4.5692
5.4388
7.3884
8.4129
8.9618
8.6757
8.0879
7.2408
6.3842
5.2847
3.855
2.331
0.60959
-1.2486
-3.1548
-5.3042
-7.997
-10.679
-11.92
-11.841
-9.4838
-5.9617
-3.6753
-3.6387
-3.7875
-3.833
-3.9613
-3.7139
-3.226
-2.7039
-2.0971
-1.3309
-0.52908
0.19158
0.90306
1.6783
2.1327
2.0504
2.4515
3.1968
2.6943
4.6514
7.0512
7.9368
8.5523
8.7423
8.6839
8.0835
7.0373
5.454
3.441
1.5884
-0.22295
-2.1035
-3.9473
-6.0444
-8.516
-10.602
-11.142
-10.108
-7.2862
-2.7346
-1.1349
-1.6929
-1.9268
-2.4027
-2.9282
-2.9835
-2.8364
-2.4728
-2.1634
-1.7456
-0.9041
0.11869
1.1789
2.466
3.6941
3.8796
3.3403
2.254
1.2331
2.6432
4.8185
6.1889
7.2836
7.8935
7.9533
7.5295
6.927
5.9517
4.4515
3.0792
1.6181
0.027862
-1.8373
-3.7101
-4.9869
-5.5596
-6.3474
-6.508
-5.6241
-2.0016
1.4165
0.55946
-0.83588
-2.0581
-2.9006
-3.2294
-3.6482
-3.7898
-3.7811
-3.4723
-2.8937
-2.1516
-1.3196
-0.50704
0.48142
1.5435
2.0362
1.5197
1.895
3.5954
5.9768
8.6783
9.0782
9.1453
9.0224
8.4973
7.7
6.9278
5.6886
3.8584
2.0316
0.19628
-1.5332
-3.1077
-4.4727
-5.463
-6.1868
-6.8915
-7.7173
-7.5633
-5.8946
-1.8521
-0.041394
-1.056
-2.0016
-2.8086
-3.3547
-3.588
-3.657
-3.6452
-3.4478
-2.8401
-2.1817
-1.3405
-0.59444
0.24476
0.88726
1.2589
1.5636
2.6363
4.1799
6.0954
8.0212
8.993
9.4639
9.5808
9.1475
8.3779
7.3434
6.1526
4.6216
2.9569
1.4612
-0.20757
-2.1741
-4.2172
-6.8205
-8.9341
-10.201
-9.7669
-7.5594
-4.9631
-3.6512
-3.5165
-3.0682
-2.9612
-2.862
-2.7823
-2.7866
-2.917
-2.808
-2.4487
-1.8208
-1.0729
-0.25255
0.42676
0.96626
1.5645
2.9192
5.1743
7.1088
9.1804
10.195
10.475
10.225
9.5951
8.6579
7.6213
6.2374
4.4567
2.5835
0.8516
-0.87835
-2.4522
-4.1824
-5.5249
-6.7659
-8.2874
-10.053
-9.9885
-7.6909
-4.3913
-1.8394
-2.0564
-2.4854
-2.9224
-3.1891
-3.3934
-3.4698
-3.4324
-3.0333
-2.4085
-1.5798
-0.68248
0.45393
1.7044
2.3133
3.0954
3.8829
4.4367
5.6635
6.5989
7.0213
7.5516
7.958
8.1857
8.3168
7.9801
7.2477
5.9418
4.4458
2.7839
0.82801
-1.5976
-4.1773
-6.8451
-9.7275
-12.331
-13.023
-11.126
-6.9027
-1.206
-1.407
-2.5626
-3.4708
-4.438
-4.7289
-4.6177
-4.5908
-4.1732
-3.4153
-2.68
-1.8782
-1.1286
-0.3503
0.67062
1.7487
2.4932
2.8954
4.0759
4.9579
6.8616
8.7601
9.18
9.9136
10.213
9.65
8.7939
7.6187
6.0019
4.1208
2.2133
0.28567
-1.5614
-3.5777
-5.7929
-8.1671
-10.671
-12.075
-12.353
-10.807
-6.4032
-2.2166
-2.1299
-2.5586
-2.6891
-2.9218
-2.7637
-2.3258
-1.7919
-1.2071
-0.59162
-0.041453
0.48774
0.89804
1.3883
1.8668
2.1125
2.2523
2.62
4.6432
5.9002
7.7715
9.2475
9.3964
9.4076
8.97
8.2645
7.5624
6.6642
5.4687
3.9705
2.5022
0.98699
-0.60232
-2.2631
-4.4796
-7.2888
-9.9942
-12.349
-13.155
-10.898
-6.6794
-4.48
-4.159
-4.4398
-5.115
-5.3237
-5.1172
-4.7138
-4.0631
-3.2759
-2.5533
-1.6875
-0.89687
-0.096838
0.7394
1.3789
1.7135
1.763
2.9077
4.4441
5.4951
7.249
8.4424
9.0116
9.3964
9.3315
9.2492
8.9787
8.2069
7.0841
5.4959
3.819
2.155
0.5035
-1.5214
-3.8466
-6.5201
-9.7669
-11.858
-11.371
-9.3146
-6.2872
-3.4562
-2.9411
-3.1796
-3.1843
-3.2938
-3.103
-3.0159
-2.8701
-2.9093
-2.9459
-2.5349
-2.1355
-1.2378
-0.23244
0.8819
1.7997
2.0495
1.9396
3.341
4.538
6.7525
9.0137
9.405
9.3981
8.8982
8.1338
7.3187
6.3058
5.0181
3.318
1.5703
-0.17353
-1.989
-4.0765
-6.5504
-9.0042
-10.82
-11.079
-10.002
-8.3255
-5.7466
-3.5658
-3.0965
-2.8174
-3.1735
-3.5755
-3.7054
-3.9882
-3.9513
-3.3226
-2.578
-1.7515
-0.69733
0.32832
1.1547
1.8155
2.3777
3.3744
4.8068
6.1898
7.3936
8.3878
9.3315
10.172
10.297
10.048
9.541
8.6021
7.1897
5.4037
3.4698
1.4921
-0.65257
-2.6711
-4.6389
-6.4062
-7.8641
-9.115
-9.9729
-10.036
-8.8895
-5.521
-1.1206
-0.71031
-1.2281
-1.9281
-2.627
-3.0678
-3.1174
-3.1229
-2.9946
-2.4678
-1.674
-0.80576
0.18036
1.2783
2.1877
2.2447
1.0391
-0.62452
-1.5919
-1.3935
1.2259
2.7899
1.8172
0.9112
0.13659
-0.4964
-0.98184
-1.5054
-2.0261
-2.2695
-2.2591
-2.2053
-2.276
-2.789
-3.524
-3.9362
-3.5451
-2.5312
-1.8418
-1.8427
-2.3113
-2.8266
-2.7377
-2.4557
-2.1968
-2.1124
-2.1331
-2.06
-2.1866
-2.5202
-2.335
-1.5819
-0.081472
1.7695
3.8928
6.2136
8.351
10.197
9.8946
8.3562
6.0885
3.7681
4.741
5.4115
5.1657
4.2856
3.4437
2.9387
2.3662
1.629
0.71854
-0.42184
-1.5439
-2.7788
-3.9309
-5.2851
-6.8157
-8.8601
-10.494
-11.211
-10.721
-8.6372
-5.0808
-2.8152
-2.8701
-2.546
-2.0121
-1.2861
-0.28803
0.91865
1.7866
2.5263
3.1626
3.8587
4.4675
4.8951
5.4037
6.2621
6.9832
6.8404
6.469
6.9992
7.2066
8.2411
9.1916
8.8631
8.8501
8.4138
7.8957
7.2364
6.3469
5.0211
3.2569
1.2491
-0.81909
-2.9634
-5.022
-6.6547
-7.8576
-9.4509
-11.089
-12.925
-13.271
-9.979
-4.5203
-3.0702
-3.8649
-3.9999
-4.4376
-4.2631
-3.9094
-3.7143
-2.9968
-2.0403
-1.1037
-0.022378
0.73356
1.1285
1.5016
2.0506
2.4121
2.5376
3.2877
5.3328
6.2127
9.9517
11.51
11.994
11.99
11.359
10.184
9.0566
7.6312
5.5786
3.1563
0.68789
-1.7904
-3.9702
-5.9755
-7.5866
-8.9692
-10.554
-12.006
-12.655
-11.848
-8.4705
-3.0636
-1.9724
-2.9896
-2.9748
-2.7971
-2.1931
-1.4298
-0.47207
0.042442
0.47458
0.86939
1.4525
1.6908
1.7963
2.3083
2.6701
3.1099
3.3566
4.7116
5.9898
7.8546
9.3704
10.111
10.193
10.011
9.4237
8.7484
7.8126
6.3859
4.7155
2.89
1.1466
-0.54769
-2.0925
-3.7447
-5.7898
-8.1654
-10.435
-11.994
-11.446
-8.6463
-4.9073
-3.5655
-4.4164
-6.0201
-6.9599
-7.3035
-6.9824
-6.1833
-5.0436
-3.5239
-1.6688
-0.17473
0.77139
1.1484
1.7228
2.3742
3.1178
3.9972
5.4414
6.8079
7.1096
8.5636
8.9432
8.6406
8.3
7.6663
7.0421
6.4759
5.5475
4.3783
2.8593
1.2465
-0.3405
-1.9439
-3.835
-6.1167
-8.3809
-10.439
-11.378
-11.518
-10.339
-8.0896
-4.7783
-3.1405
-2.2667
-1.6735
-1.5422
-1.3034
-0.90739
-0.56453
0.020514
0.38978
0.77373
0.87064
0.8261
0.75477
0.67677
0.47822
0.36445
1.3492
3.123
4.5121
7.7195
9.8327
11.118
12.241
12.283
11.635
10.614
8.9644
7.0793
4.8774
2.6187
0.65114
-1.2152
-3.0824
-5.0163
-7.1611
-9.1973
-10.216
-10.287
-9.0055
-6.0284
-3.5249
-3.6362
-4.5341
-5.1094
-5.1371
-4.8172
-4.1139
-3.382
-2.6093
-1.7513
-0.84857
0.13982
0.8532
1.2986
1.6116
1.7881
1.7981
2.0679
3.7466
5.4479
7.3823
9.3747
9.9141
10.283
10.271
9.9491
9.0397
7.8883
6.3582
4.4134
2.5918
0.7494
-0.97033
-2.9222
-5.3812
-8.1818
-11.578
-14.42
-14.797
-13.005
-10.063
-4.3185
0.069512
0.10627
-0.3101
-0.69451
-1.2207
-1.5321
-1.7085
-1.6729
-1.3361
-1.0514
-0.78117
-0.46302
0.018938
0.53947
0.92388
0.93557
1.677
3.1052
4.4476
7.1343
9.3514
10.358
10.912
10.775
10.03
8.8947
7.4611
5.6907
3.5445
1.2953
-0.92094
-3.015
-5.4102
-8.0156
-11.076
-13.891
-14.228
-13.758
-9.6704
-2.7422
-0.74412
-1.8002
-2.4197
-3.2948
-3.8807
-3.915
-3.8527
-3.2907
-2.335
-1.3729
-0.77745
-0.27205
0.36337
1.1661
2.1848
2.9506
4.2993
6.3452
8.0433
10.546
11.722
11.388
11.291
10.934
10.235
9.0337
7.6849
6.0881
4.39
2.5994
1.0024
-0.60725
-2.3722
-4.6216
-7.2014
-9.9729
-11.82
-11.645
-11.206
-8.0069
-4.0309
-3.5019
-4.2146
-4.0965
-4.2446
-4.1409
-3.7241
-2.9744
-2.0621
-1.1169
-0.50393
0.17562
0.77368
1.4166
2.5198
3.4201
4.4558
5.6288
5.9634
6.3413
7.1542
7.871
8.7791
9.3492
9.4747
8.8384
8.0792
7.0144
5.5375
3.6713
1.6171
-0.34121
-2.4039
-4.3883
-6.7594
-9.5219
-12.309
-13.505
-12.691
-11.64
-5.6596
-1.8485
-1.5678
-1.6603
-2.2509
-3.0684
-3.515
-3.6225
-3.2936
-2.1421
-1.013
-0.04207
0.79606
1.6979
2.8185
4.103
4.9648
5.3661
6.1266
6.4266
7.4901
8.6709
8.883
9.1025
9.2103
8.6112
7.9437
7.3139
6.3712
4.9999
3.3313
1.7076
-0.029941
-1.6287
-3.4249
-5.6725
-8.4779
-10.695
-11.574
-9.9916
-8.0346
-4.5657
-3.2117
-3.2522
-3.5845
-3.9292
-4.2627
-4.312
-4.1947
-4.1627
-3.9412
-3.3568
-2.5305
-1.5783
-0.94907
-0.59829
-0.8387
-1.4149
-0.40946
0.27571
1.7856
3.1869
3.8296
4.2597
4.5458
4.4458
4.132
3.8248
3.0531
1.811
0.82402
-0.067486
-0.28474
-0.3522
-0.67798
-0.76992
-1.0038
-1.6583
-1.7031
-1.3383
-0.22093
0.95319
2.1744
2.8516
2.7409
1.903
1.084
0.93431
1.2137
1.2906
1.3508
1.3304
1.1892
0.9905
0.76065
0.18425
-0.54907
-1.7696
-2.1015
-1.7307
-0.90834
0.068053
0.90817
0.37983
0.080476
1.5318
2.7783
3.6679
3.6768
2.423
0.63859
-0.18103
-0.28053
-0.33371
-0.73001
-1.6434
-2.5433
-3.1405
-2.8955
-2.6121
-2.3544
-2.3513
-2.5049
-2.9939
-3.1938
-2.6721
-1.6419
-0.68551
0.67404
1.7509
1.9731
1.7415
1.4722
0.89531
0.37496
-0.069373
-0.48021
-1.0494
-1.9778
-2.6173
-2.8734
-2.8066
-2.4799
-1.1942
0.067322
0.88016
1.4765
1.6076
1.7249
1.5671
1.2363
0.96613
0.62508
0.31434
-0.12223
-0.59435
-0.86679
-0.56899
-0.024043
0.4638
0.53531
0.1992
0.17531
0.21454
0.33337
0.49259
1.223
1.8994
2.2162
2.0587
1.5012
0.80121
-0.15818
-1.0017
-1.726
-2.1743
-2.8635
-3.6349
-3.9272
-3.4471
-2.9383
-2.3449
-0.99188
-0.048164
0.32941
0.72386
1.2779
1.3396
0.94626
0.98349
1.223
1.2068
1.0129
0.7894
0.54176
0.067746
-0.28375
-0.36129
-0.65486
-1.3088
-1.5945
-1.0209
-0.6372
0.080493
1.1611
2.351
2.53
1.7149
0.73927
0.46099
0.75239
0.87614
0.70482
0.054401
-0.565
-1.2748
-1.7967
-2.0553
-1.9788
-1.6123
-1.061
-0.025196
0.34431
-0.2414
-0.43822
-0.6008
-0.45216
-0.26504
-0.34881
-0.43484
-0.60154
-0.81437
-1.1484
-1.4242
-1.4182
-1.1107
-1.0767
-0.69902
-0.15491
0.45164
0.90947
1.2305
1.7714
2.6286
2.9287
2.8128
2.4918
2.1923
