71
261
224
198
135
93
46
47
21
20
16
25
5
17
10
27
11
24
11
16
18
10
5
13
7
13
-1
15
3
20
22
25
19
55
100
97
77
75
46
30
31
26
10
25
24
21
26
457
1357
1563
639
169
78
63
46
63
48
64
62
71
65
77
68
74
90
104
126
175
203
259
276
297
290
268
204
172
111
77
49
39
26
29
18
37
33
28
25
34
21
27
13
16
-1
14
2
16
-1
11
5
18
-3
11
15
17
14
54
87
84
61
61
25
18
14
11
-4
12
2
5
10
415
1305
1551
623
147
45
38
18
25
23
30
22
39
29
37
36
48
48
75
94
127
168
213
235
264
253
227
178
130
72
45
13
3
-16
-5
-16
-10
-18
-6
-15
-5
-10
-2
-20
-5
-12
-7
-21
-7
-20
-8
-12
-14
-23
-10
-15
-8
0
40
59
66
52
35
-6
-5
-15
-23
-25
-16
-36
-40
60
542
1407
1400
397
87
21
20
2
8
-10
14
8
25
12
26
26
32
44
66
88
127
166
203
232
254
244
221
159
107
60
37
4
-9
-13
-23
-21
-15
-20
-20
-28
-3
-13
-3
4
6
-1
2
-13
13
-2
13
-3
17
7
11
10
34
80
93
76
82
56
31
28
30
8
32
33
40
-11
243
906
1607
1159
303
111
98
82
71
74
91
76
90
81
94
84
103
107
116
138
176
217
261
292
319
323
302
270
228
174
130
99
87
72
62
69
76
64
54
67
70
65
70
57
63
56
53
57
62
55
55
55
45
52
46
40
59
83
132
98
103
98
77
50
57
49
44
54
53
32
90
530
1462
1532
556
161
99
80
70
74
68
76
88
78
78
67
79
57
88
101
133
153
201
228
277
274
272
228
188
131
86
49
30
9
3
-8
-3
-12
-6
-20
-12
-16
-15
-23
-17
-23
-29
-46
-26
-43
-27
-41
-37
-45
-39
-55
-42
-44
6
29
18
-5
-5
-42
-52
-52
-65
-66
-67
-73
-99
27
554
1435
1330
330
30
-34
-45
-55
-49
-47
-38
-44
-31
-37
-31
-32
-21
-11
3
37
76
114
155
179
200
181
154
84
49
1
-29
-56
-60
-76
-74
-74
-74
-74
-69
-78
-66
-73
-70
-77
-79
-79
-85
-94
-76
-85
-81
-79
-80
-85
-85
-91
-86
-57
-14
-8
-16
-18
-39
-86
-76
-86
-97
-90
-85
-84
-137
139
844
1488
1005
155
-22
-55
-60
-64
-59
-51
-59
-50
-45
-48
-41
-43
-35
-23
3
36
83
120
155
168
189
162
127
67
21
-26
-50
-77
-81
-88
-91
-89
-89
-87
-84
-85
-70
-81
-72
-83
-87
-86
-79
-80
-88
-80
-67
-81
-67
-78
-68
-58
-14
17
8
-7
-17
-54
-55
-63
-73
-66
-68
-66
-89
22
485
1361
1382
393
54
-4
-4
-21
-13
-18
-6
-12
7
1
8
17
23
25
52
80
107
161
200
229
245
230
211
163
113
64
39
14
7
1
14
4
7
15
9
11
18
27
19
27
28
41
37
22
32
34
40
50
48
49
59
77
131
130
129
126
108
75
85
81
61
78
67
80
28
226
868
1653
1321
391
172
136
122
101
126
119
129
137
147
135
143
143
166
170
188
226
270
292
333
360
372
348
306
249
210
172
141
116
107
100
101
98
107
106
105
108
100
103
98
92
90
93
88
81
83
86
89
89
73
87
83
90
127
166
149
138
126
105
85
92
80
77
79
74
55
110
543
1457
1569
610
193
116
95
94
92
87
91
105
91
99
104
102
105
121
136
158
177
236
271
294
316
310
276
226
175
133
87
68
57
56
48
41
39
48
53
45
58
49
43
44
44
44
41
34
33
38
41
44
46
40
50
43
41
45
73
113
120
116
110
95
55
50
46
39
42
45
45
9
202
763
1573
1346
372
122
75
65
60
57
63
72
68
66
76
76
79
86
96
114
148
188
228
265
288
305
289
246
197
144
98
64
35
21
17
16
13
16
22
20
20
21
20
23
12
6
0
10
9
5
7
5
7
3
-1
3
24
68
93
84
74
55
17
3
4
2
-15
3
-3
-13
75
527
1403
1443
466
108
41
19
14
13
15
28
22
35
21
36
20
30
39
66
85
122
162
181
223
233
220
198
135
104
49
15
-17
-23
-34
-30
-30
-31
-32
-30
-35
-31
-25
-20
-31
-18
-21
-21
-26
-25
-26
-25
-13
-20
-22
-17
4
56
61
48
46
39
-4
3
1
-8
-9
-1
-6
-59
156
774
1550
1214
298
87
38
29
26
31
29
29
35
32
38
45
48
48
56
90
109
144
194
227
247
255
241
203
154
105
47
35
10
7
-6
1
-11
-9
-17
-4
-9
-7
-7
-4
-11
-9
-14
-10
-12
-15
-6
-10
-10
-1
-3
0
11
68
79
68
43
38
0
2
1
-10
-17
5
-14
-61
192
885
1587
1153
260
64
18
3
4
5
8
8
6
11
-4
7
9
15
28
46
72
112
147
187
208
220
188
155
104
52
2
-23
-48
-54
-64
-58
-76
-65
-71
-74
-76
-72
-75
-67
-77
-82
-83
-77
-86
-86
-87
-80
-86
-83
-92
-83
-93
-83
-59
-5
-25
-25
-43
-64
-81
-79
-92
-102
-96
-107
-95
-128
210
1059
1487
726
79
-39
-70
-72
-78
-78
-68
-62
-66
-55
-54
-58
-51
-49
-36
-6
21
64
103
133
159
162
131
93
34
-10
-53
-77
-100
-101
-116
-114
-118
-112
-117
-110
-119
-99
-111
-111
-117
-112
-115
-117
-117
-117
-134
-119
-133
-131
-136
-140
-138
-102
-79
-58
-66
-67
-88
-120
-128
-126
-149
-128
-141
-129
-171
-21
487
1353
1215
233
-52
-101
-118
-116
-119
-107
-126
-109
-114
-110
-101
-100
-103
-80
-74
-47
-1
44
74
110
116
105
64
19
-37
-83
-105
-128
-150
-148
-160
-150
-166
-150
-163
-151
-169
-160
-160
-157
-164
-156
-165
-171
-166
-153
-166
-152
-165
-156
-158
-151
-115
-75
-82
-82
-87
-122
-139
-124
-135
-134
-149
-118
-143
-86
346
1255
1339
394
-14
-69
-102
-96
-118
-95
-113
-97
-109
-95
-91
-82
-85
-69
-62
-32
7
54
80
114
114
116
91
43
-19
-55
-94
-116
-135
-137
-151
-137
-155
-130
-137
-131
-141
-135
-148
-144
-147
-152
-157
-151
-165
-155
-165
-154
-164
-148
-148
-142
-138
-69
-92
-93
-106
-120
-167
-157
-154
-165
-165
-171
-174
-210
122
966
1428
680
12
-112
-149
-153
-171
-153
-161
-153
-161
-150
-158
-140
-143
-137
-128
-104
-82
-37
-6
37
46
57
27
-18
-77
-122
-167
-190
-213
-212
-227
-225
-229
-222
-235
-217
-232
-222
-226
-227
-230
-225
-239
-229
-234
-228
-237
-226
-233
-221
-222
-226
-224
-193
-165
-134
-152
-152
-173
-200
-209
-211
-217
-208
-234
-207
-266
-26
595
1366
1037
102
-122
-146
-182
-166
-177
-161
-165
-153
-161
-150
-151
-140
-137
-120
-101
-66
-37
19
46
75
78
72
19
-29
-81
-116
-156
-167
-189
-186
-196
-184
-192
-183
-189
-189
-185
-170
-185
-175
-183
-177
-185
-176
-175
-174
-177
-173
-181
-171
-180
-175
-164
-114
-118
-104
-117
-127
-173
-153
-170
-171
-181
-169
-178
-192
-83
394
1267
1260
261
-56
-128
-127
-134
-127
-131
-118
-127
-119
-120
-115
-122
-100
-102
-69
-59
-11
24
71
83
118
99
74
18
-27
-79
-110
-140
-138
-168
-154
-163
-155
-167
-153
-166
-149
-159
-149
-158
-145
-158
-142
-151
-132
-146
-126
-136
-126
-135
-120
-126
-107
-65
-47
-50
-49
-81
-95
-112
-98
-112
-111
-111
-101
-133
16
537
1403
1257
294
-1
-43
-53
-53
-49
-47
-57
-34
-41
-30
-33
-21
-10
1
17
74
87
144
170
213
215
213
167
127
72
35
4
-2
-37
-26
-34
-30
-28
-25
-40
-15
-29
-19
-22
-25
-39
-14
-30
-18
-35
-20
-29
-32
-24
-22
-20
-8
-5
63
57
54
35
28
-16
-5
-4
-18
-15
-11
-12
-74
203
947
1592
1033
208
59
7
11
1
9
2
13
-1
14
5
18
12
30
35
63
78
132
157
192
212
231
186
164
101
58
16
-9
-40
-39
-60
-56
-74
-55
-75
-61
-69
-66
-81
-69
-83
-88
-85
-85
-97
-85
-98
-89
-100
-98
-105
-92
-108
-89
-86
-18
-37
-37
-55
-67
-108
-96
-105
-114
-114
-104
-115
-160
93
803
1483
1037
143
-31
-82
-86
-100
-93
-97
-85
-96
-78
-95
-83
-94
-73
-73
-42
-23
24
54
116
114
135
109
83
6
-35
-86
-105
-142
-145
-163
-154
-158
-160
-161
-150
-159
-151
-167
-158
-162
-152
-166
-159
-166
-164
-171
-153
-171
-166
-177
-165
-183
-162
-177
-149
-128
-85
-101
-93
-129
-136
-165
-154
-174
-164
-176
-156
-188
-144
249
1166
1335
395
-48
-128
-154
-149
-166
-140
-159
-137
-138
-134
-155
-126
-135
-111
-112
-67
-50
4
32
79
81
99
58
21
-46
-80
-130
-143
-170
-182
-176
-174
-188
-173
-175
-172
-191
-168
-182
-175
-185
-169
-185
-182
-187
-178
-186
-180
-188
-177
-198
-188
-201
-173
-150
-108
-122
-122
-138
-151
-186
-175
-187
-184
-195
-164
-186
-196
145
1007
1374
580
-20
-109
-145
-138
-142
-139
-154
-135
-165
-132
-139
-125
-142
-111
-101
-71
-58
-7
30
69
75
94
46
13
-41
-72
-117
-134
-159
-159
-167
-154
-160
-151
-165
-145
-158
-131
-149
-136
-145
-137
-140
-124
-132
-109
-128
-109
-117
-108
-109
-102
-96
-62
-24
-24
-38
-29
-63
-72
-87
-65
-93
-88
-83
-73
-141
207
1017
1520
754
119
-30
-36
-60
-51
-60
-31
-54
-44
-50
-36
-61
-36
-45
-10
5
46
73
123
136
167
157
153
96
62
-8
-34
-71
-66
-113
-84
-102
-84
-108
-96
-108
-91
-105
-83
-108
-95
-108
-96
-103
-95
-114
-100
-108
-102
-111
-110
-117
-85
-60
-22
-55
-42
-76
-94
-110
-106
-122
-114
-118
-114
-160
-10
521
1412
1253
266
-33
-76
-102
-98
-113
-96
-111
-90
-104
-88
-103
-86
-98
-71
-70
-34
-5
49
66
112
110
118
65
31
-32
-66
-117
-130
-150
-147
-163
-149
-162
-149
-166
-148
-163
-146
-169
-153
-168
-156
-175
-161
-162
-150
-166
-153
-159
-156
-167
-151
-168
-140
-132
-60
-81
-71
-92
-98
-144
-128
-141
-141
-156
-146
-150
-192
67
790
1453
978
94
-74
-131
-115
-140
-122
-139
-119
-123
-107
-119
-97
-115
-94
-103
-58
-48
12
41
91
102
117
88
65
-10
-37
-93
-110
-152
-138
-162
-149
-159
-148
-159
-143
-158
-146
-154
-141
-160
-141
-157
-134
-162
-131
-147
-137
-140
-126
-141
-125
-132
-113
-106
-55
-46
-30
-58
-60
-103
-99
-119
-111
-121
-112
-127
-113
-113
282
1164
1426
497
28
-77
-79
-103
-81
-92
-74
-92
-63
-76
-61
-69
-47
-49
-21
-1
54
88
143
154
190
177
160
101
61
6
-23
-65
-68
-95
-70
-92
-80
-101
-80
-92
-92
-100
-84
-94
-91
-97
-80
-103
-88
-110
-96
-107
-90
-112
-87
-105
-88
-99
-52
-28
-11
-30
-18
-47
-68
-79
-71
-80
-73
-93
-61
-126
76
620
1458
1202
268
15
-16
-46
-43
-43
-23
-28
-16
-28
-16
-21
2
-12
27
32
74
91
152
180
225
226
218
195
156
88
67
17
20
-11
-12
-10
7
-19
10
-10
17
-3
17
8
26
1
27
6
32
22
39
36
48
33
48
36
55
47
90
121
130
112
116
81
78
60
82
47
81
65
76
30
351
1152
1701
976
302
139
132
102
115
95
118
98
122
117
131
118
143
133
171
169
213
252
293
312
347
334
333
273
241
172
146
98
89
71
72
56
79
64
72
55
66
57
63
45
64
37
61
39
47
34
54
39
56
30
50
36
48
39
74
108
127
97
99
62
43
26
48
10
35
19
52
-39
258
985
1649
1095
280
79
68
37
52
37
63
32
58
46
63
48
70
59
100
90
144
162
227
244
276
271
274
210
178
113
83
51
39
12
28
6
18
7
15
10
27
11
29
6
25
3
17
7
24
9
26
8
22
16
25
16
22
14
34
38
100
90
112
84
78
30
51
27
31
19
37
24
11
134
664
1522
1443
417
138
74
80
59
70
73
94
86
96
87
107
108
122
116
150
160
217
238
297
309
342
323
304
233
193
143
121
80
73
58
73
57
68
60
70
50
80
52
70
51
70
50
63
50
61
52
69
52
69
59
76
46
64
61
109
123
136
110
121
68
65
48
57
34
60
36
54
25
403
1248
1616
753
209
97
94
73
86
68
86
75
96
72
86
83
109
100
132
138
187
216
258
293
318
311
303
237
206
139
123
79
83
47
71
50
64
43
70
44
70
54
75
45
77
58
78
55
75
67
85
72
94
76
92
76
104
104
183
161
175
152
143
106
123
105
114
101
109
106
65
268
910
1675
1343
411
213
145
162
132
150
134
154
145
155
145
156
143
171
181
220
230
290
312
361
377
395
376
350
290
265
192
189
143
158
130
143
129
144
133
146
132
156
133
157
138
155
139
156
140
164
140
165
141
174
153
168
158
191
221
266
227
239
215
199
172
188
170
181
172
188
141
246
713
1642
1636
652
285
232
191
209
191
216
198
223
196
217
194
218
206
233
226
275
290
351
371
420
409
425
379
339
269
238
185
186
152
157
143
158
138
161
149
159
148
168
152
167
148
162
141
168
142
171
156
177
152
182
162
167
157
184
184
237
257
261
239
247
196
201
182
203
178
194
187
189
222
654
1562
1725
741
334
242
233
213
228
212
246
228
250
234
254
234
262
251
286
298
343
370
429
443
479
460
446
379
342
272
260
208
213
186
199
185
195
188
204
188
207
185
204
183
200
180
198
178
193
182
198
184
199
176
200
174
192
178
217
246
269
260
238
211
192
174
184
154
170
155
169
128
259
730
1622
1551
560
235
197
166
175
164
181
159
191
173
191
174
195
184
216
210
253
273
337
355
400
395
404
352
328
250
225
172
159
131
138
110
131
111
123
113
122
105
121
105
125
106
119
107
115
89
105
84
100
83
100
75
90
75
108
118
166
137
159
128
114
74
100
73
81
70
95
67
93
440
1332
1601
749
215
135
109
120
88
126
105
126
111
126
110
137
129
152
155
196
214
279
307
355
364
371
333
304
239
212
151
150
124
129
113
128
105
126
106
126
107
147
103
136
117
137
113
133
121
133
122
145
115
143
129
149
140
174
201
225
188
206
165
153
142
149
120
155
130
152
79
408
1159
1765
1116
381
199
203
172
184
175
185
186
202
178
197
193
205
197
239
236
280
310
368
377
418
394
407
346
306
258
219
170
185
152
163
139
160
143
152
146
156
131
151
130
135
120
128
116
126
106
122
104
132
111
120
98
113
122
184
170
170
146
138
94
105
96
82
70
92
70
33
229
878
1646
1350
376
162
103
101
80
104
90
106
96
101
92
115
95
123
113
143
157
211
228
294
304
327
297
276
204
174
102
95
53
53
17
40
25
33
17
29
14
36
21
32
6
20
8
15
6
20
-3
18
-1
15
2
11
-4
6
28
95
74
84
52
58
8
28
-7
6
-15
8
-10
-45
157
786
1535
1244
273
58
10
13
-8
14
3
27
3
29
16
36
20
47
36
76
82
145
174
231
238
270
235
217
159
113
58
40
3
8
-18
0
-24
0
-14
2
-19
-6
-22
-5
-19
-6
-23
-6
-26
-8
-22
-10
-30
-13
-36
-15
-31
-10
-2
55
51
70
41
46
1
9
-16
-24
-38
-14
-35
-42
40
506
1380
1421
421
82
2
16
-13
-3
-13
8
-13
12
-5
18
-3
22
18
56
70
120
151
207
216
253
222
217
156
111
45
34
-9
-3
-30
-12
-30
-13
-36
-11
-31
-19
-36
-14
-35
-16
-34
-27
-37
-15
-33
-6
-22
-9
-29
-13
-16
35
67
74
50
61
20
19
-5
19
-11
19
-2
22
-48
292
1065
1601
882
214
68
57
34
40
28
52
34
54
31
59
51
59
60
88
89
142
165
221
242
265
254
255
184
152
89
70
26
25
-2
-2
-12
10
-19
1
-8
0
-8
-10
-20
4
-18
-6
-22
-6
-20
-3
-27
-7
-15
-13
-15
12
50
76
44
44
24
7
-16
6
-25
-3
-32
-7
-75
129
708
1543
1254
307
45
16
-19
-5
-38
-7
-22
-17
-14
1
-10
10
7
31
28
80
93
163
176
218
222
223
169
129
60
34
-11
-31
-49
-40
-54
-50
-59
-46
-64
-43
-68
-49
-67
-74
-76
-57
-69
-66
-78
-57
-73
-60
-75
-59
-68
-66
-63
-14
9
7
-14
-5
-54
-57
-71
-55
-85
-60
-74
-62
-95
286
1153
1515
666
105
-20
-25
-54
-34
-43
-22
-32
-7
-39
-11
-26
3
-7
25
31
88
115
175
193
233
217
216
149
113
46
28
-12
-18
-40
-28
-42
-27
-37
-20
-38
-19
-31
-17
-22
-15
-31
-14
-30
-7
-24
-13
-29
-15
-29
-10
-26
-6
-31
22
34
74
49
56
18
-2
-19
-6
-34
-18
-32
-14
-51
51
484
1393
1422
447
75
22
-10
-1
-11
4
-4
13
1
13
-1
16
12
27
27
69
88
141
167
213
219
225
179
158
82
47
-6
-11
-48
-29
-56
-38
-52
-45
-59
-43
-54
-47
-62
-39
-53
-44
-61
-39
-53
-41
-50
-37
-50
-41
-45
-36
-31
36
30
35
15
16
-30
-16
-33
-33
-32
-18
-32
-62
103
677
1492
1281
304
77
8
16
4
12
14
15
0
23
9
27
17
39
37
75
87
128
168
210
216
252
228
205
142
103
51
19
-11
-5
-21
-16
-30
-9
-27
-6
-28
-9
-28
-11
-26
-8
-22
-16
-33
-16
-26
-18
-30
-8
-28
-13
-13
16
52
62
41
57
24
2
-9
7
-17
-5
-10
8
-70
212
896
1608
1110
264
73
44
10
28
20
38
22
36
22
34
30
48
47
80
72
124
145
196
222
261
254
248
195
151
86
65
26
13
-21
-10
-26
-11
-28
-17
-26
-18
-27
-21
-37
-24
-33
-27
-45
-35
-39
-28
-45
-25
-39
-27
-38
-32
-45
-10
7
54
26
29
15
-14
-40
-25
-52
-35
-46
-26
-47
-6
390
1312
1497
562
89
16
-21
-13
-23
-16
-18
-3
-21
-2
-11
8
6
24
30
71
94
156
178
225
235
243
206
161
99
61
9
-8
-41
-32
-47
-41
-64
-40
-53
-41
-44
-42
-50
-42
-59
-40
-51
-54
-56
-48
-60
-59
-62
-46
-62
-51
-62
-53
-58
-13
16
20
2
5
-40
-53
-67
-74
-86
-74
-87
-74
-126
193
955
1495
853
128
-30
-45
-61
-46
-58
-47
-61
-48
-57
-44
-60
-43
-39
-12
-12
35
54
113
132
166
161
148
85
53
-19
-58
-85
-102
-136
-121
-141
-128
-145
-133
-145
-136
-148
-151
-155
-137
-152
-139
-158
-140
-152
-140
-154
-141
-151
-136
-157
-129
-120
-61
-75
-68
-91
-100
-139
-132
-152
-162
-144
-145
-155
-191
52
740
1420
957
95
-80
-122
-126
-139
-125
-130
-121
-130
-112
-130
-103
-120
-98
-96
-65
-36
7
44
84
94
117
89
56
-8
-48
-102
-120
-140
-152
-172
-156
-163
-164
-167
-168
-172
-162
-167
-160
-163
-149
-165
-162
-167
-166
-167
-162
-153
-159
-160
-158
-155
-119
-82
-84
-110
-89
-133
-142
-144
-138
-159
-142
-150
-149
-183
160
999
1450
665
30
-93
-95
-124
-108
-102
-106
-118
-104
-108
-91
-100
-84
-88
-56
-49
-1
19
83
99
132
121
115
51
14
-42
-79
-115
-127
-147
-137
-148
-152
-157
-144
-160
-144
-167
-150
-161
-150
-168
-167
-172
-170
-172
-160
-177
-164
-167
-169
-169
-168
-175
-142
-109
-86
-118
-118
-152
-173
-186
-170
-201
-189
-185
-191
-256
47
780
1421
884
61
-123
-139
-170
-159
-172
-152
-156
-136
-145
-134
-135
-132
-127
-106
-100
-57
-17
31
55
100
80
79
26
-24
-78
-109
-158
-156
-187
-179
-197
-181
-195
-177
-184
-173
-178
-175
-175
-170
-181
-167
-182
-171
-191
-172
-179
-179
-178
-171
-181
-165
-180
-162
-162
-119
-100
-89
-104
-107
-141
-153
-156
-153
-174
-164
-158
-156
-188
165
1007
1411
613
10
-115
-121
-143
-135
-131
-119
-120
-104
-112
-95
-109
-91
-84
-59
-43
-9
40
92
120
153
142
135
80
33
-34
-61
-94
-111
-125
-111
-123
-116
-123
-110
-125
-118
-112
-122
-119
-117
-122
-112
-123
-115
-126
-111
-107
-102
-111
-97
-100
-89
-77
-23
-24
-24
-28
-60
-94
-87
-102
-103
-116
-84
-98
-143
74
678
1422
1127
183
-23
-70
-71
-79
-77
-80
-63
-75
-59
-64
-44
-51
-31
-20
3
26
77
116
156
178
200
182
143
93
48
-3
-36
-53
-48
-74
-62
-74
-55
-71
-57
-58
-61
-53
-46
-59
-49
-55
-47
-54
-36
-46
-36
-43
-37
-34
-30
-31
14
44
46
27
29
-8
-9
-14
-8
-23
-14
-13
-11
5
418
1327
1513
586
136
58
43
39
37
43
60
54
65
57
66
76
89
95
108
133
169
209
253
287
305
299
283
217
182
137
98
75
59
52
57
41
62
50
57
47
58
44
57
50
51
45
47
44
47
34
29
43
38
36
38
29
54
113
108
91
85
59
29
19
19
5
9
-3
13
-65
235
988
1605
1041
221
45
11
-6
-11
-10
-2
-11
-4
-9
2
-4
1
-1
20
37
50
96
143
169
198
192
182
144
90
33
-8
-44
-63
-70
-79
-87
-79
-81
-78
-78
-79
-92
-82
-80
-87
-96
-93
-99
-96
-106
-100
-100
-106
-106
-98
-102
-98
-98
-97
-81
-22
-26
-43
-42
-72
-106
-101
-116
-117
-121
-109
-115
-158
151
932
1471
855
91
-57
-91
-97
-98
-93
-102
-98
-92
-82
-95
-86
-88
-65
-71
-37
-13
30
72
112
135
146
121
80
22
-27
-75
-112
-140
-142
-152
-152
-158
-153
-160
-155
-158
-162
-165
-158
-161
-172
-167
-167
-164
-160
-164
-162
-161
-155
-162
-150
-157
-151
-138
-95
-64
-73
-82
-81
-115
-132
-133
-143
-148
-144
-144
-151
-148
216
1077
1393
567
21
-86
-99
-107
-100
-88
-77
-74
-72
-72
-65
-68
-48
-47
-21
6
42
96
130
163
189
195
158
109
70
17
-21
-49
-58
-67
-67
-64
-62
-62
-51
-54
-54
-47
-39
-42
-27
-37
-35
-24
-17
-25
-12
-8
-4
7
11
13
16
40
90
101
107
97
90
53
61
52
54
59
60
67
44
179
742
1576
1406
448
180
132
126
117
118
129
132
136
139
147
139
152
164
174
205
227
266
312
353
382
393
385
356
305
252
203
188
147
147
140
138
138
145
150
139
141
148
148
149
152
152
142
156
158
159
145
162
153
161
166
168
164
179
232
262
242
230
219
189
178
192
183
185
196
202
150
309
866
1738
1559
559
280
233
218
217
223
215
217
216
221
223
223
231
241
248
262
297
333
373
405
432
444
432
395
346
285
244
208
185
166
163
157
157
151
152
155
154
146
150
148
147
146
141
137
138
132
134
137
130
130
131
126
133
127
138
161
210
207
194
185
163
132
135
127
117
129
121
123
81
413
1242
1731
1021
324
185
163
146
143
151
155
160
156
167
168
167
171
179
189
216
244
288
336
362
384
392
372
325
261
215
169
137
119
105
100
96
93
95
95
93
91
95
96
90
88
85
83
80
85
82
78
76
77
79
79
76
74
79
89
123
157
148
135
128
88
76
68
68
58
59
57
46
55
435
1323
1585
687
188
92
73
66
66
73
70
77
69
76
77
83
83
89
111
135
172
206
253
285
300
300
269
221
160
116
71
41
27
16
11
15
10
9
8
0
-2
5
-1
-2
-5
-5
-8
-12
-14
-8
-10
-10
-17
-5
-3
-2
5
-4
16
72
64
66
54
23
-10
-5
-14
-25
-26
-16
-17
-67
181
809
1519
1124
236
42
13
-3
-13
-18
3
-7
1
-3
-3
-1
10
18
25
52
68
115
153
194
209
229
209
167
128
73
16
-7
-26
-37
-40
-36
-39
-40
-45
-35
-51
-45
-41
-37
-46
-42
-40
-46
-47
-51
-50
-39
-48
-36
-40
-40
-30
-7
48
40
32
25
-3
-18
-16
-16
-35
-11
-17
-21
-57
305
1139
1560
781
176
52
39
29
27
41
31
41
53
48
52
55
65
66
97
113
156
196
238
267
293
292
270
219
174
118
92
58
40
29
28
24
22
26
34
27
36
30
29
34
31
33
32
28
32
24
33
20
30
22
28
17
38
62
117
88
75
65
35
19
24
18
3
0
5
0
7
403
1323
1534
632
136
42
19
14
8
12
16
16
7
18
13
19
23
38
50
77
110
145
186
220
231
230
198
146
93
42
3
-22
-42
-50
-65
-59
-84
-55
-66
-69
-78
-74
-83
-75
-87
-94
-86
-96
-103
-102
-104
-101
-105
-102
-112
-103
-112
-114
-114
-80
-29
-42
-59
-62
-102
-124
-124
-126
-138
-132
-136
-132
-165
194
1052
1433
638
34
-87
-104
-122
-115
-120
-107
-109
-99
-105
-101
-110
-87
-89
-75
-53
-17
18
65
90
121
120
101
42
1
-71
-103
-136
-154
-170
-169
-178
-174
-182
-180
-188
-175
-187
-182
-184
-184
-194
-190
-196
-194
-202
-197
-200
-197
-206
-201
-206
-204
-211
-202
-164
-121
-139
-142
-152
-183
-211
-204
-215
-220
-211
-220
-224
-251
89
918
1326
587
-53
-163
-197
-198
-200
-208
-208
-204
-205
-197
-215
-194
-196
-188
-166
-141
-120
-66
-34
13
21
29
11
-30
-94
-125
-182
-201
-234
-230
-237
-230
-231
-223
-236
-227
-227
-227
-236
-222
-230
-223
-241
-216
-227
-222
-223
-209
-222
-212
-220
-208
-204
-177
-139
-116
-129
-126
-155
-170
-185
-178
-189
-187
-180
-175
-217
-40
512
1337
1117
170
-89
-126
-132
-141
-146
-136
-141
-132
-142
-121
-126
-120
-118
-102
-92
-42
-17
36
71
102
110
116
69
26
-36
-71
-114
-123
-149
-139
-142
-137
-145
-137
-137
-127
-134
-124
-120
-127
-138
-125
-129
-120
-128
-129
-124
-114
-125
-109
-113
-107
-94
-31
-24
-19
-41
-34
-77
-79
-82
-85
-95
-87
-83
-112
24
581
1445
1291
299
27
-36
-39
-61
-45
-46
-37
-42
-32
-40
-42
-34
-29
-11
5
22
67
105
151
158
180
172
138
77
34
-21
-51
-79
-86
-100
-99
-104
-100
-105
-88
-100
-89
-99
-87
-101
-87
-102
-96
-102
-97
-118
-99
-108
-107
-117
-111
-109
-99
-84
-17
-43
-53
-62
-75
-118
-113
-118
-125
-124
-121
-129
-169
143
933
1463
838
87
-60
-96
-98
-109
-101
-102
-90
-92
-79
-79
-74
-72
-61
-52
-16
10
56
94
128
147
161
139
107
50
-12
-51
-73
-102
-107
-122
-114
-117
-120
-116
-112
-120
-118
-114
-107
-120
-117
-126
-115
-123
-115
-121
-112
-119
-113
-114
-108
-114
-107
-98
-54
-21
-20
-28
-34
-69
-86
-82
-91
-99
-86
-102
-97
-79
309
1191
1430
519
50
-49
-57
-71
-61
-68
-56
-56
-44
-56
-31
-36
-16
-12
23
43
78
116
165
182
212
207
190
132
87
23
-2
-37
-43
-62
-52
-59
-50
-75
-55
-62
-59
-60
-50
-63
-54
-70
-52
-82
-56
-65
-55
-69
-53
-70
-56
-80
-47
-36
24
12
9
-3
-11
-51
-43
-60
-68
-68
-52
-63
-109
134
788
1490
1056
194
18
-23
-37
-52
-43
-56
-38
-42
-27
-43
-30
-27
-15
-11
19
44
86
118
163
176
188
170
140
81
39
-13
-43
-74
-75
-90
-77
-83
-71
-85
-70
-81
-73
-82
-72
-67
-75
-70
-74
-80
-70
-75
-69
-64
-57
-68
-54
-63
-17
33
14
0
3
-44
-54
-52
-54
-71
-50
-60
-68
-25
451
1347
1396
419
59
-16
-12
-35
-31
-32
-20
-23
-20
-22
-19
-7
-1
-6
27
44
92
122
164
182
205
193
166
110
60
12
-22
-55
-57
-81
-72
-92
-75
-77
-75
-88
-78
-87
-81
-92
-87
-100
-86
-103
-97
-112
-103
-111
-102
-110
-110
-111
-83
-65
-16
-45
-47
-55
-83
-108
-97
-115
-111
-118
-105
-137
-54
393
1305
1346
386
7
-64
-79
-82
-92
-77
-88
-76
-80
-70
-71
-50
-57
-36
-27
-2
34
86
114
160
161
181
120
89
21
-11
-64
-80
-105
-102
-118
-100
-109
-96
-110
-98
-109
-98
-108
-102
-116
-104
-116
-104
-117
-114
-121
-108
-117
-106
-119
-104
-115
-95
-65
-13
-37
-32
-51
-75
-108
-95
-122
-117
-128
-114
-130
-101
266
1170
1388
514
15
-63
-95
-98
-106
-92
-99
-84
-89
-79
-90
-76
-82
-65
-54
-16
-1
70
95
133
141
151
111
69
-6
-43
-96
-109
-151
-140
-155
-149
-165
-154
-177
-161
-179
-166
-177
-164
-174
-169
-193
-174
-192
-181
-194
-186
-201
-183
-194
-197
-205
-156
-121
-116
-134
-127
-163
-186
-192
-191
-208
-193
-202
-191
-243
89
866
1368
664
12
-139
-151
-181
-164
-179
-163
-174
-156
-162
-148
-163
-137
-146
-118
-114
-57
-30
27
41
76
58
70
5
-37
-98
-120
-173
-182
-201
-190
-206
-178
-199
-194
-198
-197
-198
-186
-201
-183
-196
-202
-198
-192
-198
-189
-201
-176
-188
-185
-192
-169
-152
-84
-109
-105
-125
-132
-178
-159
-178
-175
-189
-159
-173
-201
133
985
1407
640
11
-100
-130
-125
-134
-106
-120
-107
-120
-101
-105
-101
-97
-76
-75
-36
-18
37
65
109
112
128
104
68
-6
-34
-84
-108
-134
-128
-152
-139
-151
-136
-159
-134
-154
-143
-157
-143
-161
-157
-181
-153
-176
-166
-181
-172
-191
-179
-198
-175
-195
-163
-132
-86
-121
-117
-137
-165
-184
-170
-198
-194
-196
-178
-215
-116
341
1253
1261
298
-69
-121
-147
-135
-157
-132
-143
-122
-132
-111
-124
-104
-110
-84
-78
-37
-17
48
68
116
115
128
85
45
-25
-63
-107
-115
-153
-140
-151
-135
-148
-132
-155
-139
-153
-140
-153
-141
-155
-148
-166
-152
-162
-143
-164
-154
-168
-147
-163
-149
-176
-154
-133
-69
-82
-82
-95
-103
-159
-145
-157
-156
-170
-155
-164
-204
81
814
1396
867
59
-95
-134
-127
-142
-127
-132
-121
-130
-111
-127
-105
-114
-92
-93
-60
-28
33
53
100
107
123
88
62
-11
-49
-105
-134
-159
-157
-184
-170
-182
-178
-187
-178
-192
-182
-185
-173
-185
-190
-217
-187
-209
-184
-199
-184
-190
-184
-197
-179
-204
-167
-138
-111
-126
-127
-149
-173
-185
-188
-209
-201
-206
-186
-226
-79
383
1271
1178
234
-98
-137
-170
-156
-181
-156
-169
-141
-163
-143
-151
-125
-145
-115
-115
-66
-42
13
34
81
69
87
41
4
-60
-96
-144
-155
-186
-177
-192
-177
-194
-178
-188
-170
-180
-171
-189
-171
-178
-164
-184
-172
-189
-173
-189
-173
-186
-175
-186
-148
-114
-78
-112
-107
-125
-154
-169
-160
-184
-167
-185
-165
-225
-24
557
1391
1097
169
-81
-114
-133
-126
-133
-110
-128
-115
-120
-117
-131
-105
-112
-81
-74
-36
-15
40
65
97
95
94
30
8
-63
-90
-140
-146
-183
-174
-191
-176
-197
-183
-200
-173
-210
-179
-205
-186
-204
-197
-210
-201
-213
-203
-210
-206
-217
-210
-229
-209
-202
-127
-140
-151
-163
-163
-218
-206
-222
-224
-231
-222
-248
-259
-65
551
1318
1041
90
-131
-192
-186
-203
-186
-199
-181
-193
-175
-181
-242
-193
-199
-176
-174
-155
-144
-122
-119
-97
-95
-73
-47
-14
24
61
87
116
118
102
59
11
-33
-76
-110
-107
-131
-133
-147
-137
-148
-141
-150
-143
-150
-133
-144
-135
-141
-143
-155
-145
-158
-148
-160
-153
-161
-138
-106
-91
-94
-25
-96
-118
-139
-164
-181
-183
-180
-174
-182
-177
-188
-188
-100
88
187
194
-42
-168
-294
-204
-135
-119
-123
-106
-109
-92
-88
-69
-58
-24
-7
34
58
96
120
138
146
152
129
89
36
-1
-45
-71
-101
-121
-130
-134
-151
-136
-144
-155
-136
-137
-144
-141
-151
-141
-146
-148
-156
-156
-163
-166
-171
-168
-181
-160
-123
-110
-132
-49
-87
-144
-163
-181
-209
-205
-211
-212
-213
-201
-210
-201
-155
25
142
161
-16
-191
-351
-290
-168
-157
-156
-145
-143
-131
-126
-104
-91
-65
-47
-9
9
41
68
100
101
111
93
66
4
-35
-90
-118
-149
-160
-180
-191
-196
-193
-200
-190
-193
-185
-192
-184
-189
-197
-219
-184
-187
-199
-205
-193
-198
-207
-196
-155
-137
-158
-90
-106
-179
-192
-220
-227
-242
-233
-240
-236
-238
-232
-241
-208
-31
110
139
35
-168
-326
-319
-199
-182
-171
-160
-153
-156
-148
-139
-92
-96
-70
-45
-11
5
44
56
83
76
71
30
-10
-63
-97
-138
-161
-179
-186
-205
-199
-205
-194
-201
-192
-196
-193
-198
-196
-202
-198
-198
-195
-210
-198
-203
-202
-199
-174
-145
-153
-96
-98
-168
-173
-201
-219
-229
-229
-240
-225
-235
-232
-231
-214
-42
126
142
75
-166
-311
-313
-205
-184
-166
-162
-153
-153
-130
-121
-92
-85
-62
-47
-8
17
47
53
60
90
82
38
1
-52
-86
-126
-150
-174
-177
-193
-192
-201
-195
-211
-200
-213
-199
-215
-211
-218
-216
-220
-222
-231
-221
-230
-235
-249
-235
-206
-160
-194
-133
-116
-189
-223
-231
-286
-269
-272
-282
-272
-275
-277
-266
-259
-91
61
114
65
-228
-354
-364
-254
-217
-222
-200
-199
-191
-189
-162
-150
-122
-107
-72
-50
-19
9
28
47
61
39
25
-31
-70
-121
-157
-192
-187
-219
-211
-224
-227
-230
-225
-224
-221
-218
-218
-225
-217
-224
-218
-230
-231
-234
-228
-241
-227
-232
-209
-167
-187
-150
-107
-191
-214
-228
-269
-278
-277
-280
-277
-274
-265
-282
-273
-140
23
106
98
-184
-289
-386
-283
-225
-208
-200
-188
-184
-177
-158
-140
-121
-90
-75
-49
-20
23
36
58
57
55
29
-5
-64
-102
-138
-171
-196
-208
-223
-221
-230
-222
-246
-232
-217
-228
-233
-225
-234
-237
-246
-234
-251
-244
-255
-252
-254
-229
-195
-196
-182
-111
-187
-213
-228
-267
-270
-268
-279
-269
-267
-262
-256
-259
-173
-8
97
96
-143
-234
-383
-312
-235
-194
-204
-193
-195
-177
-168
-144
-133
-108
-93
-63
-39
-2
14
39
54
57
25
-1
-64
-93
-143
-157
-189
-199
-217
-208
-221
-217
-223
-207
-218
-209
-215
-205
-216
-205
-223
-229
-212
-204
-220
-208
-189
-164
-177
-105
-104
-185
-202
-207
-245
-239
-241
-240
-248
-252
-242
-238
-230
-56
109
156
102
-139
-269
-318
-219
-174
-167
-137
-141
-126
-116
-103
-94
-76
-71
-20
4
27
47
75
85
95
78
47
6
-38
-86
-117
-153
-168
-184
-180
-191
-188
-197
-189
-193
-183
-196
-184
-186
-184
-193
-201
-193
-190
-196
-190
-187
-141
-129
-140
-74
-113
-167
-174
-215
-216
-232
-223
-234
-218
-223
-216
-222
-197
-12
158
159
67
-187
-321
-284
-175
-165
-150
-148
-132
-132
-109
-104
-82
-70
-47
-14
13
40
73
85
103
106
88
30
-6
-28
-86
-124
-146
-167
-170
-183
-175
-178
-172
-173
-172
-178
-175
-179
-178
-177
-177
-183
-176
-183
-183
-189
-180
-180
-155
-126
-128
-103
-58
-132
-154
-180
-206
-213
-213
-222
-223
-228
-186
-201
-192
-101
67
174
171
-102
-221
-337
-229
-174
-162
-152
-138
-135
-120
-109
-93
-87
-63
-40
-4
17
52
77
102
105
118
88
58
-4
-45
-87
-116
-145
-146
-179
-175
-159
-163
-175
-166
-167
-164
-164
-166
-167
-167
-173
-168
-173
-170
-176
-168
-174
-167
-172
-165
-167
-139
-100
-109
-85
-29
-109
-131
-154
-179
-184
-181
-191
-181
-183
-176
-177
-179
-157
54
191
210
68
-134
-293
-231
-132
-112
-105
-89
-87
-67
-47
-37
-25
-1
18
51
79
112
138
169
180
187
181
157
107
61
13
-20
-55
-57
-67
-68
-77
-68
-74
-79
-72
-59
-69
-59
-59
-59
-67
-62
-71
-64
-58
-59
-70
-65
-66
-57
-64
-47
-34
24
-4
31
72
6
-20
-23
-69
-69
-77
-56
-64
-48
-56
-46
-58
10
180
321
307
138
17
-158
-109
-3
10
31
30
43
53
67
69
104
122
148
171
207
228
261
283
306
308
299
269
223
183
142
102
86
69
61
54
57
52
62
66
64
62
71
46
82
70
63
61
77
70
80
73
76
60
82
106
150
116
189
193
128
111
102
78
77
66
78
68
74
75
84
80
241
409
478
433
169
59
-5
94
144
160
151
169
199
201
220
227
248
264
300
324
363
378
405
417
439
423
409
364
319
268
232
194
173
147
146
142
138
132
133
123
129
126
129
118
116
107
112
106
104
88
83
103
94
92
107
137
146
127
206
154
115
87
66
37
36
28
37
33
38
28
25
77
250
377
380
210
42
-112
-47
39
60
67
73
80
88
93
111
126
143
143
166
221
235
265
283
283
290
261
220
173
133
75
41
-3
-13
-32
-41
-47
-53
-62
-62
-65
-65
-77
-69
-76
-80
-92
-90
-99
-98
-98
-100
-112
-105
-110
-84
-50
-71
-40
-14
-75
-111
-133
-169
-181
-177
-180
-178
-189
-186
-184
-175
-33
124
191
153
-132
-250
-299
-180
-148
-134
-132
-124
-115
-97
-89
-79
-63
-34
-17
23
44
77
97
120
134
134
101
65
29
-33
-74
-95
-120
-135
-142
-136
-147
-140
-147
-139
-145
-146
-141
-145
-148
-142
-143
-141
-147
-144
-148
-145
-145
-126
-80
-73
-68
9
-58
-89
-101
-126
-134
-141
-143
-135
-154
-145
-124
-136
-66
93
217
241
26
-91
-241
-169
-87
-70
-58
-60
-46
-33
-26
-9
3
25
45
73
97
145
161
181
192
205
182
139
96
49
3
-23
-45
-55
-68
-71
-93
-91
-70
-78
-71
-77
-79
-69
-69
-69
-70
-74
-78
-77
-83
-71
-49
-11
-38
12
36
-42
-68
-76
-110
-112
-124
-106
-113
-114
-122
-105
-105
22
193
281
263
-16
-118
-231
-145
-79
-44
-53
-53
-29
-25
-10
-1
26
36
58
98
131
151
174
187
206
201
179
134
90
42
6
-34
-47
-65
-74
-82
-74
-83
-79
-78
-82
-84
-77
-84
-88
-92
-92
-101
-112
-85
-98
-98
-70
-41
-52
-16
12
-60
-75
-97
-132
-139
-139
-137
-122
-127
-125
-130
-114
24
201
262
237
-68
-170
-232
-121
-70
-63
-55
-38
-31
-14
-3
15
31
55
75
94
148
176
190
203
218
220
190
163
114
74
30
1
-24
-27
-38
-31
-36
-37
-33
-25
-22
-33
-31
-25
-20
-24
-29
-30
-34
-33
-37
-39
-27
26
34
14
85
73
3
-28
-25
-46
-56
-52
-51
-46
-46
-43
-37
-17
152
303
336
254
-2
-138
-122
3
14
27
38
58
56
66
77
100
112
135
160
202
226
249
269
298
303
295
247
211
158
102
79
62
30
22
11
12
11
15
9
15
12
17
17
21
24
20
14
23
15
18
11
21
38
83
100
79
151
134
55
44
23
22
8
1
-4
12
8
14
11
13
194
355
382
322
67
-62
-74
45
69
85
92
97
114
129
139
160
177
192
225
254
285
308
332
354
358
349
312
274
209
176
142
113
95
96
84
88
87
89
77
80
88
101
92
95
95
88
86
88
85
83
78
100
135
146
127
212
162
114
97
69
63
53
48
53
48
55
55
59
63
253
393
431
364
131
-11
-30
72
111
113
114
134
165
154
171
178
200
219
255
288
320
345
374
380
393
385
343
301
264
218
189
156
150
130
127
126
125
122
121
120
121
122
128
128
123
123
118
117
114
111
104
144
190
153
215
228
148
117
109
69
81
73
67
59
64
65
66
66
164
336
444
437
185
57
-54
27
111
120
128
134
144
150
167
183
207
220
243
270
302
330
348
365
410
387
362
321
272
227
188
162
141
124
110
104
109
95
94
95
96
97
104
98
101
95
92
89
77
82
82
68
77
83
129
146
125
197
176
107
100
75
52
31
64
51
59
57
67
58
62
205
369
440
408
107
-12
-71
45
93
97
107
114
121
133
139
149
167
190
215
240
270
294
314
343
348
349
316
268
213
169
127
86
60
77
57
50
48
47
44
41
42
41
42
34
35
32
23
18
17
10
5
10
6
8
12
46
73
41
119
99
32
11
-8
-33
-34
-43
-46
-39
-41
-39
-46
-39
53
236
351
334
51
-60
-162
-60
1
12
26
36
44
49
53
78
90
107
137
164
197
222
246
266
282
276
249
218
166
113
70
48
25
6
-9
-10
-15
-17
-18
-17
-29
-27
-9
-21
-8
-11
-16
-13
-20
-27
-38
-41
-42
-33
-17
28
31
11
85
49
-4
-25
-46
-57
-64
-69
-68
-58
-64
-54
-59
-46
115
265
316
273
12
-113
-170
-62
-24
-27
8
13
11
21
37
55
67
86
100
129
152
185
203
225
238
230
196
153
105
59
14
-16
-25
-43
-54
-55
-66
-70
-73
-73
-74
-64
-60
-50
-52
-59
-66
-62
-67
-82
-60
-49
-43
-8
-28
22
54
-26
-44
-56
-97
-87
-106
-103
-103
-98
-104
-107
-100
-2
177
282
262
20
-92
-222
-146
-70
-70
-65
-54
-41
-35
-17
-8
16
27
56
79
100
127
178
182
200
191
170
130
81
28
-1
-32
-55
-64
-67
-70
-78
-81
-81
-82
-93
-91
-86
-88
-85
-94
-90
-86
-94
-88
-104
-111
-106
-84
-48
-39
-40
26
-26
-69
-90
-135
-126
-128
-136
-145
-133
-136
-129
-131
-93
84
219
231
84
-127
-269
-214
-106
-97
-93
-76
-72
-60
-47
-34
-8
2
28
50
83
108
134
159
181
182
169
130
86
37
-8
-57
-84
-72
-96
-105
-106
-105
-111
-106
-108
-108
-108
-100
-109
-112
-106
-114
-115
-122
-114
-117
-119
-123
-91
-48
-66
-28
15
-56
-93
-109
-140
-141
-147
-149
-144
-138
-140
-143
-137
-60
95
241
239
-3
-144
-271
-184
-95
-86
-77
-63
-54
-44
-33
-22
-3
17
44
73
92
124
152
169
187
192
174
131
92
47
2
-37
-55
-60
-69
-84
-83
-93
-85
-95
-100
-100
-102
-73
-90
-97
-93
-103
-93
-94
-99
-99
-98
-76
-41
-27
-37
36
-15
-60
-90
-120
-126
-127
-129
-141
-138
-129
-124
-132
-108
65
200
218
103
-95
-238
-219
-115
-102
-84
-78
-99
-69
-54
-46
-32
-14
15
36
65
91
113
135
147
162
148
110
65
14
-24
-54
-89
-102
-117
-121
-122
-127
-127
-130
-129
-138
-136
-132
-129
-131
-132
-137
-145
-151
-153
-149
-118
-98
-105
-49
-54
-126
-141
-159
-186
-193
-199
-201
-199
-194
-188
-192
-198
-66
102
193
161
-111
-210
-316
-229
-163
-149
-147
-135
-125
-124
-109
-99
-84
-69
-42
-22
7
33
65
77
74
95
55
8
-35
-77
-120
-150
-172
-190
-199
-209
-208
-209
-221
-220
-213
-219
-216
-226
-227
-221
-228
-234
-234
-235
-239
-214
-180
-189
-165
-109
-193
-221
-236
-282
-283
-292
-288
-298
-311
-294
-299
-303
-240
-62
67
70
-130
-297
-424
-346
-256
-252
-238
-230
-218
-221
-203
-183
-170
-144
-125
-101
-64
-37
-10
16
29
36
7
-29
-79
-118
-159
-199
-213
-223
-245
-249
-261
-257
-235
-251
-239
-235
-241
-240
-241
-245
-248
-249
-240
-250
-254
-257
-246
-217
-181
-200
-152
-121
-208
-224
-247
-277
-283
-284
-284
-289
-289
-271
-276
-271
-175
0
116
110
-152
-278
-409
-312
-217
-209
-202
-196
-184
-169
-157
-147
-129
-100
-77
-55
-35
-2
21
44
58
64
42
-3
-36
-84
-124
-156
-181
-192
-212
-211
-213
-208
-208
-215
-212
-207
-212
-204
-213
-210
-220
-225
-201
-209
-220
-224
-215
-195
-160
-174
-135
-95
-179
-195
-214
-247
-248
-258
-261
-260
-253
-258
-261
-254
-194
-23
93
108
-91
-220
-381
-311
-216
-197
-202
-183
-170
-164
-148
-133
-123
-115
-83
-51
-36
6
24
44
52
55
38
7
-43
-90
-136
-170
-188
-197
-215
-215
-217
-216
-219
-224
-215
-219
-211
-210
-221
-224
-222
-229
-223
-227
-229
-224
-185
-165
-199
-114
-141
-210
-220
-225
-261
-268
-278
-280
-280
-268
-264
-274
-265
-100
69
125
96
-171
-293
-360
-264
-220
-212
-200
-190
-176
-175
-156
-140
-119
-99
-70
-36
0
29
52
63
77
69
44
7
-51
-110
-116
-150
-179
-178
-193
-196
-186
-184
-180
-178
-178
-174
-176
-177
-175
-172
-170
-178
-171
-156
-122
-111
-135
-55
-70
-137
-154
-160
-194
-201
-211
-212
-206
-209
-201
-200
-189
-26
146
185
163
-114
-248
-283
-166
-133
-122
-115
-106
-97
-78
-65
-50
-29
-8
16
42
80
111
139
153
156
149
121
80
32
-10
-40
-62
-86
-89
-93
-93
-98
-92
-94
-88
-90
-88
-103
-109
-84
-100
-93
-96
-93
-91
-90
-52
-23
-44
14
42
-37
-46
-61
-94
-99
-96
-97
-92
-99
-93
-96
-93
42
202
302
282
-9
-124
-203
-86
-33
-20
-17
-6
4
14
27
28
67
94
105
145
165
197
216
240
254
243
224
182
128
93
59
29
18
6
-4
-6
-15
-11
-21
-7
-13
-12
-4
-6
-12
-2
-7
-3
-2
-8
-4
-8
15
63
73
54
126
96
38
15
-20
-18
-35
-27
-29
-22
-20
-12
-14
-9
161
314
360
306
43
-98
-102
14
44
49
53
70
74
88
105
115
132
158
182
209
240
268
287
306
311
311
259
221
196
140
104
73
59
55
43
48
37
47
33
37
39
46
44
42
43
48
49
41
35
33
35
51
97
100
97
169
108
62
37
12
11
6
-7
-10
1
4
5
9
18
200
365
377
269
72
-91
-55
39
58
57
65
84
104
100
115
132
138
166
199
217
244
267
300
318
323
297
277
222
179
127
102
86
81
68
55
54
63
57
67
56
46
50
69
51
59
59
58
57
58
53
67
83
117
102
147
165
98
76
67
19
19
15
15
13
17
30
28
21
113
287
417
397
165
50
-80
-10
81
80
91
94
102
96
136
138
159
178
204
224
262
289
315
341
341
353
329
286
235
180
150
120
105
83
80
72
78
75
80
81
80
75
82
80
91
83
83
81
80
75
72
67
95
130
126
145
196
133
93
76
40
37
27
15
21
21
28
22
29
61
240
389
407
291
70
-82
-34
72
74
81
99
95
109
111
126
132
152
168
199
221
254
280
301
316
316
287
288
225
181
134
100
68
48
37
30
24
27
23
25
14
27
16
29
21
18
9
14
10
6
15
11
-1
13
49
71
46
139
97
50
25
5
-15
-25
-25
-28
-50
-46
-25
-32
-29
117
267
347
312
22
-94
-156
-46
7
4
24
29
42
46
60
69
93
115
132
159
191
209
244
246
263
256
236
190
137
90
55
20
5
-16
-22
-28
-47
-22
-22
-47
-39
-34
-37
-41
-40
-49
-39
-60
-58
-64
-67
-60
-2
4
-19
66
36
-28
-47
-86
-91
-101
-102
-108
-105
-108
-105
-109
-101
58
220
259
217
-28
-156
-210
-107
-87
-32
-48
-31
-28
-23
-25
1
13
52
72
91
119
153
161
190
197
192
150
108
61
19
-19
-41
-68
-70
-83
-83
-100
-87
-80
-78
-82
-81
-83
-83
-95
-85
-93
-87
-105
-108
-75
-33
-40
-48
20
-10
-62
-76
-116
-122
-124
-127
-135
-129
-131
-132
-132
-126
41
208
252
207
-53
-190
-234
-127
-91
-90
-81
-66
-54
-42
-42
-17
-13
23
44
75
97
129
146
185
174
164
133
102
39
-2
-30
-57
-87
-90
-104
-105
-114
-103
-103
-102
-103
-92
-99
-99
-106
-97
-104
-99
-109
-106
-102
-58
-42
-67
26
-2
-71
-81
-106
-123
-139
-146
-158
-140
-128
-134
-145
-125
39
204
252
207
-104
-209
-242
-116
-89
-79
-79
-65
-46
-38
-28
-10
2
27
51
95
119
143
169
186
195
189
157
111
69
25
-13
-42
-58
-67
-85
-92
-66
-75
-75
-71
-76
-65
-79
-71
-87
-69
-77
-68
-78
-78
-85
-83
-69
-18
-17
-15
49
-5
-48
-66
-90
-97
-107
-103
-104
-104
-112
-105
-107
-87
78
231
262
204
-79
-220
-189
-67
-61
-54
-41
-26
-21
2
10
19
36
63
92
115
140
175
198
215
222
223
180
139
94
51
12
-7
-30
-54
-58
-53
-49
-46
-56
-52
-60
-53
-59
-59
-68
-80
-64
-46
-72
-60
-67
-65
-55
-6
-11
-5
59
6
-34
-57
-93
-87
-101
-94
-99
-88
-94
-95
-101
-73
97
243
274
180
-34
-170
-175
-60
-40
-30
-37
-6
-11
7
15
20
36
89
88
124
143
172
196
216
213
204
164
124
88
49
3
-27
-36
-51
-69
-55
-63
-60
-58
-58
-58
-50
-54
-45
-49
-45
-58
-48
-46
-50
-53
-7
14
1
66
79
-29
-8
-43
-65
-77
-66
-88
-75
-75
-74
-77
-68
63
240
301
286
33
-63
-169
-87
-33
-15
-7
-1
4
25
34
48
58
95
110
143
172
208
224
251
250
249
224
178
119
102
54
25
-12
-14
-21
-31
-26
-21
-25
-18
-24
-22
-23
-16
-22
-7
-21
-15
-22
-2
35
55
18
98
71
21
-9
-22
-36
-51
-57
-53
-51
-47
-47
-30
-39
139
286
341
286
4
-129
-137
-50
-6
0
9
18
26
43
60
59
78
92
115
137
181
199
227
241
254
229
197
151
102
44
13
-10
-12
-39
-39
-57
-44
-47
-53
-60
-59
-74
-37
-58
-57
-58
-53
-59
-53
-67
-46
-15
11
-12
64
21
-25
-45
-60
-86
-91
-100
-99
-99
-98
-95
-91
-89
83
235
282
238
-55
-174
-182
-73
-40
-37
-32
-39
-14
-19
19
29
40
55
84
109
145
168
208
221
233
222
201
142
105
53
10
-16
-32
-48
-51
-54
-53
-66
-70
-58
-59
-61
-66
-59
-58
-70
-70
-76
-66
-82
-88
-76
-37
-34
-33
29
31
-53
-69
-94
-109
-119
-118
-122
-124
-123
-111
-127
-114
-19
156
258
248
-24
-144
-257
-154
-87
-75
-64
-51
-44
-30
-19
-6
5
29
39
66
109
128
140
171
166
178
165
117
53
15
-24
-56
-81
-98
-108
-121
-124
-115
-125
-126
-123
-121
-136
-115
-118
-116
-132
-127
-138
-128
-149
-131
-119
-80
-94
-72
-20
-85
-125
-125
-178
-169
-186
-187
-204
-190
-180
-188
-195
-155
17
160
171
53
-131
-284
-282
-172
-160
-155
-161
-149
-138
-123
-117
-97
-83
-66
-45
-14
9
36
48
73
71
50
17
-24
-75
-111
-157
-182
-204
-204
-237
-232
-209
-228
-240
-232
-225
-236
-227
-222
-227
-219
-231
-230
-238
-220
-198
-170
-191
-135
-120
-197
-217
-235
-266
-264
-273
-269
-288
-283
-278
-271
-270
-177
-6
102
82
-148
-255
-389
-330
-247
-217
-211
-209
-200
-199
-175
-166
-144
-140
-105
-89
-50
-37
-12
13
28
23
4
-48
-79
-126
-172
-197
-214
-239
-242
-250
-241
-246
-229
-235
-240
-234
-226
-238
-232
-239
-234
-250
-260
-235
-220
-189
-184
-174
-103
-180
-212
-227
-257
-264
-272
-280
-291
-287
-277
-283
-283
-247
-52
79
90
-30
-244
-386
-341
-231
-223
-222
-207
-199
-182
-180
-163
-149
-126
-110
-91
-78
-17
9
30
38
34
20
-16
-65
-103
-153
-174
-207
-213
-225
-234
-233
-222
-229
-217
-223
-215
-226
-220
-228
-222
-231
-225
-230
-225
-239
-227
-194
-155
-191
-121
-129
-197
-220
-243
-283
-280
-276
-285
-291
-288
-287
-279
-293
-162
-11
95
75
-194
-313
-408
-301
-240
-242
-223
-219
-203
-195
-177
-173
-149
-142
-104
-89
-56
-35
-2
3
30
25
10
-42
-82
-118
-161
-198
-229
-225
-241
-246
-249
-252
-254
-256
-246
-255
-248
-243
-232
-243
-241
-243
-235
-248
-247
-242
-191
-181
-207
-134
-140
-213
-229
-250
-271
-283
-279
-294
-277
-293
-284
-284
-281
-201
-24
84
82
-132
-252
-410
-317
-240
-225
-230
-217
-201
-185
-176
-154
-142
-121
-104
-69
-54
-16
2
30
37
52
30
0
-54
-103
-149
-166
-196
-205
-231
-227
-218
-216
-214
-204
-216
-211
-219
-220
-238
-199
-216
-208
-213
-217
-218
-202
-166
-152
-169
-90
-154
-189
-211
-236
-249
-247
-261
-254
-268
-249
-254
-241
-233
-62
84
140
73
-153
-288
-318
-228
-184
-183
-165
-167
-155
-147
-141
-139
-88
-89
-54
-37
-1
19
45
55
64
47
21
-28
-64
-109
-136
-167
-176
-201
-210
-214
-202
-212
-221
-220
-210
-216
-205
-221
-214
-224
-225
-224
-224
-219
-203
-167
-165
-173
-105
-169
-182
-210
-247
-265
-266
-267
-261
-261
-251
-263
-265
-256
-68
69
103
27
-226
-360
-361
-258
-217
-216
-203
-205
-184
-175
-155
-150
-131
-130
-104
-71
-26
-15
14
26
44
18
-14
-71
-106
-131
-170
-200
-220
-234
-243
-249
-238
-252
-242
-250
-241
-251
-246
-260
-251
-256
-247
-257
-247
-254
-251
-231
-185
-200
-187
-136
-191
-234
-253
-298
-289
-305
-303
-307
-306
-320
-295
-301
-283
-125
44
66
2
-279
-401
-392
-270
-257
-244
-241
-231
-231
-210
-200
-180
-172
-140
-122
-90
-62
-33
-10
20
14
10
-24
-64
-113
-150
-198
-223
-260
-264
-270
-278
-283
-283
-296
-288
-297
-302
-307
-272
-281
-285
-293
-286
-294
-291
-302
-285
-269
-222
-242
-220
-165
-237
-283
-293
-332
-329
-338
-339
-340
-337
-335
-328
-335
-312
-142
10
42
-37
-292
-431
-419
-306
-292
-272
-273
-265
-265
-249
-246
-229
-194
-178
-157
-118
-85
-57
-44
-26
-24
-30
-73
-112
-161
-188
-234
-257
-274
-286
-285
-284
-295
-277
-295
-289
-288
-279
-283
-287
-292
-281
-293
-276
-283
-275
-286
-258
-232
-210
-240
-143
-196
-255
-260
-283
-304
-307
-322
-311
-327
-309
-306
-297
-307
-169
-11
95
73
-204
-307
-400
-318
-254
-249
-226
-235
-217
-212
-204
-185
-165
-147
-122
-104
-68
-39
-15
-15
10
0
-22
-79
-112
-168
-206
-231
-232
-258
-256
-271
-264
-269
-264
-272
-250
-267
-262
-266
-266
-276
-260
-270
-282
-285
-285
-278
-245
-216
-232
-196
-157
-249
-249
-277
-298
-312
-318
-337
-332
-339
-333
-328
-332
-272
-85
34
36
-171
-290
-449
-376
-294
-278
-275
-258
-256
-246
-237
-219
-207
-184
-166
-130
-109
-80
-60
-37
-21
-14
-36
-77
-129
-169
-215
-243
-267
-278
-293
-300
-312
-303
-302
-305
-313
-298
-308
-293
-308
-297
-313
-324
-308
-326
-320
-322
-327
-331
-322
-281
-273
-284
-215
-256
-306
-324
-361
-370
-373
-372
-377
-373
-376
-368
-380
-358
-201
-34
17
-22
-320
-428
-467
-346
-310
-298
-302
-286
-286
-266
-262
-243
-238
-218
-174
-157
-129
-88
-79
-57
-61
-60
-97
-129
-175
-214
-266
-293
-310
-309
-331
-320
-333
-332
-323
-316
-315
-313
-326
-317
-332
-317
-319
-317
-318
-314
-318
-316
-318
-318
-315
-250
-244
-271
-202
-214
-268
-280
-318
-328
-332
-328
-332
-332
-339
-324
-332
-317
-199
-32
56
38
-233
-323
-448
-349
-285
-277
-278
-251
-253
-238
-233
-211
-201
-187
-166
-132
-109
-88
-62
-39
-29
-13
-51
-84
-140
-181
-205
-224
-270
-268
-288
-282
-294
-283
-285
-281
-283
-276
-281
-272
-281
-275
-288
-280
-291
-289
-294
-286
-288
-236
-219
-238
-180
-164
-250
-248
-281
-317
-317
-307
-317
-312
-312
-308
-318
-304
-223
-53
79
65
-170
-271
-420
-344
-272
-252
-259
-243
-237
-213
-218
-194
-189
-166
-140
-111
-87
-58
-34
-8
-10
6
-22
-51
-96
-139
-184
-218
-251
-249
-266
-261
-269
-262
-269
-263
-254
-267
-269
-275
-254
-255
-265
-254
-257
-250
-263
-257
-258
-238
-195
-172
-207
-128
-154
-218
-245
-250
-280
-273
-280
-272
-281
-270
-267
-265
-271
-100
47
110
76
-217
-337
-371
-272
-203
-213
-195
-194
-184
-186
-165
-128
-121
-95
-69
-51
-8
13
36
53
72
55
45
5
-43
-94
-116
-153
-163
-183
-191
-192
-189
-188
-188
-188
-181
-180
-179
-197
-189
-197
-191
-192
-184
-196
-184
-196
-185
-194
-178
-157
-115
-129
-65
-136
-172
-193
-207
-228
-222
-232
-226
-232
-221
-233
-222
-203
-12
124
158
55
-181
-337
-295
-185
-157
-153
-144
-133
-124
-114
-103
-88
-62
-40
-10
10
47
72
100
111
106
103
104
47
3
-52
-81
-116
-129
-145
-144
-157
-159
-163
-155
-153
-155
-152
-156
-159
-150
-155
-150
-157
-167
-163
-156
-164
-167
-144
-94
-87
-109
-24
-65
-111
-140
-155
-168
-177
-174
-192
-194
-158
-169
-172
-159
-2
156
201
167
-116
-232
-278
-177
-121
-108
-110
-91
-89
-80
-66
-46
-43
-15
3
41
57
94
105
134
139
130
99
68
15
-17
-61
-87
-109
-114
-143
-139
-156
-126
-140
-132
-133
-141
-128
-118
-131
-126
-127
-129
-134
-136
-145
-144
-136
-93
-73
-90
-29
-18
-106
-132
-142
-148
-169
-170
-179
-184
-183
-175
-177
-166
-47
137
213
195
-62
-147
-276
-204
-117
-112
-104
-96
-88
-68
-66
-59
-45
-24
-5
43
60
94
109
129
141
147
132
83
31
-11
-43
-73
-103
-112
-126
-121
-129
-118
-130
-117
-127
-115
-120
-116
-125
-125
-130
-129
-140
-120
-137
-134
-124
-89
-70
-87
-27
-20
-102
-113
-143
-152
-166
-169
-181
-170
-176
-167
-164
-158
-35
139
221
208
-79
-179
-288
-187
-137
-123
-122
-110
-109
-87
-77
-61
-49
-23
-14
11
56
76
90
113
121
136
103
71
21
-23
-68
-96
-116
-131
-150
-146
-148
-144
-144
-146
-139
-138
-137
-136
-151
-140
-155
-145
-151
-156
-147
-147
-149
-134
-104
-68
-104
-32
-37
-110
-137
-125
-180
-174
-184
-173
-175
-167
-166
-165
-165
-42
118
217
204
-91
-194
-287
-194
-133
-117
-102
-107
-79
-73
-62
-47
-25
-12
16
35
74
91
116
137
162
150
139
88
44
-16
-41
-59
-85
-91
-102
-111
-111
-102
-93
-105
-93
-100
-100
-104
-102
-102
-94
-106
-107
-115
-103
-118
-109
-112
-98
-73
-35
-66
4
-3
-68
-81
-89
-128
-129
-133
-134
-134
-123
-141
-137
-115
-7
159
255
235
-26
-135
-248
-152
-86
-73
-64
-59
-40
-37
-24
-13
9
19
42
67
96
132
152
169
184
187
176
124
76
22
-4
-44
-58
-72
-94
-88
-86
-98
-115
-96
-79
-105
-98
-95
-109
-111
-105
-103
-111
-109
-119
-129
-111
-71
-56
-92
2
-36
-90
-111
-154
-160
-158
-172
-165
-161
-167
-164
-164
-170
8
160
223
173
-79
-197
-256
-159
-117
-124
-87
-87
-79
-71
-59
-44
-29
-13
19
35
74
101
116
129
148
140
115
72
32
-27
-64
-91
-87
-117
-125
-137
-122
-132
-135
-136
-131
-138
-137
-147
-136
-129
-143
-153
-148
-166
-155
-133
-103
-84
-111
-38
-51
-117
-136
-173
-179
-187
-187
-187
-199
-193
-191
-197
-188
-42
130
193
165
-133
-235
-305
-189
-144
-128
-141
-114
-108
-104
-98
-87
-65
-37
-23
2
17
50
88
102
112
108
82
40
-5
-56
-99
-131
-152
-161
-180
-174
-181
-175
-183
-182
-181
-177
-182
-183
-178
-183
-184
-190
-191
-192
-201
-190
-172
-118
-137
-133
-70
-127
-162
-181
-216
-231
-215
-232
-233
-219
-223
-221
-215
-180
-5
142
150
15
-199
-336
-282
-174
-171
-153
-151
-146
-135
-127
-121
-95
-87
-63
-37
-10
12
38
61
74
78
64
26
-6
-61
-100
-139
-167
-161
-176
-192
-187
-191
-192
-190
-186
-186
-176
-179
-182
-182
-180
-176
-179
-179
-182
-187
-183
-176
-119
-114
-126
-55
-101
-155
-167
-201
-208
-213
-208
-208
-210
-211
-197
-208
-181
-5
123
174
109
-158
-305
-289
-169
-154
-145
-126
-125
-119
-107
-85
-74
-65
-29
-13
23
48
79
104
124
122
118
82
49
2
-46
-90
-107
-133
-140
-154
-152
-153
-151
-154
-156
-153
-158
-157
-139
-149
-139
-149
-136
-155
-155
-160
-143
-139
-82
-79
-85
-17
-73
-118
-131
-163
-170
-182
-168
-172
-175
-177
-163
-173
-141
20
155
178
65
-115
-277
-259
-154
-134
-124
-105
-108
-113
-64
-49
-55
-36
-9
17
46
77
111
118
137
140
137
110
59
21
-18
-64
-89
-111
-121
-135
-141
-139
-130
-141
-140
-142
-142
-144
-133
-136
-140
-139
-143
-156
-153
-143
-103
-88
-111
-22
-35
-116
-130
-149
-180
-179
-189
-193
-192
-187
-189
-179
-181
-42
136
201
176
-98
-196
-297
-212
-139
-121
-122
-106
-96
-83
-73
-56
-46
-24
6
36
59
86
106
141
136
126
110
57
12
-33
-69
-98
-120
-128
-147
-145
-147
-151
-151
-152
-151
-145
-152
-145
-144
-146
-150
-146
-153
-159
-166
-146
-110
-87
-118
-48
-85
-128
-155
-177
-197
-195
-200
-202
-208
-208
-219
-197
-190
-4
142
175
108
-174
-299
-285
-185
-155
-138
-135
-128
-118
-113
-95
-76
-53
-33
-6
30
55
86
91
116
120
117
87
37
-2
-50
-88
-117
-127
-147
-158
-166
-163
-174
-168
-146
-162
-165
-159
-168
-170
-174
-165
-171
-172
-174
-187
-184
-173
-129
-123
-132
-61
-116
-158
-183
-209
-225
-229
-235
-236
-231
-224
-229
-222
-197
-25
117
146
72
-192
-339
-308
-202
-194
-186
-154
-154
-154
-133
-125
-112
-93
-73
-42
-22
11
43
53
76
76
67
40
-14
-54
-97
-132
-159
-185
-194
-203
-205
-207
-208
-203
-207
-215
-204
-201
-199
-195
-203
-201
-202
-201
-213
-216
-193
-193
-153
-135
-157
-63
-103
-160
-182
-205
-219
-230
-227
-218
-224
-223
-213
-215
-208
-46
106
147
91
-151
-276
-326
-218
-176
-175
-173
-151
-147
-145
-121
-118
-83
-67
-42
-20
5
22
67
91
92
67
51
4
-53
-85
-126
-147
-161
-197
-202
-196
-199
-196
-201
-196
-199
-197
-186
-193
-198
-190
-185
-191
-190
-188
-188
-183
-133
-131
-132
-61
-121
-166
-176
-211
-204
-227
-241
-235
-205
-230
-217
-215
-185
-4
149
150
77
-137
-284
-289
-190
-168
-156
-155
-139
-130
-112
-105
-77
-79
-61
-25
-5
25
60
77
94
86
86
61
20
-31
-74
-98
-122
-144
-147
-157
-180
-158
-151
-167
-153
-157
-153
-154
-161
-164
-156
-154
-157
-172
-171
-162
-134
-101
-132
-53
-76
-148
-163
-185
-209
-211
-215
-220
-217
-211
-212
-206
-197
-48
113
175
150
-144
-247
-321
-203
-169
-166
-133
-133
-124
-122
-101
-84
-70
-51
-30
-5
19
53
80
98
115
105
71
29
-21
-68
-100
-138
-149
-168
-175
-178
-186
-187
-181
-182
-186
-176
-180
-181
-178
-176
-175
-180
-177
-185
-186
-197
-153
-139
-107
-130
-94
-63
-136
-153
-173
-203
-211
-210
-220
-220
-215
-219
-214
-213
-130
42
157
164
-64
-201
-330
-253
-167
-151
-149
-146
-135
-114
-111
-84
-63
-59
-31
-15
21
53
57
79
116
109
90
60
19
-39
-71
-106
-132
-140
-144
-158
-164
-165
-160
-152
-164
-158
-150
-153
-150
-147
-143
-144
-143
-148
-143
-149
-155
-136
-124
-75
-83
-44
-6
-72
-101
-111
-145
-136
-144
-164
-130
-136
-141
-131
-129
-95
82
216
237
112
-64
-223
-190
-89
-70
-54
-49
-42
-39
-25
-12
2
19
50
71
104
128
154
167
180
189
182
155
113
68
24
-13
-29
-60
-65
-74
-86
-59
-71
-69
-73
-74
-64
-69
-74
-67
-75
-76
-77
-76
-78
-83
-76
-49
-10
-27
-11
47
-36
-51
-64
-104
-118
-115
-125
-126
-123
-126
-122
-122
-88
96
237
234
97
-49
-215
-196
-109
-69
-70
-65
-54
-45
-38
-22
-15
7
24
50
61
97
120
138
155
157
134
103
66
16
-33
-56
-79
-111
-112
-122
-137
-138
-137
-136
-132
-138
-137
-139
-144
-151
-146
-148
-156
-168
-154
-156
-159
-134
-100
-121
-77
-53
-123
-151
-159
-196
-202
-201
-207
-206
-210
-221
-209
-213
-125
48
