-175
-181
-242
-193
-199
-176
-174
-155
-144
-122
-119
-97
-95
-73
-47
-14
24
61
87
116
118
102
59
11
-33
-76
-110
-107
-131
-133
-147
-137
-148
-141
-150
-143
-150
-133
-144
-135
-141
-143
-155
-145
-158
-148
-160
-153
-161
-138
-106
-91
-94
-25
-96
-118
-139
-164
-181
-183
-180
-174
-182
-177
-188
-188
-100
88
187
194
-42
-168
-294
-204
-135
-119
-123
-106
-109
-92
-88
-69
-58
-24
-7
34
58
96
120
138
146
152
129
89
36
-1
-45
-71
-101
-121
-130
-134
-151
-136
-144
-155
-136
-137
-144
-141
-151
-141
-146
-148
-156
-156
-163
-166
-171
-168
-181
-160
-123
-110
-132
-49
-87
-144
-163
-181
-209
-205
-211
-212
-213
-201
-210
-201
-155
25
142
161
-16
-191
-351
-290
-168
-157
-156
-145
-143
-131
-126
-104
-91
-65
-47
-9
9
41
68
100
101
111
93
66
4
-35
-90
-118
-149
-160
-180
-191
-196
-193
-200
-190
-193
-185
-192
-184
-189
-197
-219
-184
-187
-199
-205
-193
-198
-207
-196
-155
-137
-158
-90
-106
-179
-192
-220
-227
-242
-233
-240
-236
-238
-232
-241
-208
-31
110
139
35
-168
-326
-319
-199
-182
-171
-160
-153
-156
-148
-139
-92
-96
-70
-45
-11
5
44
56
83
76
71
30
-10
-63
-97
-138
-161
-179
-186
-205
-199
-205
-194
-201
-192
-196
-193
-198
-196
-202
-198
-198
-195
-210
-198
-203
-202
-199
-174
-145
-153
-96
-98
-168
-173
-201
-219
-229
-229
-240
-225
-235
-232
-231
-214
-42
126
142
75
-166
-311
-313
-205
-184
-166
-162
-153
-153
-130
-121
-92
-85
-62
-47
-8
17
47
53
60
90
82
38
1
-52
-86
-126
-150
-174
-177
-193
-192
-201
-195
-211
-200
-213
-199
-215
-211
-218
-216
-220
-222
-231
-221
-230
-235
-249
-235
-206
-160
-194
-133
-116
-189
-223
-231
-286
-269
-272
-282
-272
-275
-277
-266
-259
-91
61
114
65
-228
-354
-364
-254
-217
-222
-200
-199
-191
-189
-162
-150
-122
-107
-72
-50
-19
9
28
47
61
39
25
-31
-70
-121
-157
-192
-187
-219
-211
-224
-227
-230
-225
-224
-221
-218
-218
-225
-217
-224
-218
-230
-231
-234
-228
-241
-227
-232
-209
-167
-187
-150
-107
-191
-214
-228
-269
-278
-277
-280
-277
-274
-265
-282
-273
-140
23
106
98
-184
-289
-386
-283
-225
-208
-200
-188
-184
-177
-158
-140
-121
-90
-75
-49
-20
23
36
58
57
55
29
-5
-64
-102
-138
-171
-196
-208
-223
-221
-230
-222
-246
-232
-217
-228
-233
-225
-234
-237
-246
-234
-251
-244
-255
-252
-254
-229
-195
-196
-182
-111
-187
-213
-228
-267
-270
-268
-279
-269
-267
-262
-256
-259
-173
-8
97
96
-143
-234
-383
-312
-235
-194
-204
-193
-195
-177
-168
-144
-133
-108
-93
-63
-39
-2
14
39
54
57
25
-1
-64
-93
-143
-157
-189
-199
-217
-208
-221
-217
-223
-207
-218
-209
-215
-205
-216
-205
-223
-229
-212
-204
-220
-208
-189
-164
-177
-105
-104
-185
-202
-207
-245
-239
-241
-240
-248
-252
-242
-238
-230
-56
109
156
102
-139
-269
-318
-219
-174
-167
-137
-141
-126
-116
-103
-94
-76
-71
-20
4
27
47
75
85
95
78
47
6
-38
-86
-117
-153
-168
-184
-180
-191
-188
-197
-189
-193
-183
-196
-184
-186
-184
-193
-201
-193
-190
-196
-190
-187
-141
-129
-140
-74
-113
-167
-174
-215
-216
-232
-223
-234
-218
-223
-216
-222
-197
-12
158
159
67
-187
-321
-284
-175
-165
-150
-148
-132
-132
-109
-104
-82
-70
-47
-14
13
40
73
85
103
106
88
30
-6
-28
-86
-124
-146
-167
-170
-183
-175
-178
-172
-173
-172
-178
-175
-179
-178
-177
-177
-183
-176
-183
-183
-189
-180
-180
-155
-126
-128
-103
-58
-132
-154
-180
-206
-213
-213
-222
-223
-228
-186
-201
-192
-101
67
174
171
-102
-221
-337
-229
-174
-162
-152
-138
-135
-120
-109
-93
-87
-63
-40
-4
17
52
77
102
105
118
88
58
-4
-45
-87
-116
-145
-146
-179
-175
-159
-163
-175
-166
-167
-164
-164
-166
-167
-167
-173
-168
-173
-170
-176
-168
-174
-167
-172
-165
-167
-139
-100
-109
-85
-29
-109
-131
-154
-179
-184
-181
-191
-181
-183
-176
-177
-179
-157
54
191
210
68
-134
-293
-231
-132
-112
-105
-89
-87
-67
-47
-37
-25
-1
18
51
79
112
138
169
180
187
181
157
107
61
13
-20
-55
-57
-67
-68
-77
-68
-74
-79
-72
-59
-69
-59
-59
-59
-67
-62
-71
-64
-58
-59
-70
-65
-66
-57
-64
-47
-34
24
-4
31
72
6
-20
-23
-69
-69
-77
-56
-64
-48
-56
-46
-58
10
180
321
307
138
17
-158
-109
-3
10
31
30
43
53
67
69
104
122
148
171
207
228
261
283
306
308
299
269
223
183
142
102
86
69
61
54
57
52
62
66
64
62
71
46
82
70
63
61
77
70
80
73
76
60
82
106
150
116
189
193
128
111
102
78
77
66
78
68
74
75
84
80
241
409
478
433
169
59
-5
94
144
160
151
169
199
201
220
227
248
264
300
324
363
378
405
417
439
423
409
364
319
268
232
194
173
147
146
142
138
132
133
123
129
126
129
118
116
107
112
106
104
88
83
103
94
92
107
137
146
127
206
154
115
87
66
37
36
28
37
33
38
28
25
77
250
377
380
210
42
-112
-47
39
60
67
73
80
88
93
111
126
143
143
166
221
235
265
283
283
290
261
220
173
133
75
41
-3
-13
-32
-41
-47
-53
-62
-62
-65
-65
-77
-69
-76
-80
-92
-90
-99
-98
-98
-100
-112
-105
-110
-84
-50
-71
-40
-14
-75
-111
-133
-169
-181
-177
-180
-178
-189
-186
-184
-175
-33
124
191
153
-132
-250
-299
-180
-148
-134
-132
-124
-115
-97
-89
-79
-63
-34
-17
23
44
77
97
120
134
134
101
65
29
-33
-74
-95
-120
-135
-142
-136
-147
-140
-147
-139
-145
-146
-141
-145
-148
-142
-143
-141
-147
-144
-148
-145
-145
-126
-80
-73
-68
9
-58
-89
-101
-126
-134
-141
-143
-135
-154
-145
-124
-136
-66
93
217
241
26
-91
-241
-169
-87
-70
-58
-60
-46
-33
-26
-9
3
25
45
73
97
145
161
181
192
205
182
139
96
49
3
-23
-45
-55
-68
-71
-93
-91
-70
-78
-71
-77
-79
-69
-69
-69
-70
-74
-78
-77
-83
-71
-49
-11
-38
12
36
-42
-68
-76
-110
-112
-124
-106
-113
-114
-122
-105
-105
22
193
281
263
-16
-118
-231
-145
-79
-44
-53
-53
-29
-25
-10
-1
26
36
58
98
131
151
174
187
206
201
179
134
90
42
6
-34
-47
-65
-74
-82
-74
-83
-79
-78
-82
-84
-77
-84
-88
-92
-92
-101
-112
-85
-98
-98
-70
-41
-52
-16
12
-60
-75
-97
-132
-139
-139
-137
-122
-127
-125
-130
-114
24
201
262
237
-68
-170
-232
-121
-70
-63
-55
-38
-31
-14
-3
15
31
55
75
94
148
176
190
203
218
220
190
163
114
74
30
1
-24
-27
-38
-31
-36
-37
-33
-25
-22
-33
-31
-25
-20
-24
-29
-30
-34
-33
-37
-39
-27
26
34
14
85
73
3
-28
-25
-46
-56
-52
-51
-46
-46
-43
-37
-17
152
303
336
254
-2
-138
-122
3
14
27
38
58
56
66
77
100
112
135
160
202
226
249
269
298
303
295
247
211
158
102
79
62
30
22
11
12
11
15
9
15
12
17
17
21
24
20
14
23
15
18
11
21
38
83
100
79
151
134
55
44
23
22
8
1
-4
12
8
14
11
13
194
355
382
322
67
-62
-74
45
69
85
92
97
114
129
139
160
177
192
225
254
285
308
332
354
358
349
312
274
209
176
142
113
95
96
84
88
87
89
77
80
88
101
92
95
95
88
86
88
85
83
78
100
135
146
127
212
162
114
97
69
63
53
48
53
48
55
55
59
63
253
393
431
364
131
-11
-30
72
111
113
114
134
165
154
171
178
200
219
255
288
320
345
374
380
393
385
343
301
264
218
189
156
150
130
127
126
125
122
121
120
121
122
128
128
123
123
118
117
114
111
104
144
190
153
215
228
148
117
109
69
81
73
67
59
64
65
66
66
164
336
444
437
185
57
-54
27
111
120
128
134
144
150
167
183
207
220
243
270
302
330
348
365
410
387
362
321
272
227
188
162
141
124
110
104
109
95
94
95
96
97
104
98
101
95
92
89
77
82
82
68
77
83
129
146
125
197
176
107
100
75
52
31
64
51
59
57
67
58
62
205
369
440
408
107
-12
-71
45
93
97
107
114
121
133
139
149
167
190
215
240
270
294
314
343
348
349
316
268
213
169
127
86
60
77
57
50
48
47
44
41
42
41
42
34
35
32
23
18
17
10
5
10
6
8
12
46
73
41
119
99
32
11
-8
-33
-34
-43
-46
-39
-41
-39
-46
-39
53
236
351
334
51
-60
-162
-60
1
12
26
36
44
49
53
78
90
107
137
164
197
222
246
266
282
276
249
218
166
113
70
48
25
6
-9
-10
-15
-17
-18
-17
-29
-27
-9
-21
-8
-11
-16
-13
-20
-27
-38
-41
-42
-33
-17
28
31
11
85
49
-4
-25
-46
-57
-64
-69
-68
-58
-64
-54
-59
-46
115
265
316
273
12
-113
-170
-62
-24
-27
8
13
11
21
37
55
67
86
100
129
152
185
203
225
238
230
196
153
105
59
14
-16
-25
-43
-54
-55
-66
-70
-73
-73
-74
-64
-60
-50
-52
-59
-66
-62
-67
-82
-60
-49
-43
-8
-28
22
54
-26
-44
-56
-97
-87
-106
-103
-103
-98
-104
-107
-100
-2
177
282
262
20
-92
-222
-146
-70
-70
-65
-54
-41
-35
-17
-8
16
27
56
79
100
127
178
182
200
191
170
130
81
28
-1
-32
-55
-64
-67
-70
-78
-81
-81
-82
-93
-91
-86
-88
-85
-94
-90
-86
-94
-88
-104
-111
-106
-84
-48
-39
-40
26
-26
-69
-90
-135
-126
-128
-136
-145
-133
-136
-129
-131
-93
84
219
231
84
-127
-269
-214
-106
-97
-93
-76
-72
-60
-47
-34
-8
2
28
50
83
108
134
159
181
182
169
130
86
37
-8
-57
-84
-72
-96
-105
-106
-105
-111
-106
-108
-108
-108
-100
-109
-112
-106
-114
-115
-122
-114
-117
-119
-123
-91
-48
-66
-28
15
-56
-93
-109
-140
-141
-147
-149
-144
-138
-140
-143
-137
-60
95
241
239
-3
-144
-271
-184
-95
-86
-77
-63
-54
-44
-33
-22
-3
17
44
73
92
124
152
169
187
192
174
131
92
47
2
-37
-55
-60
-69
-84
-83
-93
-85
-95
-100
-100
-102
-73
-90
-97
-93
-103
-93
-94
-99
-99
-98
-76
-41
-27
-37
36
-15
-60
-90
-120
-126
-127
-129
-141
-138
-129
-124
-132
-108
65
200
218
103
-95
-238
-219
-115
-102
-84
-78
-99
-69
-54
-46
-32
-14
15
36
65
91
113
135
147
162
148
110
65
14
-24
-54
-89
-102
-117
-121
-122
-127
-127
-130
-129
-138
-136
-132
-129
-131
-132
-137
-145
-151
-153
-149
-118
-98
-105
-49
-54
-126
-141
-159
-186
-193
-199
-201
-199
-194
-188
-192
-198
-66
102
193
161
-111
-210
-316
-229
-163
-149
-147
-135
-125
-124
-109
-99
-84
-69
-42
-22
7
33
65
77
74
95
55
8
-35
-77
-120
-150
-172
-190
-199
-209
-208
-209
-221
-220
-213
-219
-216
-226
-227
-221
-228
-234
-234
-235
-239
-214
-180
-189
-165
-109
-193
-221
-236
-282
-283
-292
-288
-298
-311
-294
-299
-303
-240
-62
67
70
-130
-297
-424
-346
-256
-252
-238
-230
-218
-221
-203
-183
-170
-144
-125
-101
-64
-37
-10
16
29
36
7
-29
-79
-118
-159
-199
-213
-223
-245
-249
-261
-257
-235
-251
-239
-235
-241
-240
-241
-245
-248
-249
-240
-250
-254
-257
-246
-217
-181
-200
-152
-121
-208
-224
-247
-277
-283
-284
-284
-289
-289
-271
-276
-271
-175
0
116
110
-152
-278
-409
-312
-217
-209
-202
-196
-184
-169
-157
-147
-129
-100
-77
-55
-35
-2
21
44
58
64
42
-3
-36
-84
-124
-156
-181
-192
-212
-211
-213
-208
-208
-215
-212
-207
-212
-204
-213
-210
-220
-225
-201
-209
-220
-224
-215
-195
-160
-174
-135
-95
-179
-195
-214
-247
-248
-258
-261
-260
-253
-258
-261
-254
-194
-23
93
108
-91
-220
-381
-311
-216
-197
-202
-183
-170
-164
-148
-133
-123
-115
-83
-51
-36
6
24
44
52
55
38
7
-43
-90
-136
-170
-188
-197
-215
-215
-217
-216
-219
-224
-215
-219
-211
-210
-221
-224
-222
-229
-223
-227
-229
-224
-185
-165
-199
-114
-141
-210
-220
-225
-261
-268
-278
-280
-280
-268
-264
-274
-265
-100
69
125
96
-171
-293
-360
-264
-220
-212
-200
-190
-176
-175
-156
-140
-119
-99
-70
-36
0
29
52
63
77
69
44
7
-51
-110
-116
-150
-179
-178
-193
-196
-186
-184
-180
-178
-178
-174
-176
-177
-175
-172
-170
-178
-171
-156
-122
-111
-135
-55
-70
-137
-154
-160
-194
-201
-211
-212
-206
-209
-201
-200
-189
-26
146
185
163
-114
-248
-283
-166
-133
-122
-115
-106
-97
-78
-65
-50
-29
-8
16
42
80
111
139
153
156
149
121
80
32
-10
-40
-62
-86
-89
-93
-93
-98
-92
-94
-88
-90
-88
-103
-109
-84
-100
-93
-96
-93
-91
-90
-52
-23
-44
14
42
-37
-46
-61
-94
-99
-96
-97
-92
-99
-93
-96
-93
42
202
302
282
-9
-124
-203
-86
-33
-20
-17
-6
4
14
27
28
67
94
105
145
165
197
216
240
254
243
224
182
128
93
59
29
18
6
-4
-6
-15
-11
-21
-7
-13
-12
-4
-6
-12
-2
-7
-3
-2
-8
-4
-8
15
63
73
54
126
96
38
15
-20
-18
-35
-27
-29
-22
-20
-12
-14
-9
161
314
360
306
43
-98
-102
14
44
49
53
70
74
88
105
115
132
158
182
209
240
268
287
306
311
311
259
221
196
140
104
73
59
55
43
48
37
47
33
37
39
46
44
42
43
48
49
41
35
33
35
51
97
100
97
169
108
62
37
12
11
6
-7
-10
1
4
5
9
18
200
365
377
269
72
-91
-55
39
58
57
65
84
104
100
115
132
138
166
199
217
244
267
300
318
323
297
277
222
179
127
102
86
81
68
55
54
63
57
67
56
46
50
69
51
59
59
58
57
58
53
67
83
117
102
147
165
98
76
67
19
19
15
15
13
17
30
28
21
113
287
417
397
165
50
-80
-10
81
80
91
94
102
96
136
138
159
178
204
224
262
289
315
341
341
353
329
286
235
180
150
120
105
83
80
72
78
75
80
81
80
75
82
80
91
83
83
81
80
75
72
67
95
130
126
145
196
133
93
76
40
37
27
15
21
21
28
22
29
61
240
389
407
291
70
-82
-34
72
74
81
99
95
109
111
126
132
152
168
199
221
254
280
301
316
316
287
288
225
181
134
100
68
48
37
30
24
27
23
25
14
27
16
29
21
18
9
14
10
6
15
11
-1
13
49
71
46
139
97
50
25
5
-15
-25
-25
-28
-50
-46
-25
-32
-29
117
267
347
312
22
-94
-156
-46
7
4
24
29
42
46
60
69
93
115
132
159
191
209
244
246
263
256
236
190
137
90
55
20
5
-16
-22
-28
-47
-22
-22
-47
-39
-34
-37
-41
-40
-49
-39
-60
-58
-64
-67
-60
-2
4
-19
66
36
-28
-47
-86
-91
-101
-102
-108
-105
-108
-105
-109
-101
58
220
259
217
-28
-156
-210
-107
-87
-32
-48
-31
-28
-23
-25
1
13
52
72
91
119
153
161
190
197
192
150
108
61
19
-19
-41
-68
-70
-83
-83
-100
-87
-80
-78
-82
-81
-83
-83
-95
-85
-93
-87
-105
-108
-75
-33
-40
-48
20
-10
-62
-76
-116
-122
-124
-127
-135
-129
-131
-132
-132
-126
41
208
252
207
-53
-190
-234
-127
-91
-90
-81
-66
-54
-42
-42
-17
-13
23
44
75
97
129
146
185
174
164
133
102
39
-2
-30
-57
-87
-90
-104
-105
-114
-103
-103
-102
-103
-92
-99
-99
-106
-97
-104
-99
-109
-106
-102
-58
-42
-67
26
-2
-71
-81
-106
-123
-139
-146
-158
-140
-128
-134
-145
-125
39
204
252
207
-104
-209
-242
-116
-89
-79
-79
-65
-46
-38
-28
-10
2
27
51
95
119
143
169
186
195
189
157
111
69
25
-13
-42
-58
-67
-85
-92
-66
-75
-75
-71
-76
-65
-79
-71
-87
-69
-77
-68
-78
-78
-85
-83
-69
-18
-17
-15
49
-5
-48
-66
-90
-97
-107
-103
-104
-104
-112
-105
-107
-87
78
231
262
204
-79
-220
-189
-67
-61
-54
-41
-26
-21
2
10
19
36
63
92
115
140
175
198
215
222
223
180
139
94
51
12
-7
-30
-54
-58
-53
-49
-46
-56
-52
-60
-53
-59
-59
-68
-80
-64
-46
-72
-60
-67
-65
-55
-6
-11
-5
59
6
-34
-57
-93
-87
-101
-94
-99
-88
-94
-95
-101
-73
97
243
274
180
-34
-170
-175
-60
-40
-30
-37
-6
-11
7
15
20
36
89
88
124
143
172
196
216
213
204
164
124
88
49
3
-27
-36
-51
-69
-55
-63
-60
-58
-58
-58
-50
-54
-45
-49
-45
-58
-48
-46
-50
-53
-7
14
1
66
79
-29
-8
-43
-65
-77
-66
-88
-75
-75
-74
-77
-68
63
240
301
286
33
-63
-169
-87
-33
-15
-7
-1
4
25
34
48
58
95
110
143
172
208
224
251
250
249
224
178
119
102
54
25
-12
-14
-21
-31
-26
-21
-25
-18
-24
-22
-23
-16
-22
-7
-21
-15
-22
-2
35
55
18
98
71
21
-9
-22
-36
-51
-57
-53
-51
-47
-47
-30
-39
139
286
341
286
4
-129
-137
-50
-6
0
9
18
26
43
60
59
78
92
115
137
181
199
227
241
254
229
197
151
102
44
13
-10
-12
-39
-39
-57
-44
-47
-53
-60
-59
-74
-37
-58
-57
-58
-53
-59
-53
-67
-46
-15
11
-12
64
21
-25
-45
-60
-86
-91
-100
-99
-99
-98
-95
-91
-89
83
235
282
238
-55
-174
-182
-73
-40
-37
-32
-39
-14
-19
19
29
40
55
84
109
145
168
208
221
233
222
201
142
105
53
10
-16
-32
-48
-51
-54
-53
-66
-70
-58
-59
-61
-66
-59
-58
-70
-70
-76
-66
-82
-88
-76
-37
-34
-33
29
31
-53
-69
-94
-109
-119
-118
-122
-124
-123
-111
-127
-114
-19
156
258
248
-24
-144
-257
-154
-87
-75
-64
-51
-44
-30
-19
-6
5
29
39
66
109
128
140
171
166
178
165
117
53
15
-24
-56
-81
-98
-108
-121
-124
-115
-125
-126
-123
-121
-136
-115
-118
-116
-132
-127
-138
-128
-149
-131
-119
-80
-94
-72
-20
-85
-125
-125
-178
-169
-186
-187
-204
-190
-180
-188
-195
-155
17
160
171
53
-131
-284
-282
-172
-160
-155
-161
-149
-138
-123
-117
-97
-83
-66
-45
-14
9
36
48
73
71
50
17
-24
-75
-111
-157
-182
-204
-204
-237
-232
-209
-228
-240
-232
-225
-236
-227
-222
-227
-219
-231
-230
-238
-220
-198
-170
-191
-135
-120
-197
-217
-235
-266
-264
-273
-269
-288
-283
-278
-271
-270
-177
-6
102
82
-148
-255
-389
-330
-247
-217
-211
-209
-200
-199
-175
-166
-144
-140
-105
-89
-50
-37
-12
13
28
23
4
-48
-79
-126
-172
-197
-214
-239
-242
-250
-241
-246
-229
-235
-240
-234
-226
-238
-232
-239
-234
-250
-260
-235
-220
-189
-184
-174
-103
-180
-212
-227
-257
-264
-272
-280
-291
-287
-277
-283
-283
-247
-52
79
90
-30
-244
-386
-341
-231
-223
-222
-207
-199
-182
-180
-163
-149
-126
-110
-91
-78
-17
9
30
38
34
20
-16
-65
-103
-153
-174
-207
-213
-225
-234
-233
-222
-229
-217
-223
-215
-226
-220
-228
-222
-231
-225
-230
-225
-239
-227
-194
-155
-191
-121
-129
-197
-220
-243
-283
-280
-276
-285
-291
-288
-287
-279
-293
-162
-11
95
75
-194
-313
-408
-301
-240
-242
-223
-219
-203
-195
-177
-173
-149
-142
-104
-89
-56
-35
-2
3
30
25
10
-42
-82
-118
-161
-198
-229
-225
-241
-246
-249
-252
-254
-256
-246
-255
-248
-243
-232
-243
-241
-243
-235
-248
-247
-242
-191
-181
-207
-134
-140
-213
-229
-250
-271
-283
-279
-294
-277
-293
-284
-284
-281
-201
-24
84
82
-132
-252
-410
-317
-240
-225
-230
-217
-201
-185
-176
-154
-142
-121
-104
-69
-54
-16
2
30
37
52
30
0
-54
-103
-149
-166
-196
-205
-231
-227
-218
-216
-214
-204
-216
-211
-219
-220
-238
-199
-216
-208
-213
-217
-218
-202
-166
-152
-169
-90
-154
-189
-211
-236
-249
-247
-261
-254
-268
-249
-254
-241
-233
-62
84
140
73
-153
-288
-318
-228
-184
-183
-165
-167
-155
-147
-141
-139
-88
-89
-54
-37
-1
19
45
55
64
47
21
-28
-64
-109
-136
-167
-176
-201
-210
-214
-202
-212
-221
-220
-210
-216
-205
-221
-214
-224
-225
-224
-224
-219
-203
-167
-165
-173
-105
-169
-182
-210
-247
-265
-266
-267
-261
-261
-251
-263
-265
-256
-68
69
103
27
-226
-360
-361
-258
-217
-216
-203
-205
-184
-175
-155
-150
-131
-130
-104
-71
-26
-15
14
26
44
18
-14
-71
-106
-131
-170
-200
-220
-234
-243
-249
-238
-252
-242
-250
-241
-251
-246
-260
-251
-256
-247
-257
-247
-254
-251
-231
-185
-200
-187
-136
-191
-234
-253
-298
-289
-305
-303
-307
-306
-320
-295
-301
-283
-125
44
66
2
-279
-401
-392
-270
-257
-244
-241
-231
-231
-210
-200
-180
-172
-140
-122
-90
-62
-33
-10
20
14
10
-24
-64
-113
-150
-198
-223
-260
-264
-270
-278
-283
-283
-296
-288
-297
-302
-307
-272
-281
-285
-293
-286
-294
-291
-302
-285
-269
-222
-242
-220
-165
-237
-283
-293
-332
-329
-338
-339
-340
-337
-335
-328
-335
-312
-142
10
42
-37
-292
-431
-419
-306
-292
-272
-273
-265
-265
-249
-246
-229
-194
-178
-157
-118
-85
-57
-44
-26
-24
-30
-73
-112
-161
-188
-234
-257
-274
-286
-285
-284
-295
-277
-295
-289
-288
-279
-283
-287
-292
-281
-293
-276
-283
-275
-286
-258
-232
-210
-240
-143
-196
-255
-260
-283
-304
-307
-322
-311
-327
-309
-306
-297
-307
-169
-11
95
73
-204
-307
-400
-318
-254
-249
-226
-235
-217
-212
-204
-185
-165
-147
-122
-104
-68
-39
-15
-15
10
0
-22
-79
-112
-168
-206
-231
-232
-258
-256
-271
-264
-269
-264
-272
-250
-267
-262
-266
-266
-276
-260
-270
-282
-285
-285
-278
-245
-216
-232
-196
-157
-249
-249
-277
-298
-312
-318
-337
-332
-339
-333
-328
-332
-272
-85
34
36
-171
-290
-449
-376
-294
-278
-275
-258
-256
-246
-237
-219
-207
-184
-166
-130
-109
-80
-60
-37
-21
-14
-36
-77
-129
-169
-215
-243
-267
-278
-293
-300
-312
-303
-302
-305
-313
-298
-308
-293
-308
-297
-313
-324
-308
-326
-320
-322
-327
-331
-322
-281
-273
-284
-215
-256
-306
-324
-361
-370
-373
-372
-377
-373
-376
-368
-380
-358
-201
-34
17
-22
-320
-428
-467
-346
-310
-298
-302
-286
-286
-266
-262
-243
-238
-218
-174
-157
-129
-88
-79
-57
-61
-60
-97
-129
-175
-214
-266
-293
-310
-309
-331
-320
-333
-332
-323
-316
-315
-313
-326
-317
-332
-317
-319
-317
-318
-314
-318
-316
-318
-318
-315
-250
-244
-271
-202
-214
-268
-280
-318
-328
-332
-328
-332
-332
-339
-324
-332
-317
-199
-32
56
38
-233
-323
-448
-349
-285
-277
-278
-251
-253
-238
-233
-211
-201
-187
-166
-132
-109
-88
-62
-39
-29
-13
-51
-84
-140
-181
-205
-224
-270
-268
-288
-282
-294
-283
-285
-281
-283
-276
-281
-272
-281
-275
-288
-280
-291
-289
-294
-286
-288
-236
-219
-238
-180
-164
-250
-248
-281
-317
-317
-307
-317
-312
-312
-308
-318
-304
-223
-53
79
65
-170
-271
-420
-344
-272
-252
-259
-243
-237
-213
-218
-194
-189
-166
-140
-111
-87
-58
-34
-8
-10
6
-22
-51
-96
-139
-184
-218
-251
-249
-266
-261
-269
-262
-269
-263
-254
-267
-269
-275
-254
-255
-265
-254
-257
-250
-263
-257
-258
-238
-195
-172
-207
-128
-154
-218
-245
-250
-280
-273
-280
-272
-281
-270
-267
-265
-271
-100
47
110
76
-217
-337
-371
-272
-203
-213
-195
-194
-184
-186
-165
-128
-121
-95
-69
-51
-8
13
36
53
72
55
45
5
-43
-94
-116
-153
-163
-183
-191
-192
-189
-188
-188
-188
-181
-180
-179
-197
-189
-197
-191
-192
-184
-196
-184
-196
-185
-194
-178
-157
-115
-129
-65
-136
-172
-193
-207
-228
-222
-232
-226
-232
-221
-233
-222
-203
-12
124
158
55
-181
-337
-295
-185
-157
-153
-144
-133
-124
-114
-103
-88
-62
-40
-10
10
47
72
100
111
106
103
104
47
3
-52
-81
-116
-129
-145
-144
-157
-159
-163
-155
-153
-155
-152
-156
-159
-150
-155
-150
-157
-167
-163
-156
-164
-167
-144
-94
-87
-109
-24
-65
-111
-140
-155
-168
-177
-174
-192
-194
-158
-169
-172
-159
-2
156
201
167
-116
-232
-278
-177
-121
-108
-110
-91
-89
-80
-66
-46
-43
-15
3
41
57
94
105
134
139
130
99
68
15
-17
-61
-87
-109
-114
-143
-139
-156
-126
-140
-132
-133
-141
-128
-118
-131
-126
-127
-129
-134
-136
-145
-144
-136
-93
-73
-90
-29
-18
-106
-132
-142
-148
-169
-170
-179
-184
-183
-175
-177
-166
-47
137
213
195
-62
-147
-276
-204
-117
-112
-104
-96
-88
-68
-66
-59
-45
-24
-5
43
60
94
109
129
141
147
132
83
31
-11
-43
-73
-103
-112
-126
-121
-129
-118
-130
-117
-127
-115
-120
-116
-125
-125
-130
-129
-140
-120
-137
-134
-124
-89
-70
-87
-27
-20
-102
-113
-143
-152
-166
-169
-181
-170
-176
-167
-164
-158
-35
139
221
208
-79
-179
-288
-187
-137
-123
-122
-110
-109
-87
-77
-61
-49
-23
-14
11
56
76
90
113
121
136
103
71
21
-23
-68
-96
-116
-131
-150
-146
-148
-144
-144
-146
-139
-138
-137
-136
-151
-140
-155
-145
-151
-156
-147
-147
-149
-134
-104
-68
-104
-32
-37
-110
-137
-125
-180
-174
-184
-173
-175
-167
-166
-165
-165
-42
118
217
204
-91
-194
-287
-194
-133
-117
-102
-107
-79
-73
-62
-47
-25
-12
16
35
74
91
116
137
162
150
139
88
44
-16
-41
-59
-85
-91
-102
-111
-111
-102
-93
-105
-93
-100
-100
-104
-102
-102
-94
-106
-107
-115
-103
-118
-109
-112
-98
-73
-35
-66
4
-3
-68
-81
-89
-128
-129
-133
-134
-134
-123
-141
-137
-115
-7
159
255
235
-26
-135
-248
-152
-86
-73
-64
-59
-40
-37
-24
-13
9
19
42
67
96
132
152
169
184
187
176
124
76
22
-4
-44
-58
-72
-94
-88
-86
-98
-115
-96
-79
-105
-98
-95
-109
-111
-105
-103
-111
-109
-119
-129
-111
-71
-56
-92
2
-36
-90
-111
-154
-160
-158
-172
-165
-161
-167
-164
-164
-170
8
160
223
173
-79
-197
-256
-159
-117
-124
-87
-87
-79
-71
-59
-44
-29
-13
19
35
74
101
116
129
148
140
115
72
32
-27
-64
-91
-87
-117
-125
-137
-122
-132
-135
-136
-131
-138
-137
-147
-136
-129
-143
-153
-148
-166
-155
-133
-103
-84
-111
-38
-51
-117
-136
-173
-179
-187
-187
-187
-199
-193
-191
-197
-188
-42
130
193
165
-133
-235
-305
-189
-144
-128
-141
-114
-108
-104
-98
-87
-65
-37
-23
2
17
50
88
102
112
108
82
40
-5
-56
-99
-131
-152
-161
-180
-174
-181
-175
-183
-182
-181
-177
-182
-183
-178
-183
-184
-190
-191
-192
-201
-190
-172
-118
-137
-133
-70
-127
-162
-181
-216
-231
-215
-232
-233
-219
-223
-221
-215
-180
-5
142
150
15
-199
-336
-282
-174
-171
-153
-151
-146
-135
-127
-121
-95
-87
-63
-37
-10
12
38
61
74
78
64
26
-6
-61
-100
-139
-167
-161
-176
-192
-187
-191
-192
-190
-186
-186
-176
-179
-182
-182
-180
-176
-179
-179
-182
-187
-183
-176
-119
-114
-126
-55
-101
-155
-167
-201
-208
-213
-208
-208
-210
-211
-197
-208
-181
-5
123
174
109
-158
-305
-289
-169
-154
-145
-126
-125
-119
-107
-85
-74
-65
-29
-13
23
48
79
104
124
122
118
82
49
2
-46
-90
-107
-133
-140
-154
-152
-153
-151
-154
-156
-153
-158
-157
-139
-149
-139
-149
-136
-155
-155
-160
-143
-139
-82
-79
-85
-17
-73
-118
-131
-163
-170
-182
-168
-172
-175
-177
-163
-173
-141
20
155
178
65
-115
-277
-259
-154
-134
-124
-105
-108
-113
-64
-49
-55
-36
-9
17
46
77
111
118
137
140
137
110
59
21
-18
-64
-89
-111
-121
-135
-141
-139
-130
-141
-140
-142
-142
-144
-133
-136
-140
-139
-143
-156
-153
-143
-103
-88
-111
-22
-35
-116
-130
-149
-180
-179
-189
-193
-192
-187
-189
-179
-181
-42
136
201
176
-98
-196
-297
-212
-139
-121
-122
-106
-96
-83
-73
-56
-46
-24
6
36
59
86
106
141
136
126
110
57
12
-33
-69
-98
-120
-128
-147
-145
-147
-151
-151
-152
-151
-145
-152
-145
-144
-146
-150
-146
-153
-159
-166
-146
-110
-87
-118
-48
-85
-128
-155
-177
-197
-195
-200
-202
-208
-208
-219
-197
-190
-4
142
175
108
-174
-299
-285
-185
-155
-138
-135
-128
-118
-113
-95
-76
-53
-33
-6
30
55
86
91
116
120
117
87
37
-2
-50
-88
-117
-127
-147
-158
-166
-163
-174
-168
-146
-162
-165
-159
-168
-170
-174
-165
-171
-172
-174
-187
-184
-173
-129
-123
-132
-61
-116
-158
-183
-209
-225
-229
-235
-236
-231
-224
-229
-222
-197
-25
117
146
72
-192
-339
-308
-202
-194
-186
-154
-154
-154
-133
-125
-112
-93
-73
-42
-22
11
43
53
76
76
67
40
-14
-54
-97
-132
-159
-185
-194
-203
-205
-207
-208
-203
-207
-215
-204
-201
-199
-195
-203
-201
-202
-201
-213
-216
-193
-193
-153
-135
-157
-63
-103
-160
-182
-205
-219
-230
-227
-218
-224
-223
-213
-215
-208
-46
106
147
91
-151
-276
-326
-218
-176
-175
-173
-151
-147
-145
-121
-118
-83
-67
-42
-20
5
22
67
91
92
67
51
4
-53
-85
-126
-147
-161
-197
-202
-196
-199
-196
-201
-196
-199
-197
-186
-193
-198
-190
-185
-191
-190
-188
-188
-183
-133
-131
-132
-61
-121
-166
-176
-211
-204
-227
-241
-235
-205
-230
-217
-215
-185
-4
149
150
77
-137
-284
-289
-190
-168
-156
-155
-139
-130
-112
-105
-77
-79
-61
-25
-5
25
60
77
94
86
86
61
20
-31
-74
-98
-122
-144
-147
-157
-180
-158
-151
-167
-153
-157
-153
-154
-161
-164
-156
-154
-157
-172
-171
-162
-134
-101
-132
-53
-76
-148
-163
-185
-209
-211
-215
-220
-217
-211
-212
-206
-197
-48
113
175
150
-144
-247
-321
-203
-169
-166
-133
-133
-124
-122
-101
-84
-70
-51
-30
-5
19
53
80
98
115
105
71
29
-21
-68
-100
-138
-149
-168
-175
-178
-186
-187
-181
-182
-186
-176
-180
-181
-178
-176
-175
-180
-177
-185
-186
-197
-153
-139
-107
-130
-94
-63
-136
-153
-173
-203
-211
-210
-220
-220
-215
-219
-214
-213
-130
42
157
164
-64
-201
-330
-253
-167
-151
-149
-146
-135
-114
-111
-84
-63
-59
-31
-15
21
53
57
79
116
109
90
60
19
-39
-71
-106
-132
-140
-144
-158
-164
-165
-160
-152
-164
-158
-150
-153
-150
-147
-143
-144
-143
-148
-143
-149
-155
-136
-124
-75
-83
-44
-6
-72
-101
-111
-145
-136
-144
-164
-130
-136
-141
-131
-129
-95
82
216
237
112
-64
-223
-190
-89
-70
-54
-49
-42
-39
-25
-12
2
19
50
71
104
128
154
167
180
189
182
155
113
68
24
-13
-29
-60
-65
-74
-86
-59
-71
-69
-73
-74
-64
-69
-74
-67
-75
-76
-77
-76
-78
-83
-76
-49
-10
-27
-11
47
-36
-51
-64
-104
-118
-115
-125
-126
-123
-126
-122
-122
-88
96
237
234
97
-49
-215
-196
-109
-69
-70
-65
-54
-45
-38
-22
-15
7
24
50
61
97
120
138
155
157
134
103
66
16
-33
-56
-79
-111
-112
-122
-137
-138
-137
-136
-132
-138
-137
-139
-144
-151
-146
-148
-156
-168
-154
-156
-159
-134
-100
-121
-77
-53
-123
-151
-159
-196
-202
-201
-207
-206
-210
-221
-209
-213
-125
48
2.1923
1.8689
1.28
0.56782
0.048415
-0.39832
-1.0785
-1.4073
-0.75537
0.3658
1.2175
1.1985
0.6095
0.018138
-0.16155
-0.35518
-0.71676
-0.80511
-0.46172
-0.011935
0.12619
-0.11046
-0.59742
-1.1315
-1.0904
-0.52471
-0.29956
-0.3832
-0.21916
0.11571
0.43467
0.91358
0.96751
0.92735
1.0141
1.4625
1.5359
1.5107
1.0842
0.2965
-0.39581
-0.80619
-1.3617
-2.1528
-2.7213
-2.3749
-1.5847
-0.46393
0.25319
-0.0043316
-1.1879
-1.4593
-0.94535
-0.40451
0.16655
0.46458
0.53838
0.25928
-0.43688
-1.3693
-1.4819
-1.0363
-0.5054
-0.21446
0.32082
1.0198
1.2414
0.96392
1.2268
1.4206
0.90008
0.69473
0.73776
1.503
1.7191
1.4417
0.80056
0.15049
-0.27941
-0.90609
-1.5068
-2.0435
-1.6035
0.13967
1.2748
0.8432
-0.17044
-0.24416
-0.23094
-0.094072
-0.42131
-0.69897
-0.74788
-0.76312
-0.4181
-0.30767
-0.42427
-0.24384
0.32124
0.010946
-0.75078
-1.0908
-1.1147
-0.78766
0.48596
1.7085
3.5123
5.0622
6.4391
7.1352
6.5846
5.1795
3.3249
1.284
-0.72564
-3.4855
-5.989
-7.5096
-8.6185
-9.4566
-7.2693
-2.5373
1.647
6.1024
9.4146
11.529
12.009
11.59
11.073
10.298
8.9112
6.798
4.172
1.6024
-1.4039
-5.0713
-8.4709
-11.606
-15.001
-17.189
-15.765
-15.758
-11.057
-6.7361
-7.5875
-6.9867
-6.0578
-5.1964
-3.7678
-2.4814
-1.1037
0.31283
1.0859
0.6717
-0.63257
-0.96016
-0.95626
0.018775
2.2124
4.8943
9.6262
12.013
10.464
13.364
14.698
14.34
13.257
12.116
11.155
9.6751
7.3507
5.0341
2.6201
0.49423
-1.7443
-4.0903
-5.934
-7.6226
-9.318
-11.465
-12.569
-8.9272
-5.9842
-5.5578
-7.3512
-8.5017
-8.1342
-6.7832
-4.9151
-2.6358
-0.54068
0.91908
1.6991
2.0094
1.9575
1.8191
2.4219
3.4056
4.3368
6.482
8.2368
8.9869
10.098
11.196
11.6
11.718
11.004
9.992
8.7428
7.1447
5.0813
2.6441
-0.25376
-3.278
-6.5733
-9.283
-12.063
-14.24
-14.687
-14.965
-11.308
-5.0094
-4.8653
-5.7344
-6.2651
-6.6434
-5.4011
-3.5124
-1.8499
-0.31323
1.1028
2.2842
3.393
4.9454
6.978
9.1947
11.178
13.35
15.253
15.25
13.093
11.779
12.23
12.498
12.296
11.108
9.2527
7.4022
5.1635
3.0678
1.1025
-1.1187
-3.8036
-6.5127
-9.2085
-11.394
-13.245
-14.949
-13.573
-10.461
-7.4187
-3.7172
-3.3404
-3.9836
-5.1661
-5.9245
-5.5102
-4.8255
-3.7094
-2.1728
-0.80796
0.21641
0.84904
1.4577
2.4922
3.6238
4.9544
6.0444
8.3658
10.66
11.063
12.013
13.404
13.841
13.703
13.278
12.697
11.627
9.8379
7.194
4.2237
1.3386
-1.4985
-3.85
-6.5426
-9.3782
-12.305
-14.042
-14.344
-15.137
-11.645
-7.9515
-8.9125
-9.8496
-10.234
-10.519
-9.7574
-8.1658
-5.9881
-3.0547
-0.71988
0.086506
0.63881
2.2973
5.1436
7.7775
9.2471
10.295
11.699
11.303
9.9098
11.916
12.937
11.965
10.9
9.3449
7.4286
4.9925
2.376
-0.73529
-4.5809
-8.2571
-12.205
-16.094
-19.272
-20.607
-19.31
-14.582
-6.6322
-4.9103
-6.6499
-5.6738
-4.6839
-3.461
-1.6922
0.17846
1.5906
2.4292
2.111
1.5709
1.3953
1.5652
2.0604
3.338
4.574
5.3821
6.4638
5.5691
7.7684
10.932
12.506
13.175
13.438
12.994
12.366
11.3
8.9666
5.4916
1.2322
-3.0757
-7.6736
-11.605
-14.296
-17.199
-17.101
-15.629
-13.592
-7.4299
-4.1434
-3.8066
-4.1366
-3.2508
-1.7505
0.21991
1.7831
2.512
2.563
2.5581
2.4941
2.7245
3.6148
4.6164
6.079
9.3336
10.377
10.362
11.326
12.145
12.444
11.729
10.111
8.1039
6.1353
4.4194
2.5673
0.088908
-3.109
-6.8512
-10.927
-14.747
-17.443
-19.151
-17.334
-15.679
-13.923
-7.5641
-4.8428
-4.9908
-3.8001
-2.706
-1.2226
0.3327
2.0184
3.4698
4.0347
3.8237
3.4713
3.4169
4.1983
5.7106
6.6231
7.0585
8.8752
8.8268
6.8607
8.4948
8.9765
9.0436
9.0899
8.4917
7.3312
6.1457
4.809
3.0374
0.97985
-1.2249
-3.3963
-5.3332
-7.5364
-9.7202
-11.04
-11.407
-9.8535
-6.3785
-5.8699
-6.35
-6.3755
-5.8639
-4.5238
-3.21
-1.8707
-0.88298
-0.023688
0.73382
1.4771
2.2239
3.0135
4.0567
4.654
5.238
6.7317
7.1542
8.4367
10.557
11.669
11.859
11.356
10.011
8.322
6.3876
3.9453
1.1948
-1.7941
-5.3332
-8.5579
-11.274
-13.265
-16.031
-16.593
-14.892
-10.977
-5.4488
-3.8176
-4.5203
-4.5069
-3.9433
-2.5561
-0.93289
0.55635
1.6283
2.2211
2.2369
2.0896
1.9505
2.2772
2.7028
3.1394
3.3616
5.0592
6.2028
7.3715
9.5886
10.137
9.6405
8.767
7.3455
5.6756
3.8369
1.4023
-1.6553
-4.8354
-7.7355
-10.04
-12.132
-15.044
-17.162
-16.554
-12.878
-7.9909
-3.4217
-3.2101
-3.261
-3.6578
-3.0182
-2.1309
-0.62262
0.93687
2.1924
2.7768
2.6591
2.4582
2.5293
3.031
3.7018
4.725
6.9092
8.2982
9.4713
11.762
13.261
14.247
13.707
12.151
10.357
8.3359
6.3716
4.2913
1.8594
-1.1875
-4.5623
-8.0779
-11.791
-14.766
-14.553
-14.455
-10.258
-5.0895
-4.3731
-5.0687
-5.122
-5.3687
-4.6411
-3.2701
-1.7758
-0.39109
0.58929
1.0948
1.3426
1.806
2.7834
4.1679
5.1986
6.3361
7.6239
8.7488
9.8487
10.354
10.487
11.01
10.933
10.047
8.8609
7.1507
4.9627
2.5262
-0.20129
-3.6476
-6.9577
-10.048
-13.026
-14.107
-16.224
-16.281
-9.6535
-5.1756
-5.1661
-5.5189
-4.9215
-4.9129
-4.4398
-3.5508
-2.303
-1.0426
-0.43021
-0.54462
-0.047415
1.1481
3.1447
5.3098
6.5274
7.1317
9.37
10.009
10.342
13.344
14.731
14.611
12.986
10.734
7.9472
5.2756
2.3685
-0.88129
-4.1202
-7.4654
-10.678
-13.462
-16.155
-17.389
-17.218
-17.457
-11.574
-5.3501
-4.6636
-5.151
-4.4155
-3.6447
-2.5401
-1.0624
0.56366
1.7458
2.318
2.3442
2.4672
2.9089
3.3497
4.0952
4.3697
5.9708
9.0674
9.8578
13.499
15.158
15.665
14.976
13.529
12.171
10.789
9.144
6.9992
4.7185
1.7983
-1.5779
-5.0064
-8.819
-12.546
-15.394
-15.74
-16.5
-11.613
-6.6287
-5.8712
-5.7492
-4.429
-3.6118
-2.401
-0.97202
0.42785
1.3836
1.6631
1.8986
2.6424
3.7267
5.1531
5.4276
5.27
6.7746
5.9288
6.7664
9.3012
10.518
10.772
10.416
9.5639
8.538
7.6619
6.0786
3.8609
1.1757
-2.6054
-6.2595
-9.7669
-13.73
-16.024
-17.096
-15.945
-10.024
-5.4362
-4.1302
-4.6675
-4.3385
-4.3844
-3.7719
-2.3225
-1.1364
-0.29703
-0.2029
-0.15803
0.17745
0.82891
1.6524
2.7726
3.074
3.8154
4.9596
5.441
8.2402
10.057
10.405
9.3921
7.9615
6.5647
5.0934
3.3242
1.2814
-1.4213
-4.3978
-7.0304
-9.2644
-11.307
-13.641
-14.465
-13.339
-11.057
-7.4472
-5.0631
-4.6398
-4.3084
-3.902
-2.7003
-1.0886
0.61608
2.0075
2.7671
3.2525
3.7778
4.5238
5.4241
6.1591
6.5551
7.2581
8.0723
7.2204
8.2805
9.9461
11.149
10.827
9.3514
7.8563
6.5067
4.7878
2.9803
0.78234
-1.9583
-5.3695
-8.6939
-11.925
-14.789
-16.226
-15.197
-12.744
-6.4577
-3.966
-3.596
-3.5478
-2.7835
-1.9424
-0.90994
0.34081
1.2
1.8969
2.4378
2.6766
2.6721
3.0062
3.7556
4.712
5.8245
8.9947
11.051
12.996
15.035
15.443
14.287
12.243
9.7669
7.4061
5.454
3.7087
1.6865
-0.71832
-3.2536
-5.9517
-8.8752
-12.18
-14.801
-14.681
-13.326
-7.7702
-4.448
-3.738
-3.4505
-2.849
-1.967
-1.122
-0.34403
0.33075
0.63491
0.57851
0.56661
0.95691
1.7982
3.1342
4.1826
5.3583
7.3118
8.4623
10.666
12.343
12.874
12.551
11.798
10.54
8.835
6.9927
4.7874
2.3813
-0.5686
-3.9918
-7.3148
-10.787
-13.861
-14.468
-14.798
-12.135
-8.4458
-6.4954
-5.6145
-5.9037
-4.986
-4.5328
-3.4522
-2.5235
-1.7614
-1.3421
-1.1625
-1.0269
-0.75853
0.11607
1.7055
3.1779
5.1752
8.1887
10.1
12.267
13.824
13.753
13.136
11.965
10.407
8.271
6.4106
4.4298
2.6778
0.93522
-1.189
-3.5351
-6.0972
-8.9527
-10.349
-11.134
-12.334
-9.2947
-6.1327
-6.5984
-7.1715
-7.1031
-6.7032
-5.7054
-4.3749
-2.8763
-1.3074
-0.098214
0.3581
0.10381
-0.13372
-0.15441
0.10014
0.85895
2.4708
4.812
6.7988
9.9755
12.292
13.761
13.874
13.156
12.102
10.918
9.3994
7.2347
4.8622
2.2697
-0.65534
-4.3234
-7.9836
-10.646
-12.706
-13.948
-12.036
-7.5195
-6.4733
-6.4841
-6.1327
-6.2539
-5.7089
-4.8921
-4.4658
-3.6805
-3.2194
-2.8008
-2.7791
-2.2357
-0.85445
1.4221
2.7915
3.6234
6.0452
7.9074
9.4652
11.059
12.466
13.545
13.844
12.918
11.546
9.5475
7.1633
4.3194
1.2295
-2.1922
-6.2959
-10.602
-14.485
-17.97
-18.916
-18.292
-15.092
-7.5247
-2.3996
-1.5188
-1.7902
-2.5934
-2.5725
-2.0295
-1.1688
-0.41508
0.16051
0.22104
0.45004
0.96561
1.89
3.0799
3.8083
4.6298
6.2283
7.4784
8.5017
10.692
11.624
11.941
11.542
10.69
9.3055
7.5684
5.3488
2.863
0.13475
-2.7974
-6.2379
-9.7518
-13.143
-14.796
-14.643
-12.862
-8.7099
-7.1235
-6.4041
-6.801
-6.04
-4.9125
-3.4331
-1.5207
0.073581
1.5615
2.6167
3.1424
3.4044
3.794
4.0011
4.0395
4.409
5.9725
6.0357
6.8945
9.3596
11
12.059
11.997
11.035
9.7206
8.548
7.239
5.7293
3.8161
1.162
-1.4455
-4.7549
-8.7618
-11.522
-12.714
-10.943
-7.2066
-3.4866
-2.9768
-3.5219
-3.7766
-4.209
-3.2755
-2.6495
-1.6815
-1.2495
-1.0486
-1.3443
-1.5836
-1.0759
0.37208
1.4192
3.9815
7.1118
9.218
11.53
12.736
12.786
12.561
11.8
10.298
8.2865
5.9626
3.3688
0.29837
-3.1562
-6.8265
-10.468
-13.654
-16.471
-16.826
-16.712
-14.476
-9.9123
-6.2833
-5.1817
-4.3476
-3.646
-2.9505
-1.8758
-0.83891
0.1339
0.99764
1.56
1.6884
1.6624
1.7443
2.2099
2.7437
3.3785
6.0833
8.4428
10.677
13.315
14.757
15.197
14.314
12.674
10.098
7.1235
3.9373
1.1592
-1.3836
-4.2011
-7.3983
-10.495
-13.483
-15.152
-15.358
-13.566
-9.4007
-6.5807
-5.7942
-5.9054
-5.7314
-5.0735
-4.0187
-2.6645
-1.562
-0.65824
-0.14827
0.049817
0.15227
0.29725
0.64517
1.4395
1.8868
2.7654
5.3942
6.5608
7.8762
9.9206
11.162
11.698
11.525
10.601
9.0142
7.4304
5.5708
3.3826
0.75451
-2.4172
-6.1019
-9.6912
-13.115
-15.666
-15.928
-15.276
-11.48
-6.1478
-4.1593
-4.0125
-3.9206
-3.8321
-3.4041
-2.518
-1.4926
-0.1806
0.6788
0.96189
1.017
1.2775
2.0261
3.1068
4.2835
6.5421
9.125
10.405
12.902
14.698
14.75
13.647
11.609
8.9562
6.4764
3.9313
1.3106
-1.3892
-4.1583
-6.9707
-9.7249
-12.377
-15.103
-15.877
-14.718
-12.119
-7.813
-4.8133
-3.7505
-2.7899
-1.9396
-0.93297
0.34891
1.4221
2.0461
2.4108
2.4571
2.3523
2.4054
2.7538
3.3063
4.2042
6.3054
7.9061
7.9312
8.9406
10.092
10.724
10.501
9.7267
8.6458
7.4992
6.4015
5.1964
3.6274
1.7759
-0.68473
-3.4252
-6.2006
-9.1947
-12.172
-12.993
-12.772
-10.737
-6.243
-4.1905
-4.3909
-4.5532
-4.8493
-4.7584
-3.959
-3.1217
-2.0925
-1.4149
-1.2801
-1.3371
-1.3506
-1.0829
-0.64227
0.15079
1.7476
4.2659
7.0819
9.4319
12.327
13.668
13.615
12.748
11.283
9.5713
7.3412
4.8315
2.2923
-0.11956
-2.7454
-5.6574
-9.0756
-12.353
-13.933
-14.446
-13.145
-9.1423
-7.0698
-6.1253
-5.9569
-5.5652
-4.7397
-3.4689
-1.8393
-0.5302
0.68568
1.7048
2.363
2.8626
3.1563
3.5169
4.223
5.4271
7.4576
10.653
10.614
9.4843
9.0904
8.7822
8.5852
7.9255
7.1468
6.9451
6.8646
6.6421
5.8639
4.5515
2.4294
-0.35132
-3.2798
-6.1305
-8.9467
-11.722
-11.301
-7.5775
-8.7791
-6.1612
-4.9661
-4.3948
-4.983
-4.4155
-3.7365
-2.9688
-2.1502
-1.1691
-0.50895
-0.41215
-0.021204
0.53189
1.5664
3.3583
5.5362
8.0273
8.9666
9.5427
10.393
11.491
11.948
11.214
10.143
8.7778
7.0044
5.0081
2.887
0.20302
-3.0055
-6.9352
-10.935
-15
-18.256
-18.151
-17.386
-14.819
-6.3452
-3.6097
-4.2139
-4.5934
-4.5168
-4.2346
-3.5531
-2.566
-1.5146
-0.69296
0.033807
0.61591
1.5993
2.6734
4.115
5.5985
7.4325
10.215
8.741
8.1606
10.459
11.742
11.952
11.42
10.461
9.2198
7.4213
4.9713
1.8766
-1.3492
-5.2921
-9.6881
-13.708
-17.341
-18.787
-17.569
-17.08
-9.3951
-3.9549
-2.2451
-3.5824
-3.7953
-3.5484
-2.996
-2.0444
-0.83684
-0.10658
0.39907
0.73923
1.2596
2.1932
3.5009
5.0566
6.7915
8.754
8.8341
9.6834
11.16
11.979
11.915
10.698
9.0886
7.0971
4.8259
2.6309
0.33935
-2.1959
-5.3064
-8.7571
-11.849
-14.565
-15.816
-13.176
-12.811
-7.1442
-2.8516
-2.2936
-2.4351
-2.1692
-1.8572
-1.1556
0.042517
0.98297
1.4755
1.77
2.364
3.0956
4.0911
4.928
5.9097
7.1893
10.276
10.229
10.186
11.011
11.453
11.368
10.743
9.65
8.1307
6.5183
4.5523
2.3259
-0.1282
-3.3115
-6.8928
-10.211
-13.501
-14.268
-14.468
-13.041
-5.9851
-3.9646
-3.4057
-3.74
-3.2073
-2.7091
-1.8676
-0.97989
-0.21071
0.22581
0.44259
0.6079
0.95371
1.4912
2.4726
3.7544
5.6578
8.5934
8.8757
9.7673
11.305
12.122
12.006
10.901
9.5682
7.9853
6.4958
4.4402
1.7046
-1.6179
-5.6176
-9.7773
-13.792
-16.502
-15.958
-15.36
-9.1626
-5.3968
-4.0593
-3.4206
-3.6042
-3.1648
-2.6965
-1.8154
-1.1004
-0.84839
-0.68148
-0.468
0.034018
0.94319
2.2458
3.4056
5.5154
8.242
9.1007
11.494
13.325
13.845
13.489
12.187
10.253
8.1264
5.7782
2.984
-0.25577
-3.8044
-7.407
-10.506
-13.563
-14.357
-14.14
-13.182
-6.9529
-3.7887
-3.2147
-3.7289
-3.4883
-3.6419
-3.14
-2.6309
-2.245
-1.9212
-1.5346
-0.82848
0.19063
1.7017
3.7032
5.7617
8.7185
10.723
10.292
11.55
12.338
12.307
11.984
10.946
9.2297
7.7407
6.1487
4.1637
1.7108
-1.1888
-4.5939
-7.884
-11.27
-13.378
-14.633
-13.627
-9.9223
-5.2795
-3.7662
-4.016
-4.3484
-4.7848
-4.5263
-3.6861
-3.1181
-2.5512
-2.1199
-1.8653
-1.6358
-1.2346
-0.70927
-0.29586
0.57621
2.9383
5.4981
6.9521
9.7297
11.317
11.65
11.02
9.8647
8.1987
6.5798
4.4077
1.9476
-0.89531
-4.1844
-7.932
-11.392
-14.232
-15.161
-13.24
-12.614
-6.2084
-3.3663
-2.894
-2.9457
-2.6401
-2.4405
-1.7945
-0.84052
0.23712
0.96847
1.4311
1.5655
1.8341
2.1247
2.5276
3.5248
4.9107
6.7633
8.3233
7.5814
8.9064
10.604
11.659
11.83
11.408
10.485
9.3977
8.087
6.3123
3.8624
0.74719
-2.9841
-7.3321
-11.791
-15.355
-16.148
-15.542
-13.651
-7.1161
-4.9692
-3.7953
-4.1334
-4.2109
-3.9282
-3.1953
-2.2504
-1.4052
-0.69525
-0.28387
0.36832
1.06
1.9121
3.1207
4.8661
7.2975
8.0814
8.3134
10.05
11.395
11.581
11.062
10.332
9.0224
7.2732
5.1795
2.1607
-1.5829
-5.5752
-9.5314
-12.656
-14.502
-14.161
-13.508
-13.341
-7.4689
-5.1272
-4.5904
-5.4141
-5.6167
-5.4804
-4.3265
-2.6911
-1.51
-0.69105
-0.058024
0.97461
2.5222
3.8374
5.1505
6.4647
7.4156
8.4134
10.77
7.7286
8.461
12.418
13.503
12.817
11.866
11.032
9.9366
8.6809
6.8265
4.2488
1.4091
-1.9857
-5.6747
-8.9873
-11.861
-13.394
-12.769
-11.077
-7.5308
-4.7614
-5.4695
-5.6959
-4.6913
-4.6705
-3.7682
-2.0118
-0.83017
-0.43142
-0.53185
-1.4801
-2.0313
-1.9275
-1.1929
1.0197
4.0113
11.143
14.063
13.107
15.502
17.035
16.825
15.163
12.933
10.47
7.8654
4.5424
2.0005
-0.50981
-3.4411
-7.0533
-10.916
-14.346
-16.944
-19.324
-20.157
-18.45
-15.035
-8.8921
-4.3571
-5.4496
-5.5713
-5.5968
-4.5536
-2.6454
-1.0334
0.30004
1.0289
1.3131
1.5575
2.0034
3.0031
4.0607
5.2077
6.176
9.4488
11.548
12.385
15.665
16.854
16.274
14.465
12.411
9.9405
7.5304
4.6415
2.0405
-0.54384
-3.3618
-6.4495
-9.434
-12.422
-14.232
-14.082
-14.107
-9.779
-5.2202
-3.8318
-5.4609
-6.2076
-5.6037
-3.8853
-2.4779
-1.4757
-0.70395
-0.11716
0.5373
1.2238
1.9772
3.0702
4.1156
5.4548
7.671
9.4817
9.17
10.847
11.606
11.752
10.696
9.1367
7.5377
5.9634
4.4134
2.8256
1.1375
-1.2768
-4.2856
-7.3295
-10.492
-12.837
-13.36
-12.636
-9.2328
-4.1205
-3.4716
-4.8272
-5.2518
-5.0471
-4.2241
-3.2197
-2.2688
-1.5744
-1.557
-1.6331
-1.5006
-0.90536
-0.087285
1.2677
3.0956
5.4596
9.3973
9.7994
11.429
13.186
13.135
12.338
10.705
8.712
6.6348
4.3554
2.0491
-0.50029
-3.6567
-7.0802
-10.026
-12.457
-13.948
-14.941
-13.096
-11.2
-12.371
-8.4043
-5.6262
-6.6525
-6.624
-5.7063
-3.9973
-2.6402
-1.9768
-1.7656
-1.6035
-1.0185
0.13671
1.5527
3.3245
5.0808
7.007
9.7379
13.569
13.347
14.034
16.424
16.097
15.007
13.67
11.887
10.014
8.4484
6.6971
4.7285
3.1199
1.4863
-0.061491
-2.404
-5.4752
-9.5176
-12.857
-14.45
-13.035
-9.4804
-9.1319
-8.7904
-7.7299
-7.6451
-6.1565
-3.818
-0.60825
2.0594
3.7695
4.8878
5.5016
5.6808
5.7847
6.2253
8.0684
7.5823
10.062
12.893
14.19
13.762
12.67
10.585
8.1744
5.1354
1.4957
-2.5011
-6.4954
-10.694
-14.9
-18.121
-21.014
-23.416
-22.681
-18.183
-12.625
-5.766
-2.9176
-2.1933
-1.7721
-1.3331
-0.61024
0.4764
1.952
3.0504
3.5725
3.8671
4.732
5.3492
7.5438
6.2335
7.3715
8.6631
8.5887
9.1865
12.677
12.49
11.697
11.035
10.411
9.4202
7.8221
6.5413
4.1567
1.1798
-2.0765
-5.7357
-9.4579
-12.501
-15.216
-18.444
-18.34
-15.984
-14.074
-3.7799
-2.6209
-3.1217
-3.7164
-4.1821
-3.9179
-3.1855
-2.2241
-1.0325
-0.24935
0.47155
0.80879
1.4602
2.3654
4.8371
8.3623
11.35
15.371
17.789
18.538
19.261
18.814
16.905
15.159
12.074
8.8445
5.7643
2.9731
0.12454
-3.2104
-7.0572
-10.536
-13.599
-16.432
-16.323
-15.208
-10.991
-5.5639
-4.3848
-4.2387
-4.8973
-5.5942
-5.7756
-5.8803
-5.3994
-4.6614
-3.641
-2.8268
-2.2944
-2.0078
-0.89782
1.3866
3.9636
6.2837
9.7202
13.446
14.235
14.951
14.997
13.674
11.5
8.9505
6.6049
4.0568
1.4735
-0.90562
-3.2937
-5.9072
-8.3593
-10.039
-11.147
-13.073
-13.483
-7.2806
-4.3562
-2.1702
-1.0477
-1.6934
-2.4391
-2.1173
-1.4778
-1.1822
-0.6282
-0.11986
0.44064
0.62249
1.1474
1.8969
3.1826
5.5574
7.7619
8.19
8.9635
9.4414
11.073
11.877
12.457
12.068
11.113
9.534
7.4944
5.4336
3.1102
0.34021
-2.8816
-6.5396
-10.01
-13.161
-16.388
-18.832
-18.112
-18.749
-13.608
-7.7524
-6.9607
-6.0838
-4.371
-2.3232
-0.27581
1.2313
1.9636
1.8594
1.9481
2.7666
3.6828
4.6973
5.8331
7.02
8.7575
9.5942
6.4296
5.3817
7.9719
9.9067
10.592
10.569
9.673
8.2234
6.3067
3.7125
1.1039
-1.7686
-5.1484
-8.6683
-11.716
-13.85
-12.935
-10.788
-10.808
-6.8274
-5.0042
-4.1354
-3.7251
-3.2122
-2.6016
-1.6543
-0.57409
0.10793
0.36686
0.3639
0.54228
1.1236
2.1279
3.5375
5.2648
5.9773
7.7429
8.1705
5.615
6.5257
7.7667
8.7761
10.08
10.624
10.635
10.056
8.4069
5.6812
1.9951
-1.9191
-5.979
-9.3981
-12.45
-15.368
-15.733
-14.911
-10.727
-6.7521
-4.7259
-4.3285
-4.8462
-4.664
-4.3182
-3.4354
-2.3612
-1.4911
-0.93869
-0.69053
-0.19136
0.44411
1.5303
2.9589
5.5561
9.1328
8.258
7.8234
10.253
10.914
10.729
10.381
9.8435
9.3799
8.6285
7.0975
5.1981
2.7549
-0.30278
-4.0823
-8.1866
-12.34
-16.476
-17.083
-14.382
-11.958
-4.1964
-4.4056
-4.3506
-4.1473
-3.3856
-1.9478
0.20724
2.2052
3.1698
2.4788
1.8041
2.6274
4.9475
7.8372
10.656
12.366
12.82
12.961
10.374
11.387
11.296
10.558
9.1059
8.0649
7.0789
6.2417
5.3319
4.0125
2.194
-0.46419
-4.2672
-8.5255
-12.369
-15.544
-18.572
-17.74
-17.128
-12.484
-5.7305
-3.1391
-3.1294
-4.0023
-4.206
-3.7293
-2.601
-1.4869
-0.65447
0.066499
0.74217
1.6213
2.6463
3.7383
4.1937
3.9907
5.2622
8.1294
8.1948
9.9911
11.755
12.272
11.578
10.24
8.5285
6.3409
4.0859
1.0702
-2.4167
-6.1357
-10.33
-13.76
-16.303
-17.875
-16.31
-14.556
-9.3496
-3.5596
-1.3438
-1.3136
-2.5039
-2.6946
-1.6717
-0.30465
0.88622
1.2769
1.4076
2.0316
3.2822
4.2525
5.4124
6.9785
8.2026
10.551
12.591
10.549
10.93
11.471
11.37
11.139
10.285
9.1081
7.4823
5.6552
3.3947
0.72797
-2.4626
-6.3634
-10.021
-13.323
-16.196
-16.896
-16.121
-12.806
-6.0418
-2.5321
-2.2243
-2.8226
-2.7601
-2.2302
-1.1879
0.16712
0.91523
0.93003
0.56258
0.47004
1.0356
2.2614
4.1527
5.6652
7.1499
9.7379
10.246
12.81
14.137
14.784
14.683
13.257
10.664
7.6477
4.348
0.51505
-3.5636
-7.3589
-10.812
-13.719
-15.69
-16.845
-16.28
-14.087
-12.803
-8.3078
-3.4181
-3.0867
-3.3612
-3.1387
-2.5601
-1.6039
-0.54734
0.41452
1.3773
2.1201
2.2499
2.2609
2.3519
2.7471
3.1101
3.8456
6.0171
6.8841
6.9932
10.089
12.184
12.659
12.147
11.48
10.754
10.249
8.9215
6.5595
3.8824
1.0657
-2.4762
-6.3171
-9.4704
-12.999
-14.898
-14.189
-13.439
-8.7177
-4.777
-4.7289
-4.251
-4.1888
-2.9297
-1.8501
-0.69789
-0.012068
-0.20074
-0.31421
-0.249
0.40794
1.2415
2.7517
4.8471
7.2633
9.6717
10.013
11.498
12.151
13.274
13.268
11.813
9.5847
7.5178
5.4263
3.1884
0.70668
-2.1336
-5.8201
-9.918
-13.889
-17.548
-21.191
-23.358
-20.554
-22.184
-13.556
-7.3308
-7.4079
-6.8088
-4.1812
-2.1747
-0.60712
0.77511
1.7703
2.2572
2.6689
3.1331
3.6964
4.9536
6.6248
8.3956
9.9331
12.339
10.98
8.2082
9.792
11.707
12.269
11.049
9.3289
7.729
5.8985
3.6832
1.1477
-1.5808
-4.5631
-8.4047
-11.723
-14.839
-17.634
-17.472
-14.96
-12.444
-6.1703
-2.4564
-1.3507
-1.567
-0.73291
-0.16941
0.3492
-0.21473
-1.3533
-1.2294
0.27098
2.2192
3.5964
4.6714
6.3088
9.1587
13.906
15.6
13.243
11.588
12.604
12.334
11.211
9.6942
7.7182
6.079
4.5043
2.4582
0.066781
-2.7349
-6.0457
-9.5544
-13.019
-15.258
-13.851
-12.44
-12.471
-6.6906
-4.2213
-4.2621
-4.255
-3.6552
-3.0801
-2.128
-1.1835
-0.41056
0.16153
0.56388
0.88081
1.0804
1.9645
4.3948
8.3909
12.255
12.213
10.665
10.241
11.482
11.53
10.829
9.6336
8.5692
7.3382
5.6314
3.5311
1.2608
-1.9059
-5.8033
-10.036
-14.74
-18.798
-14.993
-15.259
-11.877
-6.182
-6.4248
-4.6597
-4.6848
-4.996
-3.5832
-1.2474
0.92674
2.6033
3.7832
4.3766
4.548
4.4636
4.9471
6.4945
7.8541
8.6441
10.609
10.405
11
12.109
12.383
11.452
9.8033
8.4376
6.8291
5.0254
2.7873
0.40046
-2.4938
-6.0045
-9.7864
-13.02
-15.698
-15.937
-13.701
-12.904
-7.2304
-0.61582
-0.98621
-1.6255
-1.7936
-2.1176
-2.297
-2.0113
-1.1923
-0.38803
0.26329
0.46493
0.49882
0.66162
1.889
3.6147
5.3193
7.9645
9.5271
9.6669
10.407
10.93
11.207
10.627
9.0592
7.8247
6.8166
4.9943
2.7627
0.51051
-1.8756
-4.522
-7.2594
-9.831
-12.079
-13.147
-12.707
-11.684
-6.4266
-3.8271
-4.7887
-5.7189
-5.9336
-5.441
-4.3653
-3.3216
-2.3106
-1.7301
-1.8173
-1.7878
-1.411
-0.69897
0.23646
1.4495
2.3092
3.6502
5.46
6.1508
8.4744
10.962
12.208
11.898
10.627
9.3843
8.2636
6.7755
4.9176
2.3833
-0.90852
-4.7194
-8.4432
-12.058
-15.154
-17.053
-17.012
-14.177
-7.7896
-3.9107
-1.99
-1.7802
-1.5689
-1.4527
-1.1717
-0.64859
-0.58353
-1.1202
-1.9605
-2.5413
-2.5665
-2.1769
-0.80948
0.62205
1.9862
5.0869
7.4395
9.5288
12.169
13.071
12.978
12.085
10.778
9.4384
7.5572
5.6751
3.6886
1.5143
-0.52219
-2.2451
-4.3575
-7.0598
-9.3453
-9.9833
-8.0221
-5.112
-2.8704
-2.4074
-2.7323
-3.123
-2.7784
-1.9894
-1.2084
-0.48432
0.030078
0.72157
1.1734
2.0849
3.1938
3.3547
1.9839
0.9257
1.6992
2.617
4.1486
5.1787
5.1678
4.7744
4.5116
4.3774
4.1831
3.9433
3.2559
1.9296
0.72053
-0.65231
-1.5171
-2.0796
-2.862
-3.5744
-2.6772
-2.0541
-1.6912
-1.2071
-0.82182
-1.1026
-1.3989
-0.98479
0.1377
1.3346
2.2966
2.69
2.3405
1.2428
0.92799
1.0545
0.31319
-1.1039
-1.0124
-0.55362
-0.38357
0.84865
2.4028
1.7276
1.1363
0.88947
-0.027087
0.059859
0.24692
0.46289
0.40396
-0.014385
-0.50085
0.20656
0.19958
-1.5388
-2.5196
-2.7948
-3.0371
-2.8347
-2.468
-2.2204
-1.5378
-0.58344
0.2834
1.2893
1.6776
1.4745
1.5584
1.2841
0.53068
-0.70724
-2.1351
-3.6504
-2.8957
-0.93955
0.73988
1.1262
0.90847
0.44337
0.78316
2.6468
3.7045
3.473
1.514
2.2519
1.7538
-0.50233
-2.6754
-5.1341
-7.5671
-9.5379
-9.1038
-6.4703
-3.872
-1.2464
0.027489
0.34427
0.10264
-0.20075
-1.1853
-2.366
-2.8981
-3.4146
-3.9084
-4.519
-5.0194
-4.8029
-3.7782
-3.1297
-3.4169
-4.567
-3.8738
-1.5302
0.64993
2.7139
4.0035
4.9492
5.5778
6.0002
6.1171
5.7037
4.2579
2.3122
-0.11137
-2.4786
-4.461
-6.0634
-7.4836
-8.4177
-8.4164
-7.2546
-5.7271
-3.7833
-2.3033
-1.7685
-2.3092
-3.2813
-3.8998
-3.711
-2.1623
-1.4042
-1.0209
-0.89038
-0.60786
-0.21193
1.2957
2.2008
1.7552
-0.077386
-0.23923
0.53302
1.422
2.6518
3.2984
3.4063
3.1054
2.4569
1.7521
0.78563
0.054791
-0.083493
-0.53618
-0.75217
-0.64045
-0.015263
0.35827
0.55063
-0.34706
-0.10689
-0.684
-1.1419
-1.0017
-0.27989
-0.13002
0.24142
-0.11342
-0.025119
0.48969
1.2617
1.9613
1.7891
1.1119
0.85147
0.90263
1.1677
1.1745
1.0838
0.38909
0.41539
0.41218
0.41106
0.31187
0.20233
-0.12
-0.12076
0.14551
0.48601
0.8306
0.84056
0.88177
1.0982
0.94778
1.2869
1.2813
1.4618
1.3236
1.0434
1.0128
1.6277
2.1823
2.771
3.1721
2.9781
2.3236
0.72551
0.24519
0.35771
0.60565
0.72083
0.79558
0.44813
0.084532
-0.28473
-0.52592
-0.12622
0.23611
0.46367
0.61777
0.58881
0.45077
0.096202
-0.31939
-0.84761
-0.95436
-0.898
-0.64439
-0.62513
-0.79403
-1.0174
-1.1932
-0.99106
-0.75529
-0.4922
-0.16201
-0.087181
0.077909
0.044073
0.086259
-0.024314
-0.32868
-0.47462
-0.42172
-0.15436
0.08258
0.20893
0.29963
0.23523
-0.065504
-0.43744
-0.43333
-0.19976
0.28383
0.95635
1.2135
1.4875
1.4469
1.0342
0.74602
0.32414
0.18036
0.002545
0.00043205
-0.010203
0.14073
0.34805
0.31101
0.48181
0.44883
0.38566
0.3648
0.1843
0.20335
0.16956
0.010975
-0.049739
-0.13705
-0.054423
0.29132
0.65404
0.47432
0.028133
-0.39223
-0.58201
-0.55271
-0.68166
-0.87397
-1.1552
-1.2309
-1.3774
-1.5292
-1.5447
-2.1135
-2.7719
-3.2255
-3.9473
-4.4727
-4.9973
-5.3812
-5.6561
-5.1613
-4.8475
-4.2084
-4.1608
-4.2179
-4.0615
0.37613
-0.74213
-0.29009
0.021443
-0.070365
-0.19901
-0.50081
-0.70023
-1.152
-1.9745
-3.0983
-4.4601
-6.0911
-7.7836
-9.331
-11.062
-12.471
-13.729
-14.573
-14.73
-14.473
-13.72
-12.518
-11.423
-10.438
-9.6327
-8.3588
-7.1291
-6.0258
-5.3817
-5.0038
-4.2974
-3.5973
-3.0379
-2.4824
-1.849
-1.1627
-0.53877
0.084722
0.84571
1.7043
2.6197
3.4861
4.0699
4.3252
4.287
3.9937
3.5436
2.8612
1.8375
0.60093
-0.55622
-1.4001
-2.0203
-2.4197
-2.7375
-2.9435
-2.9822
-2.8514
-2.4297
-1.8962
-1.0649
0.06285
1.3934
2.883
3.841
3.5036
1.8874
-0.1851
-1.2661
-2.8554
-4.7956
-5.9777
-4.6804
-4.0787
0.7842
5.0986
3.9389
3.6814
3.3874
1.8646
1.0997
1.1491
2.0185
2.4268
1.8675
1.1375
0.62716
0.15901
-0.66603
-1.9117
-3.1884
-4.1543
-4.2989
-5.199
-5.5332
-3.0279
-0.68482
0.55154
1.6039
2.515
3.177
3.4853
3.6003
3.3509
2.6933
1.8429
0.9428
-0.25469
-1.573
-2.6625
-3.4617
-3.8113
-3.8218
-3.9421
-3.9102
-3.5364
-2.6801
-1.979
-1.7188
-2.0004
-2.4513
-2.7669
-2.7604
-2.467
-2.1925
-2.1098
-2.1101
-2.1502
-1.9545
-1.4535
-0.71486
0.0065417
0.84476
1.66
2.4154
3.0794
3.7005
4.3023
4.9415
5.6938
6.3539
6.7097
6.8265
6.7707
6.4595
5.1349
2.2714
-1.085
-3.0697
-3.5212
-3.0538
-2.3448
-1.94
-1.7293
-1.4489
-1.1647
-0.91189
-0.65802
-0.45238
0.041813
0.67789
1.2606
1.7022
1.993
2.1215
2.0563
1.9608
1.832
1.5426
1.2698
0.69884
0.31753
0.032328
0.10185
