-0.44104
-1.1169
-0.34961
-0.61645
-1.1595
-0.80839
-0.7743
-0.7843
-0.16338
-0.57554
-1.0261
-0.31653
2.7084
2.1198
0.91726
0.38805
-0.19486
-0.0049988
0.0083591
0.44649
2.2617
1.2691
1.4703
0.67143
1.0879
0.018741
0.017787
-0.89101
0.43794
0.84485
0.8718
0.12457
0.08332
0.30234
-0.29604
-0.020344
0.221
-0.88258
-0.080035
-0.59197
-0.34059
0.28764
2.1678
2.136
0.46899
0.38843
0.026324
-0.21898
-0.49923
0.17887
1.8524
1.9072
2.0128
0.99218
0.8955
1.2684
0.78753
-0.89618
-0.21696
0.68021
0.82661
0.45741
0.17642
-0.013427
0.29351
-0.093064
0.13603
-0.35663
-0.45866
-0.49944
0.26465
0.79868
2.2471
1.9463
1.0253
0.76153
0.22909
-0.42923
-0.11038
1.0676
1.28
2.0251
1.484
1.7314
1.1737
0.38436
0.34093
-1.1661
-0.36281
1.2502
0.82807
0.44853
0.22415
0.36739
0.2085
0.78293
-0.12387
0.27466
-0.8954
-0.37763
-0.76376
0.62617
2.6313
2.8367
1.4715
0.89095
1.0365
0.025339
-0.0048401
1.1416
2.0082
2.64
2.4513
1.5146
1.7452
0.91906
0.58061
-0.44601
-0.19821
0.89182
0.3956
-0.051636
0.7663
0.55185
0.55022
0.40287
-0.19613
0.31731
-0.21663
-0.26829
0.08814
-0.30043
1.838
3.1343
2.0903
0.96318
0.32369
0.15475
1.0701
1.6888
1.6617
2.954
2.8263
2.8023
1.8044
1.076
1.1333
-0.033027
-0.96624
0.23558
0.49447
0.81846
1.0759
0.8765
-0.26947
-0.11007
0.14442
-0.13617
0.27497
-0.30666
-0.63765
-0.41468
0.43968
2.2306
2.3326
1.2661
0.31328
0.18301
0.34988
0.092946
2.1092
2.5087
2.6984
2.3121
1.2162
1.1206
1.1901
-0.0232
-1.0825
0.51153
0.49282
0.88374
0.045816
0.47172
0.057365
-0.46662
-0.33366
-0.093105
-0.13893
-0.29071
-0.88849
-0.29333
-0.53481
2.4617
2.65
1.7931
0.35207
0.091179
0.13532
0.39727
1.5615
2.0709
2.2175
2.2683
2.1663
2.1303
1.5096
0.57826
-0.24692
0.13512
0.52405
0.87506
0.24814
0.35491
-0.60845
-0.22808
-0.79537
-0.45859
-0.20654
-0.90353
-0.46187
-0.84375
-0.9041
1.4897
2.6325
1.6951
1.0485
0.47888
-0.010043
0.64554
1.062
1.3235
2.3278
2.1067
2.4268
2.016
1.4222
0.69843
-0.52809
-0.54638
0.31385
1.0812
0.50856
0.81693
0.10577
-0.17893
-0.20264
0.1479
0.47845
0.11509
-0.91785
-0.56651
-1.5872
0.24274
1.8693
1.6929
1.3427
0.43593
0.62505
0.11541
0.83062
1.685
2.0693
2.1589
1.4041
1.265
0.70271
0.31252
-0.7259
-0.67233
-0.25357
-0.037978
-0.58492
-0.1694
-0.84713
-0.37833
-0.48768
-0.94342
-1.5565
-1.0961
-0.8031
-1.0614
-0.99989
-0.28591
2.4578
2.3466
0.93952
-0.15757
-1.04
0.051706
0.031479
0.33748
2.4396
2.2034
1.6956
1.7034
1.253
0.86417
-0.24714
-0.73899
0.48928
0.13154
0.6816
-0.14107
0.38127
-0.22873
-0.32654
-0.51611
-0.16725
-1.3951
-0.60145
-0.77594
-0.5533
-0.95317
2.2599
2.4598
1.0089
-0.17206
0.31279
-0.86488
-0.8161
-0.83172
1.1986
1.7918
1.5169
0.29011
0.32233
0.57615
0.25316
-0.80968
-0.62102
-0.59816
-0.094582
-0.4166
-0.12642
-0.71662
-0.65088
-0.9499
-0.31579
-0.78566
-0.90238
-0.42577
-1.32
-0.81319
2.1564
2.5252
1.0575
0.068787
-0.32169
-0.11215
0.10365
0.49245
2.082
1.8273
1.532
0.69882
0.26258
0.43002
0.11105
-1.1835
-0.29758
0.62209
0.49832
0.078974
0.17927
0.2337
-0.51378
-0.74206
-0.6751
-0.77191
-0.66634
-1.2261
-0.97298
-0.74388
1.814
1.949
0.97961
-0.44448
-0.74784
-0.6744
-0.53291
-0.44405
0.3635
1.4672
1.8806
1.1434
0.51345
0.28671
0.39542
-0.56914
-0.80196
-0.4487
-0.18893
-0.21737
-0.1062
-0.17864
-0.98778
-0.72529
0.14661
-0.19954
-0.43134
-0.68972
-0.65758
-1.1709
-0.90546
1.8836
2.1344
0.70405
0.15866
-0.035221
0.3628
0.35272
0.91226
1.5138
1.8369
1.1033
1.2944
0.48414
0.05536
0.0097214
-1.0637
-0.70324
-0.054593
0.72579
-0.053418
-0.52065
-0.090513
0.32451
-0.1408
-0.6658
-0.89347
-0.57686
-1.1462
-1.1143
-0.97155
1.8111
2.2014
1.1707
0.27122
0.083622
0.058678
0.027012
0.24372
1.7571
1.9072
1.2851
1.0859
0.88442
0.50552
0.14806
-0.46418
-0.99345
0.091659
0.12311
0.64084
0.24915
-0.2534
-0.24012
-0.66781
-0.6543
-0.6146
-0.8897
-0.36735
-1.2177
-1.2334
-0.81511
-1.0077
1.9727
1.9219
0.4473
0.011663
-0.69957
-0.41638
-0.11753
0.03395
1.2614
2.2553
1.362
0.96946
0.86335
-0.012425
-0.29246
-1.1656
-0.45366
0.12911
-0.21833
-0.096283
-0.39988
-0.4073
-0.57989
-0.33883
-0.8359
-0.3219
-1.1096
-0.61129
-1.2214
-1.756
-1.7916
-0.6952
1.8452
1.4151
0.3366
-0.14342
-0.12999
-1.0111
-1.3119
0.86124
1.5938
1.4642
1.5739
1.1692
1.3134
0.66822
0.0016547
-0.5136
-0.38001
0.031923
-0.10818
0.1043
-0.31216
-0.42661
-0.22913
-0.66144
-1.1773
-0.3951
-0.99341
-0.94529
-0.82083
-0.7908
1.1543
2.3278
1.4331
-0.59954
-0.94376
-0.72805
-0.93097
0.029526
1.5123
1.9214
1.9684
0.93674
0.85227
0.56096
-0.17025
-1.0072
-1.1509
-0.39209
0.056253
0.31942
-0.97161
-0.48397
-0.49257
-0.58801
-0.34632
-0.88099
-1.0436
-1.6668
-1.5789
-0.90454
1.1533
2.1467
1.4719
0.80458
-0.11089
-0.6019
0.12635
-0.23836
0.70181
2.1656
1.7628
1.3552
0.87639
0.32433
-0.12283
-1.1911
-1.6737
-0.29614
-0.25931
-0.28392
-0.79681
-0.57583
-0.58345
-0.37245
-0.95291
-0.61895
-0.45315
-0.35171
-1.2169
-1.0274
-0.30461
2.1167
1.912
0.66222
0.088052
-0.72876
-0.8346
-0.81455
-0.30123
1.366
1.7168
1.9035
1.1727
0.59156
0.27937
0.37512
-1.8095
-1.313
-0.348
0.39368
0.13915
-0.8202
-0.72631
-0.37094
-0.96033
-0.0064143
-0.35438
-0.31581
-0.50019
-1.2247
-0.46546
1.461
2.4992
0.90962
0.29793
-1.1471
-1.1581
-0.64229
0.26205
1.1882
2.1452
0.98962
1.0491
1.7404
0.99822
0.15974
-0.75887
-0.00037462
0.4391
0.042512
0.29597
-0.35663
-0.71484
0.036671
-0.59256
-0.093214
-0.36174
-0.68007
-0.7253
-0.5708
-0.39457
1.0708
2.3394
1.3203
0.51933
-0.029326
-0.17076
-0.45098
-0.18055
1.0581
2.0675
1.6892
1.4948
1.0761
0.89895
0.5022
-1.0074
-0.88323
-0.49401
-0.098252
0.56575
-0.061185
0.22721
0.17395
-0.49433
-0.24872
-0.33687
-0.27453
-0.75442
-0.77021
-0.69259
-0.1543
1.4256
0.053025
-0.75048
-1.1893
-1.175
-0.71189
-0.19955
0.53143
0.95284
1.2966
0.9917
1.0043
0.62029
0.2456
-0.24054
-0.71523
-0.21437
-0.57611
0.53819
-0.10628
0.071631
-0.22377
-0.056189
0.17087
-0.82172
-0.33956
-0.9279
-0.96772
-1.0287
-0.73473
1.9404
1.7254
1.1202
0.10665
-0.23196
-0.017318
0.47037
0.38206
0.55655
1.3229
1.3368
1.8293
1.0228
0.19516
-0.30442
-0.87325
-1.6706
-0.35751
-0.14539
0.22613
-0.31453
-0.087205
-0.29464
-0.71019
-0.86978
-0.15374
-0.7609
-0.37432
-1.4296
-0.067022
1.4615
1.9875
0.89079
-0.16093
-0.27392
-0.82821
-0.35902
-0.096802
0.75718
1.7298
1.551
0.91944
0.45427
0.67662
0.20279
-1.18
-1.1051
0.35526
-0.49204
0.33273
-0.15199
-0.33943
-0.29279
-0.15735
-0.45808
-0.66331
-0.4005
-0.62071
-0.83182
-0.76515
0.29298
2.6124
1.4019
0.42115
0.36861
-0.71091
-1.1054
-0.54627
-0.29591
1.794
1.7379
1.2947
0.92091
1.0471
0.080653
0.11638
-1.2078
-0.24483
-0.30292
0.2944
-0.50802
-0.43786
-0.39529
0.22123
-0.051699
-0.082215
-0.23078
-1.248
-0.97338
-0.7215
-0.70802
-0.36558
-0.4453
-1.2721
-1.8277
-1.0683
-1.7391
-1.573
-1.0713
-0.62523
1.8622
1.6352
1.0652
0.35153
0.33251
-0.22053
-1.1207
-0.94072
0.080812
-0.19483
-0.12307
0.30701
0.12074
-0.3355
-0.45217
0.045949
-0.46261
-0.2746
-0.71352
-0.80394
-0.59507
2.027
2.6385
1.3829
0.51454
-0.65229
-0.86087
-0.37475
-0.21575
1.0174
2.522
1.6507
1.069
0.42318
0.26826
-0.33688
-0.62405
-0.68902
0.13935
-0.047103
0.96995
0.068011
0.38957
-0.43958
-0.36115
-0.062679
0.010287
-1.125
-0.9495
-1.03
-0.45969
0.20914
1.5961
0.89904
-0.13779
-0.52907
-1.1735
-0.80565
-0.42097
-0.18519
0.81779
2.1599
1.4149
1.0189
0.83601
-0.3009
-0.46294
-1.7624
0.044512
0.2691
-0.1476
-0.15709
-0.25247
-0.58617
-1.4287
-0.55887
-0.5382
-0.94534
-0.68515
-1.246
-1.3397
-1.301
-0.91981
-0.20997
-0.81937
-2.2993
-1.8539
-2.037
-1.5688
-1.6571
-1.2267
0.086119
1.1363
1.3595
0.79413
1.195
0.53707
-0.30551
-1.103
-0.99599
-0.45097
0.37738
-0.082366
-1.0693
-0.5875
-0.62242
-0.87686
-1.4227
-0.6274
-1.7032
-0.84411
-0.1338
-1.0132
1.3704
1.5571
-0.52975
-0.82018
-0.63411
-0.41575
-0.24801
-0.341
-0.047083
1.8205
1.7801
1.5666
0.92301
0.7133
-0.11222
-0.92532
-1.43
-0.32477
-0.14625
-0.17561
-0.80067
-0.9303
-0.76677
-0.49914
-0.56568
-1.513
-1.2975
-1.3257
-1.0066
-1.1962
0.62224
2.4929
1.6496
0.2717
-0.57171
-0.6941
-0.90999
-0.96911
-1.0728
0.77413
1.7081
1.5819
1.2951
1.002
-0.3229
-0.22852
-1.2033
-0.12119
-0.019085
-0.2136
0.495
-0.1464
-0.064889
0.099168
0.54271
-0.5357
-0.32367
-0.72971
-0.94432
-1.1386
-0.89627
1.6646
2.0447
0.73859
-0.7144
-1.0098
-1.5946
-0.95216
-1.4848
0.054594
1.6885
2.5006
2.1427
1.4682
0.49157
0.27144
-1.0577
-0.75786
-0.25364
0.0098753
0.6577
0.59089
0.18971
0.064144
-0.58793
-0.64295
-0.53435
-0.74766
-0.59137
-0.22509
-0.23489
1.5377
2.3317
1.2743
-0.21346
-0.75289
-1.7356
-0.93586
-1.1168
1.6101
2.3156
1.6039
1.5409
0.93372
0.8133
0.29513
-1.2388
-1.944
0.34495
-0.046169
0.55402
0.41215
-0.69216
-0.67068
-0.46677
0.2406
-0.0013642
-0.076413
-0.57308
-0.5352
-0.90409
0.21071
2.0861
1.4407
0.43669
-0.36885
-0.81073
-0.78561
-0.68299
-0.79734
1.1601
2.153
0.92922
1.0292
0.49111
0.71261
0.11009
-0.70566
0.33818
0.18828
0.54123
0.7248
0.20443
-0.54439
-0.29886
-0.74499
-0.25685
-0.60368
-1.3168
-1.2695
-1.611
-1.2109
1.0724
2.4092
1.1306
0.063654
-0.048761
-0.42128
-0.75544
-0.18089
1.3776
1.4461
1.5464
1.1208
0.4089
0.4593
-0.33252
-1.493
-0.92495
-0.43139
-0.30286
-0.14431
-0.65857
-1.1082
-0.66118
-0.97517
-1.254
-1.4142
-1.346
-1.4062
-1.4044
-1.9506
-0.552
0.22985
0.19036
-1.1828
-1.3823
-0.98916
-0.65142
-1.0713
-0.53466
-0.45647
1.6678
1.0951
0.84546
0.13613
-0.54368
-0.42577
-1.0443
-0.63824
-0.1788
-0.37137
-0.32927
-1.1945
-0.73431
-0.35752
-0.24169
0.29017
-0.11349
0.086181
-0.28939
-1.0158
-0.74154
0.97694
1.8225
1.0815
-0.78176
-0.22782
-1.166
-0.33342
-1.468
-0.32324
0.70138
1.8936
1.1275
0.39212
0.47125
0.02717
-0.47971
-1.5263
-0.65417
-0.38374
-0.31632
-0.62746
-0.491
-0.99617
-0.63419
-0.37308
-0.24727
-1.1596
-0.82365
-0.65995
-0.38662
0.86861
2.3018
1.4558
-0.11546
-0.11697
-0.45702
-0.82509
-0.43189
0.40977
1.5614
1.5381
1.2345
0.76037
0.82084
0.69092
-0.23525
-1.428
-0.76922
-0.90458
0.050687
-0.69243
-0.83626
-0.63614
-1.2271
-0.5241
-0.67597
-1.4344
-1.3278
-0.83088
-1.3455
-1.411
1.6931
1.7091
0.61974
-0.19742
-0.88933
-1.3786
-1.0875
-0.44961
0.46526
1.2607
0.5335
0.81964
0.75532
0.39858
0.075339
-1.33
-0.29817
-0.35901
-0.13962
-0.12548
-0.44675
-0.90633
-0.88538
-0.87728
-0.37868
-0.61963
-0.99419
-0.76736
-0.54061
-0.26413
0.18726
2.0498
1.4474
-0.21718
-0.79289
-1.021
-0.46795
-0.42502
-0.09083
2.2289
1.7056
1.0792
1.4902
1.0786
1.4172
0.39339
-0.81727
-0.040774
0.081758
0.11125
0.023416
-0.13662
0.15925
-0.36477
-0.27971
-0.64065
-0.46887
-0.76991
-0.36821
-1.1476
-0.79244
1.1259
2.2512
0.74308
-1.0037
-0.90177
-1.0455
-0.28574
-0.23882
1.0975
1.5955
1.6401
1.7404
1.1956
1.0534
0.57267
-0.54701
0.0023186
0.04817
0.1353
0.032561
-0.06014
0.047111
-0.6538
-0.48816
-0.45551
-0.67278
-1.5145
-1.1018
-1.0173
-1.0789
-1.2708
1.1586
1.9392
0.25893
-0.2937
-0.46009
-0.59271
-0.082507
-0.15225
0.99375
1.8976
1.0406
0.58821
0.063371
-0.27973
-0.34826
-1.0431
-0.52327
0.080087
0.34167
0.35034
-0.29132
-1.1084
-0.61546
-0.61898
-0.39667
-0.88121
-1.0529
-0.46271
-0.45485
-1.0242
1.4192
2.2291
0.72788
-0.72295
-0.59611
-1.2206
-0.69887
-0.27259
-1.3783
1.4198
1.6235
1.2875
0.43145
0.46303
-0.1995
-0.51139
-1.6006
-0.22527
-0.23481
0.064112
-0.23285
-0.64268
-0.6951
-0.84031
-0.088289
-0.31102
-0.52707
-0.11992
-0.99429
-0.64521
-0.47839
1.8868
1.7965
0.66723
-0.09091
-0.12919
-0.73989
-0.48025
0.0028129
-0.9159
1.0325
1.0903
1.0928
-0.18436
0.36263
-0.3563
-0.89975
-1.1931
-0.76458
-0.98244
-0.11799
-0.57402
-0.3867
-1.3996
-1.0041
-1.0609
-1.0725
-1.0427
-1.6058
-0.53964
-0.801
-0.80943
-0.3454
-0.16063
-0.88725
-1.1163
-0.99437
-1.4526
-0.82223
-1.2238
0.041667
1.2545
1.1247
0.92809
0.041637
-0.55982
-0.68803
-1.075
-1.1983
-0.64043
-0.012826
-0.13573
-0.73571
-0.72172
-0.39619
-0.27858
0.29077
-0.38405
-0.68937
-0.94762
-0.58005
-1.1192
0.74709
2.0976
1.1519
-0.58496
-1.5817
-1.1677
-0.76189
-0.7167
-0.8564
0.18331
1.7067
0.46774
0.31629
0.53619
-0.30411
-0.9812
-1.46
-0.41071
-0.43168
0.077915
0.0496
-0.57851
-0.59237
-0.72749
-0.63435
-0.30043
-0.81085
-0.71744
-0.7916
-0.48039
-0.61224
1.4758
2.7483
0.51872
-0.87492
-0.87368
-1.3079
-0.79307
-0.7015
-0.0010022
0.22356
1.9853
1.4053
0.91028
0.52664
-0.32739
-0.70919
-1.7125
-0.49096
-0.27139
-0.27403
-0.30742
-0.20563
-0.2511
-0.63436
-0.61939
-0.54168
-0.76084
-0.87677
-1.0401
-1.2807
-1.3211
-0.050928
-0.69042
-0.63043
-1.6854
-1.226
-1.0176
-0.4742
-0.68875
0.12335
1.236
1.5265
1.4696
0.59323
0.42713
-0.36775
-1.1911
-1.7777
-0.38475
0.053193
0.36095
0.034072
-0.42727
-0.37882
-0.72546
-0.78111
-0.81013
-1.1737
-0.9409
-0.77613
-0.7175
-0.85772
2.1318
1.8013
-0.43157
-0.95083
-0.71243
-1.5738
-0.50649
-0.58342
0.45127
2.0872
1.4226
1.1532
0.38049
0.57087
-0.24355
-1.3338
-0.87935
0.27151
0.23474
-0.41293
-0.61199
-0.79479
-0.60675
-0.70415
-0.67586
-1.0167
-0.49537
-0.38849
-1.1432
-0.75669
0.89155
3.5573
1.8168
0.54217
-0.93069
-1.1111
-0.70434
-0.31267
-1.0576
0.44023
1.8335
0.79689
1.4087
0.17174
-0.33409
-0.5911
-1.882
-0.5329
-0.076425
0.41076
0.1747
0.40969
-0.19558
-0.41678
-0.78684
-0.7186
-0.58627
-1.0424
-0.6507
-1.4379
-1.0546
-0.19317
-0.18812
-1.2545
-1.7193
-1.4462
-1.5146
-1.8402
-1.9675
-1.4807
-0.30843
0.99538
0.85606
-0.007468
-0.26461
-0.34289
-1.2827
-1.0225
0.16548
0.021752
-0.083089
-0.042732
-0.40433
-0.0042086
-0.64123
-0.52693
-0.76385
-0.78987
-0.60023
-1.4648
-0.73218
-1.0229
0.27333
0.0068315
-0.55477
-1.0906
-1.7442
-1.4131
-0.98551
-1.6357
-1.3511
0.48302
1.3042
0.73298
0.14724
0.20275
-0.54913
-1.5488
-1.2872
-0.7061
-0.38552
-0.39448
-0.032928
0.072068
-0.19719
-0.49831
-0.47438
-0.71317
-0.75017
-1.0311
-0.93617
-1.3437
-0.65932
2.9505
1.7451
0.143
-0.69839
-0.57068
-1.1822
-0.69077
-0.64776
1.0359
1.7965
1.8751
1.1089
0.46421
0.48048
-0.6308
-1.2741
-1.0796
0.26063
-0.12372
-0.34909
-1.3985
-0.25626
-0.94866
-0.93363
-0.44059
-0.49657
-0.72504
-0.22023
-0.7322
-0.88139
-0.42147
0.0024084
-0.75807
-1.3186
-1.6888
-1.0833
-1.0748
-1.9356
-1.826
-0.74108
0.24246
1.1866
0.42672
0.30224
0.56264
-0.33183
-0.93282
-1.2123
-0.2971
0.10659
-0.1014
-0.23947
-0.36908
-1.0612
-1.3218
-1.0536
-1.4135
-1.1964
-1.5718
-1.624
-1.7284
-1.8319
2.2282
1.6216
-0.37299
-1.1768
-0.87192
-1.248
-1.4241
-0.9058
-0.35013
1.1624
0.94411
0.94628
0.91905
-0.088394
-0.92008
-1.3959
-0.2871
0.16362
0.044114
-0.031909
0.23879
-0.18152
-0.8859
-0.28371
-0.49788
-0.23384
-0.94764
-0.99619
-0.32377
-0.64573
0.91628
1.7949
1.0436
-0.37507
-0.15312
-1.005
-0.78568
-0.70775
-0.75831
-0.79801
0.9127
0.88096
0.33658
-0.13604
-0.2723
-0.63763
-1.6341
-1.1296
-0.2217
-0.079295
0.35604
-0.24673
-0.4576
-0.57489
-0.36085
-0.85297
-1.467
-0.78685
-1.05
-0.67844
-0.53924
1.2217
3.1928
1.676
-0.080434
-0.42705
-1.035
-1.2337
-0.91868
-0.11606
1.2927
1.7563
0.89573
-0.13532
0.28419
-0.67583
-1.4617
-1.7618
-0.29187
-0.3544
-0.13179
-0.45782
-0.56454
-0.76266
-0.69961
-1.4687
-1.2527
-1.3576
-0.25273
-0.67954
-0.92435
-0.2974
0.92842
2.4146
1.1463
-0.17231
-0.76047
-0.65127
-1.1982
-1.0842
-0.70272
-0.40405
1.0701
1.3016
0.68405
0.18817
-0.11381
-0.70075
-1.3968
-0.56819
1.8343
0.15958
-0.0097349
0.73745
0.67123
0.9328
0.84662
0.89934
0.97366
1.0078
0.8854
0.88787
0.79814
0.47272
-0.032556
-0.68659
-1.4845
-2.4362
-3.4446
-4.5566
-6.153
-8.3329
-10.611
-12.017
-11.625
-11.056
-9.8383
-8.5579
-6.9659
-5.6799
-5.115
-4.735
-4.5315
-4.4445
-4.5021
-4.5787
-4.6108
-4.4679
-3.7428
-3.0238
-2.3208
-2.5573
-3.5806
-2.994
-2.4673
-0.5644
1.5101
3.205
4.3588
4.9865
5.3847
5.3921
4.957
4.1746
3.2436
2.198
0.99773
-0.045978
-0.83402
-1.6011
-2.2485
-2.9952
-4.0696
-4.9791
-5.3401
-4.1604
-2.4273
-1.3533
-1.1484
-0.654
-0.15118
0.56254
1.1974
1.5592
1.5839
1.2243
0.90601
0.70681
0.68975
0.50034
0.17892
-0.075598
-0.19839
-0.010104
0.13988
0.67577
1.1038
1.5119
2.6024
3.9874
5.1626
6.0119
6.3621
6.2695
6.0699
5.6029
4.8813
3.88
2.6814
1.4689
0.33277
-1.018
-2.176
-3.2261
-4.5108
-6.4244
-8.6744
-10.226
-9.4488
-7.7286
-5.3436
-3.4627
-1.9519
-0.65911
0.11669
0.70122
0.89808
0.68101
0.32332
0.0043835
-0.25196
-0.52518
-0.39909
-0.15419
0.22198
0.55587
0.78403
0.82311
1.3699
1.6823
2.4697
3.0922
3.7067
4.1418
4.3935
4.4839
4.307
4.0609
3.4376
2.5357
1.3205
0.19533
-0.93094
-2.3475
-3.8805
-5.7262
-7.3962
-8.3454
-8.3294
-6.6253
-4.4047
-2.8628
-1.8501
-1.3259
-0.90588
-0.64525
-0.35176
-0.11193
0.20758
0.5699
0.62266
-0.21368
-1.1693
-1.1532
-0.90956
-1.0541
-1.0923
-0.09476
1.3255
2.3236
5.0709
7.4343
8.6657
9.1315
8.7553
7.9013
6.9326
5.8695
4.9956
3.9
2.5664
1.0191
-0.46103
-2.243
-4.0489
-6.0928
-8.7705
-11.269
-12.413
-11.535
-8.6359
-5.7158
-4.093
-3.5831
-3.5511
-3.5356
-3.9443
-4.2087
-4.8393
-5.5825
-6.5746
-7.0308
-6.7339
-5.283
-0.86307
4.2782
8.2896
10.278
11.94
13.254
13.918
13.338
11.666
9.3228
6.8863
4.7588
3.0456
1.3362
-0.4297
-2.5728
-4.3857
-5.4172
-6.0348
-6.4054
-6.7776
-7.5355
-9.4808
-10.808
-9.8401
-7.8606
-5.7041
-4.0818
-4.036
-4.6692
-4.7662
-5.1332
-5.3107
-5.7721
-5.9392
-5.4799
-4.7285
-3.9059
-2.8396
-1.1129
0.22375
-0.24854
0.49895
3.2156
6.682
10.785
13.605
14.634
14.259
13.071
11.415
9.4739
6.8625
3.7359
1.0809
-0.91683
-2.0192
-2.5803
-2.3112
-2.0579
-1.6106
2.2259
5.5708
7.2979
8.1281
6.8304
3.6677
-1.0958
-6.2266
-10.811
-14.34
-16.325
-15.846
-14.876
-12.588
-10.01
-4.8471
1.6574
7.0308
10.166
11.043
9.1419
5.8132
2.8041
1.125
0.20857
0.27191
1.4696
3.5298
5.7669
7.7256
8.7973
9.1843
8.9579
8.4969
7.5728
6.5573
6.4469
6.8019
5.4894
2.8218
-1.095
-6.7521
-11.482
-12.594
-11.576
-10.689
-10.763
-11.426
-11.759
-11.955
-11.767
-11.193
-10.579
-9.7916
-8.8099
-7.6433
-6.3651
-4.8912
-3.2696
-1.8573
-0.53418
0.43032
0.53864
1.6511
2.7721
3.5113
4.451
5.4695
6.3565
6.8374
6.7257
6.1379
5.4189
4.8506
4.5926
4.3214
3.8478
3.1526
2.6843
2.2763
0.43161
-3.377
-5.9452
-5.9911
-5.4851
-5.7743
-5.8028
-4.4471
-2.5511
-1.2586
-0.13591
1.2616
3.325
5.0073
6.1703
6.9577
7.8022
9.3674
11.261
11.898
10.749
9.5258
9.0657
8.4991
8.077
7.813
6.8581
5.6037
4.5722
2.7278
1.2556
0.50163
0.21131
0.59647
2.5553
4.538
4.225
1.6943
-0.585
-2.9811
-6.8097
-9.302
-8.4593
-6.5755
-6.4971
-6.4188
-6.1816
-5.093
-3.4152
-2.421
-2.0857
-2.3118
-3.0498
-3.7629
-4.0885
-4.112
-3.4663
-2.4064
-1.4189
-1.3253
-1.2725
0.3711
2.6121
4.2242
5.1003
6.4261
7.6611
8.1861
7.9857
6.8408
5.4405
4.025
2.9625
1.5518
-0.28496
-2.4979
-4.864
-6.9828
-8.5376
-10.802
-13.873
-14.555
-12.028
-9.0921
-5.7448
-4.477
-4.5268
-3.179
-2.2603
-1.6138
-1.1315
-0.63629
-0.41169
0.19835
0.59232
0.70724
1.012
1.0519
0.94674
0.81727
0.5318
1.3828
4.2739
6.2456
8.9228
11.068
11.763
11.75
11.078
10.219
9.1064
7.7204
5.9898
4.1277
2.1856
0.17786
-1.7376
-3.4959
-5.2176
-6.9724
-8.9051
-10.491
-10.872
-9.5349
-6.3971
-3.0825
-1.9194
-1.731
-1.7576
-2.1806
-2.3313
-2.2421
-2.0794
-1.9774
-1.4042
-0.59561
0.29915
1.166
1.9114
2.2895
2.3744
2.3272
2.3951
2.6744
3.6183
6.4573
8.5675
10.01
10.673
10.567
9.8842
8.7921
7.2044
5.2289
3.146
1.151
-0.87891
-2.9518
-4.9237
-7.104
-9.8409
-12.016
-12.87
-12.932
-10.914
-8.1125
-5.5414
-4.3037
-3.8152
-3.4018
-3.6168
-3.6659
-3.5465
-3.346
-2.8408
-2.9202
-2.0497
-1.4869
-0.8651
-0.33457
0.058959
0.0066993
1.13
4.0954
5.1033
6.7162
9.015
10.205
9.8279
9.8517
10.092
9.6098
8.0493
6.4023
4.6315
2.3621
1.0617
-0.82307
-2.7537
-5.3297
-8.6791
-11.499
-13.015
-12.832
-9.4964
-6.0426
-2.6678
-0.89454
0.15726
0.44251
0.55007
0.32272
0.26781
0.17506
0.24156
-0.092618
-0.16804
0.0376
0.29659
0.56046
0.55336
0.78563
2.7004
3.7343
6.06
9.4496
11.285
11.76
11.591
11.051
9.8119
8.2554
6.5162
4.5207
2.4393
0.71988
-0.96574
-2.725
-4.8185
-7.2377
-9.7942
-11.161
-12.462
-14.199
-9.4314
-5.2198
-4.9761
-4.9051
-4.9891
-4.4303
-3.445
-2.6568
-1.8526
-1.1591
-0.45627
0.032379
0.028076
-0.1023
-0.068495
0.092384
0.83298
1.522
1.8423
3.0582
4.2747
6.1409
8.0056
9.3341
9.5124
9.4401
9.2007
8.4359
7.6013
6.1019
4.2399
2.1975
0.31899
-1.3566
-2.8706
-4.474
-5.8422
-6.9179
-8.3584
-9.8474
-10.21
-8.8354
-6.1249
-3.2871
-1.871
-1.6516
-1.8367
-2.1253
-1.9987
-1.5786
-1.1341
-0.80732
-0.62517
-0.66638
-0.76342
-0.83164
-0.6098
-0.35239
-0.017711
0.055721
0.19386
1.2124
2.1257
3.1613
5.1878
6.8183
7.7312
8.0757
8.2467
7.8801
7.0802
5.9115
4.2159
2.5421
0.87107
-0.40832
-1.9639
-3.9631
-7.0079
-9.6994
-10.91
-11.249
-7.1217
-3.0954
-2.2266
-2.5437
-3.2075
-3.5124
-3.7882
-3.562
-3.26
-3.2363
-3.1587
-3.1066
-2.8814
-2.291
-1.8132
-1.6548
-1.8679
-1.7671
-0.47129
1.2352
2.7276
6.3305
9.4579
11.119
11.891
11.825
11.279
10.406
9.183
7.4265
5.2709
2.8477
0.77528
-1.0765
-3.2447
-5.8877
-8.4515
-9.8318
-10.402
-8.6134
-5.3367
-2.2875
-1.241
-1.9395
-2.1237
-2.4319
-2.4355
-2.08
-1.5585
-1.27
-1.1549
-1.0216
-0.76416
-0.38916
0.053657
0.61106
1.0678
0.90168
1.493
3.3792
3.9292
5.6158
9.0311
10.459
11.322
11.221
11.191
11.201
10.243
9.4276
8.0654
6.385
4.7268
2.9697
0.92605
-0.72854
-2.7045
-5.0648
-7.0975
-8.3298
-7.9758
-6.2231
-4.7848
-3.9951
-4.6263
-4.9735
-5.0778
-5.1852
-4.9272
-4.4874
-3.5714
-2.1896
-0.64166
0.85142
2.1989
3.6012
4.706
4.9709
4.9311
5.2302
5.1198
5.931
8.2156
8.9202
9.3665
9.0951
8.6116
7.8398
6.7698
5.2869
3.4801
1.6438
-0.11608
-1.6769
-3.2846
-4.7324
-6.1028
-7.3481
-8.2692
-9.3951
-9.6457
-9.2276
-7.7373
-6.5153
-6.082
-5.4301
-4.5138
-4.1089
-3.1388
-2.2387
-2.0093
-1.3957
-1.0166
-0.36942
0.3376
0.87216
1.0483
0.95652
0.73217
0.86748
1.563
2.1162
4.0938
6.8945
8.1848
9.1968
9.6284
9.3297
8.9267
7.9874
6.9105
5.4288
3.938
2.2711
0.83173
-0.59699
-2.3404
-3.9597
-5.7574
-8.0264
-10.311
-11.726
-11.97
-10.133
-5.5033
-4.58
-4.5251
-3.9128
-3.8067
-3.6225
-3.4172
-2.8498
-2.4959
-2.0933
-1.7824
-1.4103
-1.0852
-0.6859
-0.33486
0.15112
1.3779
3.249
4.6181
5.7911
7.8481
9.5596
10.273
10.03
9.2142
8.0048
6.5772
5.0025
3.0588
1.4359
-0.048986
-1.2882
-2.5363
-3.9875
-5.8124
-7.7078
-9.5565
-10.763
-10.863
-7.9948
-3.9947
-3.8855
-4.3041
-4.192
-3.9422
-4.0245
-4.0437
-3.7455
-3.4209
-2.9025
-2.1295
-1.2369
-0.12809
0.80909
1.4622
1.8285
2.2358
2.291
2.1193
3.4855
5.5466
6.9365
7.9844
8.6441
8.7934
8.5999
7.8875
6.3435
4.645
2.9395
1.342
-0.32445
-2.04
-3.804
-5.7894
-7.8585
-9.4678
-11.258
-9.5674
-8.8185
-5.1808
-2.4767
-2.912
-2.494
-1.6003
-1.4799
-1.1971
-0.90341
-0.58963
-0.50315
0.41411
1.4618
2.3314
3.1845
3.3277
2.9793
2.7004
3.1761
3.6097
4.5605
7.3914
9.3384
9.5739
9.6388
8.9618
8.0619
6.9049
5.4933
3.5952
1.9142
0.42802
-1.3068
-3.2013
-5.1852
-9.2159
-13.797
-16.593
-16.544
-13.924
-7.9143
-5.9582
-6.1348
-5.6401
-5.3293
-4.8925
-4.0265
-3.2064
-2.3762
-1.4901
-0.57448
0.45532
1.3243
1.598
2.077
3.0183
3.3678
3.6716
4.7519
6.914
9.1878
10.179
10.083
9.7981
9.3895
8.7012
6.7114
5.7634
4.0603
2.5657
1.899
2.0059
2.736
3.3113
4.0996
2.2954
-0.75438
-0.77078
-0.25973
-0.41189
-0.27208
0.0062608
0.18598
-0.1678
-0.54795
-0.73347
-0.64681
-0.32666
-0.033259
0.1019
0.30488
1.3114
2.4053
3.9593
3.4056
1.4089
-1.1035
-1.4472
-0.7955
0.33871
1.0333
1.5237
2.1244
3.2251
3.2794
3.0547
1.6968
1.2482
1.125
0.74122
0.33803
-0.097461
-0.57141
-1.0017
-2.0649
-4.6835
-6.888
-7.1174
-5.7777
-5.1107
-4.6237
-5.1575
-5.5968
-5.4864
-5.3947
-5.27
-5.4466
-5.1665
-5.1133
-4.1187
-3.1691
-2.1958
-1.0988
-0.41543
0.76606
1.7547
1.8528
0.30291
-2.252
-2.2449
0.29117
3.5682
6.1145
8.2156
9.3219
9.2514
8.632
7.8978
6.8906
6.8369
6.9425
7.1637
5.6955
3.0275
2.2801
1.6446
0.33038
-1.9783
-5.3012
-8.445
-9.3973
-8.9661
-8.7735
-8.9492
-9.215
-9.7067
-10.328
-10.407
-10.498
-10.308
-9.7215
-8.8151
-7.5468
-6.1954
-5.0159
-3.8445
-2.6835
-1.7114
-0.56903
0.037883
0.48203
2.8625
4.9518
7.0737
9.1393
10.75
11.862
11.51
10.74
9.5297
8.1316
6.4668
4.5463
2.663
0.97344
-0.73875
-2.5106
-4.4787
-6.7348
-9.9266
-12.198
-13.317
-13.099
-11.444
-7.491
-4.8246
-2.2863
-0.49735
0.46233
0.84757
1.0816
1.3265
1.6583
1.9319
1.9209
1.3569
1.1256
0.99946
0.72858
0.23582
0.049211
1.1897
1.6578
4.0613
6.9936
9.3263
10.782
10.94
10.032
8.8099
7.6446
6.0963
4.0584
1.9379
0.10019
-1.1327
-2.4874
-3.6828
-5.6037
-8.332
-9.65
-9.94
-8.9081
-6.2383
-2.9551
-2.2498
-3.2744
-4.0611
-4.9332
-5.4336
-5.3825
-5.0393
-4.6921
-4.1366
-3.4041
-2.3639
-0.89938
0.90358
2.7038
4.0943
5.0544
5.6055
6.3746
6.5915
6.3158
6.7512
6.6205
6.3184
6.0245
5.7976
5.3522
4.8125
3.8968
2.715
1.336
-0.0098985
-1.2969
-2.7842
-4.854
-7.7026
-10.156
-11.362
-10.49
-8.4194
-4.7237
-2.6894
-1.7095
-0.90047
-0.97795
-1.2264
-1.3877
-1.3634
-1.1585
-0.60509
0.23958
0.78139
0.64729
0.15519
-0.10857
-0.036894
0.17891
0.26362
1.106
2.0507
3.3898
6.0284
8.219
9.6972
10.552
10.595
10.189
9.5068
8.3056
6.624
4.7852
2.8586
1.0603
-0.98331
-3.0209
-5.2626
-7.7541
-10.596
-13.795
-15.353
-14.644
-10.45
-5.6267
-2.6527
-1.7262
-1.7612
-1.8427
-1.8637
-1.7623
-1.6609
-1.6277
-1.8496
-1.9296
-1.8982
-1.6973
-1.4417
-1.4045
-1.1967
-0.31723
1.1674
3.2741
5.9089
8.6796
10.703
11.67
11.766
11.301
10.285
9.0133
7.3992
5.6392
3.6672
1.8137
0.18862
-1.6453
-3.4877
-5.6496
-8.3913
-10.373
-10.402
-9.2133
-6.5915
-4.5229
-4.303
-4.6194
-4.9064
-5.1916
-5.1025
-4.3995
-3.3573
-2.1337
-0.54094
1.016
2.3742
3.3368
3.9762
4.2128
4.0579
3.1077
1.7482
1.3785
1.56
2.9887
5.7911
7.7429
9.3847
10.311
10.772
10.665
10.012
8.783
7.1473
4.8904
2.6007
0.39015
-1.8118
-3.9489
-6.2114
-8.419
-9.6782
-9.7851
-9.141
-7.8684
-6.1625
-5.2336
-4.825
-4.6527
-4.4662
-4.107
-3.7934
-3.3169
-2.7283
-2.0317
-1.3746
-0.71217
-0.050241
0.55981
1.1277
1.6702
2.3682
4.0094
4.8302
5.7877
7.4788
8.3333
8.912
9.0726
8.8549
8.2935
7.4356
6.3686
5.0596
3.4865
1.9209
0.22404
-1.473
-3.2287
-5.1116
-6.7157
-8.3614
-9.7959
-10.159
-8.5735
-8.0433
-4.1257
-1.0642
-2.2675
-2.6153
-2.5343
-3.0293
-2.7725
-2.6737
-2.7283
-2.4041
-1.9465
-1.3724
-0.53873
0.71404
2.526
4.4251
5.5475
5.6029
6.7902
7.8485
8.8406
9.0847
9.0077
8.848
8.5112
7.9134
6.8828
5.6176
4.2363
2.7504
1.1784
-0.30569
-1.8978
-3.2376
-4.7804
-6.4642
-8.548
-10.375
-11.05
-10.549
-7.5299
-4.3541
-3.4864
-3.4522
-3.936
-4.3965
-4.6943
-4.8822
-4.8588
-4.6056
-3.901
-2.7338
-1.3537
-0.056215
1.1891
2.2858
2.9093
3.0818
4.068
5.1726
6.7244
8.6579
9.3981
9.6717
9.6764
9.5981
9.0648
8.1329
6.7633
4.8731
2.8191
0.87237
-0.81156
-2.5632
-4.3718
-6.3842
-8.7778
-10.937
-12.203
-11.54
-9.1523
-5.7405
-4.4909
-4.4047
-4.503
-4.6411
-4.4168
-4.137
-3.8534
-3.4643
-2.9341
-2.2515
-1.4442
-0.82489
0.043575
1.4644
2.5225
3.8585
6.0214
7.9597
9.3981
10.933
11.802
12.125
12.126
11.594
10.245
8.3181
6.1028
3.8882
1.7331
-0.34522
-2.1751
-4.0996
-6.0413
-8.0818
-10.098
-11.53
-11.484
-10.355
-7.7455
-5.0618
-4.0008
-3.4227
-3.1263
-2.5527
-2.3986
-1.9152
-1.234
-0.46121
0.2211
0.89328
1.3191
1.5235
1.3216
0.99353
0.32625
-0.39729
0.68283
1.7215
3.1219
5.6691
7.0386
7.8524
8.1779
8.0896
7.7922
7.0919
5.8158
4.3042
2.7641
1.3308
-0.23208
-1.7789
-3.3286
-4.877
-6.8677
-8.7484
-10.125
-10.526
-8.3368
-4.7636
-3.0585
-3.2542
-3.2738
-3.3331
-2.8608
-2.6207
-2.3556
-1.6065
-1.0411
-0.34502
0.34821
0.77221
0.81493
0.56518
0.010875
-0.62201
-1.0359
-0.030791
0.74356
2.437
6.0275
8.6921
10.147
10.946
10.927
10.537
9.5765
8.2281
6.272
4.0476
1.8396
-0.1607
-2.2134
-4.3614
-6.7114
-9.6721
-13.599
-17.432
-20.084
-17.511
-13.36
-9.0341
-5.1622
-4.7151
-3.7489
-3.2079
-2.7052
-1.8468
-0.95098
0.0010582
1.2081
2.488
3.4087
3.8358
4.0982
4.3368
4.3004
4.0373
3.5268
4.1102
4.4428
5.7834
7.694
9.1873
10.013
10.685
10.557
10.017
9.2535
8.0831
6.6027
4.5895
2.3615
0.23339
-1.7988
-3.7896
-5.7903
-8.2965
-10.756
-11.631
-10.553
-7.1512
-1.9522
0.2849
-0.055353
-0.4073
-0.99963
-1.8442
-1.952
-2.2363
-2.499
-2.7305
-2.8413
-2.8184
-2.7178
-2.1401
-1.3759
-0.22359
1.0646
2.0853
2.8958
4.1107
5.2938
6.9443
8.3463
8.7891
9.2146
9.2025
8.9661
8.3995
7.5455
6.2383
4.6804
3.1188
1.6574
0.29297
-1.0235
-2.4361
-3.9533
-5.4791
-7.4615
-9.2189
-9.5444
-8.1926
-4.8679
-3.7388
-4.461
-5.0388
-5.924
-5.8336
-5.6345
-5.2613
-4.5532
-3.6309
-2.577
-1.5081
-0.67504
-0.0025971
0.45878
0.8213
1.1278
1.5359
2.4496
4.0097
5.6964
7.9277
8.9826
9.5786
9.9388
9.9245
9.3644
8.4839
7.2901
5.8695
4.3463
2.7837
1.3698
-0.14669
-1.8248
-4.0355
-6.5898
-7.8987
-9.0817
-9.2306
-6.1638
-4.8973
-5.2224
-5.6232
-6.0656
-6.3456
-6.0457
-5.634
-4.9761
-4.0118
-2.8239
-1.633
-0.27469
0.75178
1.7433
2.7492
3.2707
3.0121
2.9845
2.6931
4.2313
5.879
6.5616
6.9521
7.2468
7.1771
7.0443
6.5456
5.6509
4.5095
3.5185
2.6586
1.8624
1.1723
0.3399
-0.74871
-2.3829
-4.6424
-7.2806
-8.8848
-8.3216
-5.2544
-2.9319
-3.5892
-4.1598
-4.4402
-4.4385
-4.3316
-4.2113
-3.9832
-3.6421
-3.0932
-2.123
-1.0788
0.053263
1.0922
2.1121
2.9918
3.4205
2.9089
2.0003
1.5885
1.8394
3.3319
4.3532
5.0588
5.4682
5.6648
5.6206
5.1319
4.1612
3.1142
2.1137
1.2193
0.063513
-1.2617
-2.5719
-4.0506
-6.2508
-8.4004
-9.8517
-10.574
-8.9618
-6.024
-4.0743
-3.4044
-2.6461
-2.1191
-1.9166
-1.638
-1.2227
-0.81013
-0.2224
0.50055
1.1218
1.8084
2.3739
2.8462
3.1818
3.3218
2.6648
2.3239
3.1977
3.3592
4.7393
6.4041
6.1145
6.1799
6.0011
5.4877
5.0376
4.3062
3.1937
1.8687
0.77593
-0.25542
-1.301
-2.6147
-4.0641
-5.6163
-7.4096
-9.6327
-11.015
-11.266
-8.1104
-4.5921
-3.3335
-3.5986
-3.6722
-3.7989
-3.4565
-2.9528
-2.3237
-1.684
-0.71603
0.29895
1.184
1.9625
2.6521
3.1662
3.5738
3.5587
3.3093
3.9341
4.5692
5.4388
7.3884
8.4129
8.9618
8.6757
8.0879
7.2408
6.3842
5.2847
3.855
2.331
0.60959
-1.2486
-3.1548
-5.3042
-7.997
-10.679
-11.92
-11.841
-9.4838
-5.9617
-3.6753
-3.6387
-3.7875
-3.833
-3.9613
-3.7139
-3.226
-2.7039
-2.0971
-1.3309
-0.52908
0.19158
0.90306
1.6783
2.1327
2.0504
2.4515
3.1968
2.6943
4.6514
7.0512
7.9368
8.5523
8.7423
8.6839
8.0835
7.0373
5.454
3.441
1.5884
-0.22295
-2.1035
-3.9473
-6.0444
-8.516
-10.602
-11.142
-10.108
-7.2862
-2.7346
-1.1349
-1.6929
-1.9268
-2.4027
-2.9282
-2.9835
-2.8364
-2.4728
-2.1634
-1.7456
-0.9041
0.11869
1.1789
2.466
3.6941
3.8796
3.3403
2.254
1.2331
2.6432
4.8185
6.1889
7.2836
7.8935
7.9533
7.5295
6.927
5.9517
4.4515
3.0792
1.6181
0.027862
-1.8373
-3.7101
-4.9869
-5.5596
-6.3474
-6.508
-5.6241
-2.0016
1.4165
0.55946
-0.83588
-2.0581
-2.9006
-3.2294
-3.6482
-3.7898
-3.7811
-3.4723
-2.8937
-2.1516
-1.3196
-0.50704
0.48142
1.5435
2.0362
1.5197
1.895
3.5954
5.9768
8.6783
9.0782
9.1453
9.0224
8.4973
7.7
6.9278
5.6886
3.8584
2.0316
0.19628
-1.5332
-3.1077
-4.4727
-5.463
-6.1868
-6.8915
-7.7173
-7.5633
-5.8946
-1.8521
-0.041394
-1.056
-2.0016
-2.8086
-3.3547
-3.588
-3.657
-3.6452
-3.4478
-2.8401
-2.1817
-1.3405
-0.59444
0.24476
0.88726
1.2589
1.5636
2.6363
4.1799
6.0954
8.0212
8.993
9.4639
9.5808
9.1475
8.3779
7.3434
6.1526
4.6216
2.9569
1.4612
-0.20757
-2.1741
-4.2172
-6.8205
-8.9341
-10.201
-9.7669
-7.5594
-4.9631
-3.6512
-3.5165
-3.0682
-2.9612
-2.862
-2.7823
-2.7866
-2.917
-2.808
-2.4487
-1.8208
-1.0729
-0.25255
0.42676
0.96626
1.5645
2.9192
5.1743
7.1088
9.1804
10.195
10.475
10.225
9.5951
8.6579
7.6213
6.2374
4.4567
2.5835
0.8516
-0.87835
-2.4522
-4.1824
-5.5249
-6.7659
-8.2874
-10.053
-9.9885
-7.6909
-4.3913
-1.8394
-2.0564
-2.4854
-2.9224
-3.1891
-3.3934
-3.4698
-3.4324
-3.0333
-2.4085
-1.5798
-0.68248
0.45393
1.7044
2.3133
3.0954
3.8829
4.4367
5.6635
6.5989
7.0213
7.5516
7.958
8.1857
8.3168
7.9801
7.2477
5.9418
4.4458
2.7839
0.82801
-1.5976
-4.1773
-6.8451
-9.7275
-12.331
-13.023
-11.126
-6.9027
-1.206
-1.407
-2.5626
-3.4708
-4.438
-4.7289
-4.6177
-4.5908
-4.1732
-3.4153
-2.68
-1.8782
-1.1286
-0.3503
0.67062
1.7487
2.4932
2.8954
4.0759
4.9579
6.8616
8.7601
9.18
9.9136
10.213
9.65
8.7939
7.6187
6.0019
4.1208
2.2133
0.28567
-1.5614
-3.5777
-5.7929
-8.1671
-10.671
-12.075
-12.353
-10.807
-6.4032
-2.2166
-2.1299
-2.5586
-2.6891
-2.9218
-2.7637
-2.3258
-1.7919
-1.2071
-0.59162
-0.041453
0.48774
0.89804
1.3883
1.8668
2.1125
2.2523
2.62
4.6432
5.9002
7.7715
9.2475
9.3964
9.4076
8.97
8.2645
7.5624
6.6642
5.4687
3.9705
2.5022
0.98699
-0.60232
-2.2631
-4.4796
-7.2888
-9.9942
-12.349
-13.155
-10.898
-6.6794
-4.48
-4.159
-4.4398
-5.115
-5.3237
-5.1172
-4.7138
-4.0631
-3.2759
-2.5533
-1.6875
-0.89687
-0.096838
0.7394
1.3789
1.7135
1.763
2.9077
4.4441
5.4951
7.249
8.4424
9.0116
9.3964
9.3315
9.2492
8.9787
8.2069
7.0841
5.4959
3.819
2.155
0.5035
-1.5214
-3.8466
-6.5201
-9.7669
-11.858
-11.371
-9.3146
-6.2872
-3.4562
-2.9411
-3.1796
-3.1843
-3.2938
-3.103
-3.0159
-2.8701
-2.9093
-2.9459
-2.5349
-2.1355
-1.2378
-0.23244
0.8819
1.7997
2.0495
1.9396
3.341
4.538
6.7525
9.0137
9.405
9.3981
8.8982
8.1338
7.3187
6.3058
5.0181
3.318
1.5703
-0.17353
-1.989
-4.0765
-6.5504
-9.0042
-10.82
-11.079
-10.002
-8.3255
-5.7466
-3.5658
-3.0965
-2.8174
-3.1735
-3.5755
-3.7054
-3.9882
-3.9513
-3.3226
-2.578
-1.7515
-0.69733
0.32832
1.1547
1.8155
2.3777
3.3744
4.8068
6.1898
7.3936
8.3878
9.3315
10.172
10.297
10.048
9.541
8.6021
7.1897
5.4037
3.4698
1.4921
-0.65257
-2.6711
-4.6389
-6.4062
-7.8641
-9.115
-9.9729
-10.036
-8.8895
-5.521
-1.1206
-0.71031
-1.2281
-1.9281
-2.627
-3.0678
-3.1174
-3.1229
-2.9946
-2.4678
-1.674
-0.80576
0.18036
1.2783
2.1877
2.2447
1.0391
-0.62452
-1.5919
-1.3935
1.2259
2.7899
1.8172
0.9112
0.13659
-0.4964
-0.98184
-1.5054
-2.0261
-2.2695
-2.2591
-2.2053
-2.276
-2.789
-3.524
-3.9362
-3.5451
-2.5312
-1.8418
-1.8427
-2.3113
-2.8266
-2.7377
-2.4557
-2.1968
-2.1124
-2.1331
-2.06
-2.1866
-2.5202
-2.335
-1.5819
-0.081472
1.7695
3.8928
6.2136
8.351
10.197
9.8946
8.3562
6.0885
3.7681
4.741
5.4115
5.1657
4.2856
3.4437
2.9387
2.3662
1.629
0.71854
-0.42184
-1.5439
-2.7788
-3.9309
-5.2851
-6.8157
-8.8601
-10.494
-11.211
-10.721
-8.6372
-5.0808
-2.8152
-2.8701
-2.546
-2.0121
-1.2861
-0.28803
0.91865
1.7866
2.5263
3.1626
3.8587
4.4675
4.8951
5.4037
6.2621
6.9832
6.8404
6.469
6.9992
7.2066
8.2411
9.1916
8.8631
8.8501
8.4138
7.8957
7.2364
6.3469
5.0211
3.2569
1.2491
-0.81909
-2.9634
-5.022
-6.6547
-7.8576
-9.4509
-11.089
-12.925
-13.271
-9.979
-4.5203
-3.0702
-3.8649
-3.9999
-4.4376
-4.2631
-3.9094
-3.7143
-2.9968
-2.0403
-1.1037
-0.022378
0.73356
1.1285
1.5016
2.0506
2.4121
2.5376
3.2877
5.3328
6.2127
9.9517
11.51
11.994
11.99
11.359
10.184
9.0566
7.6312
5.5786
3.1563
0.68789
-1.7904
-3.9702
-5.9755
-7.5866
-8.9692
-10.554
-12.006
-12.655
-11.848
-8.4705
-3.0636
-1.9724
-2.9896
-2.9748
-2.7971
-2.1931
-1.4298
-0.47207
0.042442
0.47458
0.86939
1.4525
1.6908
1.7963
2.3083
2.6701
3.1099
3.3566
4.7116
5.9898
7.8546
9.3704
10.111
10.193
10.011
9.4237
8.7484
7.8126
6.3859
4.7155
2.89
1.1466
-0.54769
-2.0925
-3.7447
-5.7898
-8.1654
-10.435
-11.994
-11.446
-8.6463
-4.9073
-3.5655
-4.4164
-6.0201
-6.9599
-7.3035
-6.9824
-6.1833
-5.0436
-3.5239
-1.6688
-0.17473
0.77139
1.1484
1.7228
2.3742
3.1178
3.9972
5.4414
6.8079
7.1096
8.5636
8.9432
8.6406
8.3
7.6663
7.0421
6.4759
5.5475
4.3783
2.8593
1.2465
-0.3405
-1.9439
-3.835
-6.1167
-8.3809
-10.439
-11.378
-11.518
-10.339
-8.0896
-4.7783
-3.1405
-2.2667
-1.6735
-1.5422
-1.3034
-0.90739
-0.56453
0.020514
0.38978
0.77373
0.87064
0.8261
0.75477
0.67677
0.47822
0.36445
1.3492
3.123
4.5121
7.7195
9.8327
11.118
12.241
12.283
11.635
10.614
8.9644
7.0793
4.8774
2.6187
0.65114
-1.2152
-3.0824
-5.0163
-7.1611
-9.1973
-10.216
-10.287
-9.0055
-6.0284
-3.5249
-3.6362
-4.5341
-5.1094
-5.1371
-4.8172
-4.1139
-3.382
-2.6093
-1.7513
-0.84857
0.13982
0.8532
1.2986
1.6116
1.7881
1.7981
2.0679
3.7466
5.4479
7.3823
9.3747
9.9141
10.283
10.271
9.9491
9.0397
7.8883
6.3582
4.4134
2.5918
0.7494
-0.97033
-2.9222
-5.3812
-8.1818
-11.578
-14.42
-14.797
-13.005
-10.063
-4.3185
0.069512
0.10627
-0.3101
-0.69451
-1.2207
-1.5321
-1.7085
-1.6729
-1.3361
-1.0514
-0.78117
-0.46302
0.018938
0.53947
0.92388
0.93557
1.677
3.1052
4.4476
7.1343
9.3514
10.358
10.912
10.775
10.03
8.8947
7.4611
5.6907
3.5445
1.2953
-0.92094
-3.015
-5.4102
-8.0156
-11.076
-13.891
-14.228
-13.758
-9.6704
-2.7422
-0.74412
-1.8002
-2.4197
-3.2948
-3.8807
-3.915
-3.8527
-3.2907
-2.335
-1.3729
-0.77745
-0.27205
0.36337
1.1661
2.1848
2.9506
4.2993
6.3452
8.0433
10.546
11.722
11.388
11.291
10.934
10.235
9.0337
7.6849
6.0881
4.39
2.5994
1.0024
-0.60725
-2.3722
-4.6216
-7.2014
-9.9729
-11.82
-11.645
-11.206
-8.0069
-4.0309
-3.5019
-4.2146
-4.0965
-4.2446
-4.1409
-3.7241
-2.9744
-2.0621
-1.1169
-0.50393
0.17562
0.77368
1.4166
2.5198
3.4201
4.4558
5.6288
5.9634
6.3413
7.1542
7.871
8.7791
9.3492
9.4747
8.8384
8.0792
7.0144
5.5375
3.6713
1.6171
-0.34121
-2.4039
-4.3883
-6.7594
-9.5219
-12.309
-13.505
-12.691
-11.64
-5.6596
-1.8485
-1.5678
-1.6603
-2.2509
-3.0684
-3.515
-3.6225
-3.2936
-2.1421
-1.013
-0.04207
0.79606
1.6979
2.8185
4.103
4.9648
5.3661
6.1266
6.4266
7.4901
8.6709
8.883
9.1025
9.2103
8.6112
7.9437
7.3139
6.3712
4.9999
3.3313
1.7076
-0.029941
-1.6287
-3.4249
-5.6725
-8.4779
-10.695
-11.574
-9.9916
-8.0346
-4.5657
-3.2117
-3.2522
-3.5845
-3.9292
-4.2627
-4.312
-4.1947
-4.1627
-3.9412
-3.3568
-2.5305
-1.5783
-0.94907
-0.59829
-0.8387
-1.4149
-0.40946
0.27571
1.7856
3.1869
3.8296
4.2597
4.5458
4.4458
4.132
3.8248
3.0531
1.811
0.82402
-0.067486
-0.28474
-0.3522
-0.67798
-0.76992
-1.0038
-1.6583
-1.7031
-1.3383
-0.22093
0.95319
2.1744
2.8516
2.7409
1.903
1.084
0.93431
1.2137
1.2906
1.3508
1.3304
1.1892
0.9905
0.76065
0.18425
-0.54907
-1.7696
-2.1015
-1.7307
-0.90834
0.068053
0.90817
0.37983
0.080476
1.5318
2.7783
3.6679
3.6768
2.423
0.63859
-0.18103
-0.28053
-0.33371
-0.73001
-1.6434
-2.5433
-3.1405
-2.8955
-2.6121
-2.3544
-2.3513
-2.5049
-2.9939
-3.1938
-2.6721
-1.6419
-0.68551
0.67404
1.7509
1.9731
1.7415
1.4722
0.89531
0.37496
-0.069373
-0.48021
-1.0494
-1.9778
-2.6173
-2.8734
-2.8066
-2.4799
-1.1942
0.067322
0.88016
1.4765
1.6076
1.7249
1.5671
1.2363
0.96613
0.62508
0.31434
-0.12223
-0.59435
-0.86679
-0.56899
-0.024043
0.4638
0.53531
0.1992
0.17531
0.21454
0.33337
0.49259
1.223
1.8994
2.2162
2.0587
1.5012
0.80121
-0.15818
-1.0017
-1.726
-2.1743
-2.8635
-3.6349
-3.9272
-3.4471
-2.9383
-2.3449
-0.99188
-0.048164
0.32941
0.72386
1.2779
1.3396
0.94626
0.98349
1.223
1.2068
1.0129
0.7894
0.54176
0.067746
-0.28375
-0.36129
-0.65486
-1.3088
-1.5945
-1.0209
-0.6372
0.080493
1.1611
2.351
2.53
1.7149
0.73927
0.46099
0.75239
0.87614
0.70482
0.054401
-0.565
-1.2748
-1.7967
-2.0553
-1.9788
-1.6123
-1.061
-0.025196
0.34431
-0.2414
-0.43822
-0.6008
-0.45216
-0.26504
-0.34881
-0.43484
-0.60154
-0.81437
-1.1484
-1.4242
-1.4182
-1.1107
-1.0767
-0.69902
-0.15491
0.45164
0.90947
1.2305
1.7714
2.6286
2.9287
2.8128
2.4918
2.1923
