-0.56819
-0.67496
1.2937
1.221
1.3589
0.56517
0.88532
0.95779
0.43546
-1.6759
-1.2241
-1.1638
-1.0835
-0.64689
-0.13465
-0.36606
0.96009
0.99513
0.92808
0.52722
0.45074
0.4283
-0.11337
1.0078
0.50719
0.20162
1.0624
0.51763
-0.90784
-0.76684
-1.2751
-1.9721
-2.0526
-0.55209
-0.16287
0.39379
0.14632
1.565
0.38216
0.70027
0.3766
0.26527
0.28717
0.81651
0.53273
0.50125
0.79456
0.052083
-1.1239
-1.3373
-0.80922
-1.3094
-0.93528
-1.3657
-0.29612
0.59497
1.6536
0.64225
0.96042
0.38549
0.41699
-0.34811
0.97358
0.83904
0.21503
0.36228
1.1097
-0.77875
-0.53878
-1.1556
-1.2728
-0.84683
-1.7549
-0.83258
-0.17065
0.46177
1.367
0.60368
0.80149
0.60083
1.5523
0.78979
0.56646
-0.35276
-0.11963
0.86806
-0.95167
-1.4348
-1.5902
-1.2797
-0.94054
-0.60355
-1.0257
-1.1355
0.44304
1.825
0.26674
0.26661
0.66606
0.54905
0.37984
0.96922
0.17045
0.51658
1.3252
1.0677
-0.82182
-1.6792
-1.2143
-1.2171
-0.8259
-1.6351
-0.46198
0.47153
0.17604
1.6063
1.2309
0.57015
0.15865
-0.45069
0.40614
0.080161
1.6514
0.75134
0.51304
-1.6903
-1.5801
-2.1087
-0.73066
-0.55353
-0.88114
-0.66655
0.57978
0.26567
1.6836
0.80573
0.31982
0.38175
0.47065
1.242
1.1516
0.97387
0.24112
0.20778
-0.13034
-1.2434
-1.0791
-1.4853
-2.2633
-0.65733
-0.77954
-0.48459
-0.10097
1.4719
1.294
0.67768
0.086471
0.17782
0.98016
0.81795
0.26687
0.55204
0.14343
0.040819
-1.7924
-1.0012
-1.2897
-1.1074
-1.067
-0.24051
-0.62589
0.27301
0.64095
0.88194
1.1066
0.59892
0.96933
-0.12852
1.0726
1.1082
0.85315
-0.091847
0.94863
-1.3116
-2.1236
-1.4673
-1.2669
-1.082
-0.11479
-0.18854
-0.10266
0.70481
1.7846
0.70473
0.97447
1.1132
0.69347
-0.057324
0.081932
-0.29557
0.35508
0.6642
-1.0503
-1.1478
-1.5921
-1.4662
-1.4138
-1.6949
-0.45434
0.1805
-0.20468
0.82457
1.3855
0.75465
0.41059
0.068966
0.75154
0.60248
0.48485
0.42513
0.86032
-0.13163
-1.5423
-1.3265
-1.0612
-0.97166
-1.1485
-0.45569
-0.048755
0.29998
1.9149
0.2158
0.35287
0.62103
0.22212
0.15035
0.8854
0.58604
0.88276
0.57722
0.1049
-1.7109
-1.2216
-0.75034
-1.0771
-1.1671
-0.86973
-0.27591
0.52059
1.2227
1.4353
0.28735
0.56232
0.26744
1.0811
1.0767
0.7057
0.92287
0.44452
0.25525
-1.6716
-2.057
-0.92434
-1.4897
-1.1065
-0.98543
-0.076034
-0.24793
0.35809
1.7557
1.5288
0.51358
0.13506
1.1227
0.85409
1.4362
0.66325
0.9053
-0.59307
-1.4767
-1.6618
-1.3085
-1.492
-1.0484
-1.1874
-0.38905
0.18302
0.96257
1.2923
-0.032747
0.4562
0.53719
-0.026754
1.0287
0.4898
1.0149
1.0341
1.5144
-1.2381
-0.93807
-1.1776
-0.60153
-1.3164
-1.674
-1.4573
0.045926
0.68273
1.0722
-0.25907
-0.04162
0.1478
0.20007
0.97845
0.45824
-0.085751
1.1071
1.1229
-1.513
-2.2688
-0.85279
-1.533
-1.4243
-0.75861
-0.12121
-0.25071
-0.28648
1.6232
0.9681
0.63047
1.3209
0.62046
0.34599
0.41296
1.3077
0.8103
1.0044
0.61446
-0.4874
-0.94727
-1.6305
-1.9192
-1.4037
-0.432
-0.86102
0.95276
0.54847
-0.32498
1.2715
0.7752
0.63334
0.31672
0.48429
1.4505
1.3713
0.73241
0.6506
-0.83714
-2.2706
-0.96197
-1.3805
-1.2374
-0.31078
-0.49548
-0.14858
0.50217
1.901
0.6621
0.44652
0.80131
0.3205
0.098586
0.97666
0.71721
0.21652
0.95017
0.019504
-1.9252
-1.2774
-0.79978
-0.63262
-1.0955
-1.2845
0.063075
0.55057
1.4025
0.1743
0.68368
1.1058
0.25966
0.39537
1.0291
0.11409
1.1274
-0.059444
-0.041742
-2.0052
-1.2711
-1.7986
-1.5377
-0.9947
-0.91557
-0.6979
-0.113
1.9394
1.0045
0.65315
1.4692
1.0788
0.57418
0.67931
0.45671
0.29237
1.3943
0.1752
-1.2244
-0.68866
-0.95081
-1.7847
-0.58422
-0.26351
-0.44022
0.29289
1.8482
1.615
0.34356
1.8209
0.87469
0.3103
0.59301
1.5828
1.1883
1.3654
0.94901
-0.71306
-1.5702
-1.3686
-1.2722
-0.71239
-1.2282
-0.8724
0.16093
0.1605
1.3468
1.4151
0.050668
0.12332
1.1559
0.69223
1.1195
0.40467
0.7262
0.62794
-0.090297
-1.4406
-1.522
-1.7884
-1.5307
-0.51557
0.12258
0.26281
1.2843
1.9377
0.62222
0.22872
0.55331
1.5192
0.59483
0.71312
0.55424
1.3764
0.56071
0.36631
-1.7152
-1.3288
-1.2142
-1.6546
-1.0424
-0.52897
-0.24403
-0.18931
0.49035
1.3307
0.55545
1.1451
0.721
0.18155
0.35574
0.78356
0.58108
0.42197
1.0602
-0.19524
-1.557
-1.0513
-0.95007
-0.45023
-0.84082
-0.27255
0.72051
0.96474
1.993
0.77862
0.94355
0.69216
-0.030198
0.45266
0.025822
0.3409
0.47244
1.2765
0.96609
0.17193
-1.0325
-1.6898
-1.1268
-0.8792
-0.7116
0.59421
0.83897
1.3492
0.27471
1.1602
1.2937
-0.080825
-0.005571
0.48741
0.023313
0.2752
0.99497
0.097056
-1.1017
-1.6773
-0.79074
-0.26083
-0.64235
-1.1087
0.24431
0.98511
1.6848
1.4377
0.70436
0.82246
0.030734
0.72991
0.74695
0.43482
1.1021
0.68401
0.24921
-0.93142
-1.2394
-1.5759
-1.3606
-1.3138
0.055936
0.13271
0.71039
1.3089
1.0886
0.92661
1.0219
0.59075
0.66169
0.40861
1.0308
0.36881
-0.66311
0.72487
-0.33987
-0.54024
-0.69217
-0.5331
-0.69593
-1.1678
-0.022709
0.50844
1.3239
0.78669
0.98832
0.30878
0.88708
0.24629
0.71874
0.29966
-0.22827
-0.20747
0.57816
-1.2856
-0.78986
-1.0716
-1.3206
-1.1274
-0.74698
-0.41219
0.88573
0.92907
2.2664
0.57494
-0.094779
0.70518
0.21792
0.087549
0.69584
0.75952
0.42687
0.93237
-0.43292
-1.6015
-1.7079
-1.5588
-1.5515
-0.74922
-0.67073
0.45644
0.31207
1.9929
0.77461
0.57156
0.85338
0.65185
0.98218
-0.1586
0.061702
1.1186
0.38696
0.097783
-1.581
-1.0726
-1.5055
-1.2872
-0.62289
-0.49621
-0.12406
0.1175
1.9046
2.2558
0.38376
0.78436
1.3396
1.1489
0.69238
1.4802
0.70882
0.51057
0.41215
-0.54994
-1.7572
-1.6345
-1.1155
-1.1905
-0.98144
-0.43139
1.0807
0.61688
1.7378
0.092029
0.61408
0.34752
1.1508
-0.079133
0.96759
0.90816
1.1336
1.7311
-0.042903
-0.68035
-1.6943
-1.7346
-1.4117
-1.5218
-1.0346
-0.38564
1.1037
1.2955
1.4065
0.0019179
0.68814
0.85131
1.2932
0.21108
0.96598
1.1798
0.12261
0.46089
-1.7867
-1.662
-1.7811
-1.1694
-1.1982
-1.2027
0.57261
0.35308
1.7948
1.0948
0.80671
0.31146
0.0087552
0.0056518
0.66151
0.59001
0.32011
0.27794
0.43881
-1.418
-1.4698
-2.015
-1.684
-0.59054
-0.56497
-0.40293
-0.14183
1.1631
1.5795
0.87788
0.75011
0.012263
0.79476
0.58378
0.8106
0.47869
0.31696
0.83972
-0.95119
-0.63946
-2.0397
-1.1707
-0.35933
-0.44823
-0.036051
0.38135
1.9913
1.5756
0.58499
1.1975
1.5225
0.87249
1.2589
0.88031
-0.42644
-0.13226
0.51383
-0.86325
-1.2493
-1.552
-1.2333
-0.89856
-0.76943
0.12637
0.7959
0.93677
2.0532
1.113
1.1659
0.82185
1.5463
0.36929
0.12329
0.50419
0.31168
0.47003
-1.0493
-1.5503
-1.2743
-1.1109
-1.7256
-1.7403
-0.53655
0.37043
0.26856
1.4163
0.88319
0.30604
1.1487
1.1541
0.96605
0.57239
1.2461
0.31026
0.83505
-0.055524
-1.0936
-1.6473
-1.8321
-1.0243
-0.56244
0.51583
-0.18878
0.10996
1.0461
1.8408
1.2685
0.84955
0.75868
0.50205
0.8653
1.0054
0.98042
0.16018
0.4015
-0.15025
-0.62075
-1.6912
-1.1335
-1.4652
-1.5953
-0.97062
-0.14193
0.57123
1.2055
0.64693
0.61748
0.024207
0.33332
0.35658
0.50581
0.82294
0.37998
-0.092435
-0.58079
-1.683
-1.6246
-1.0811
-0.44028
0.070676
-1.1082
-1.2383
-0.082852
-0.021162
0.48977
0.39851
0.90377
0.86573
0.4494
0.99541
0.46975
1.1743
0.21969
0.097354
-0.64042
-1.0923
-1.519
-1.986
-1.3917
-0.71611
-0.70978
0.095589
0.77584
0.77113
0.95346
0.62907
1.1198
0.73824
0.084937
0.44694
0.33533
0.80736
0.77891
-0.54467
-1.3048
-1.5096
-1.1393
-1.2375
-0.31127
-0.67836
0.74989
0.89652
1.8545
1.1813
1.0967
1.2316
0.5024
0.069804
0.13421
0.26581
1.1633
0.38046
-0.34237
-1.7038
-1.3106
-0.32957
-1.2332
-0.92489
-0.36303
-0.024493
1.0188
2.0881
1.0029
0.67514
0.68669
0.086822
0.67516
0.4503
0.55848
1.4567
0.34627
-0.5159
-1.2823
-0.96171
-1.5809
-1.568
-0.11932
-0.37336
-0.43436
-1.3902
-0.3315
0.6803
-0.27942
0.56485
0.24614
0.28537
0.67502
1.1636
0.57627
0.98422
0.12349
-0.87054
-1.4714
-1.2599
-0.46823
-1.6754
-1.1311
-0.76363
-0.63092
0.8992
1.1411
0.71934
-0.046964
0.80653
0.96515
0.49871
-0.23645
-0.17879
0.47671
0.91065
-0.74672
-1.5002
-0.98273
-1.3209
-1.9237
-1.3751
0.32613
0.14697
0.42842
1.0769
1.7918
0.16003
-0.91135
0.20167
0.65157
0.93693
1.3417
-0.20585
0.64111
-1.4065
-1.547
-1.837
-1.1853
-1.1829
-1.3619
-0.65584
-0.93908
-1.2958
-0.86619
1.275
1.0457
0.76911
0.6487
-1.0761
-1.6494
-1.1164
-0.43898
-0.11081
-0.2767
-1.0215
-1.8102
-2.7442
-3.0474
-1.7274
-1.7093
-1.3086
-0.41271
0.53425
-0.46426
-0.95341
-0.66017
-0.11102
-0.90689
0.7481
-0.42108
-1.6738
-2.2096
0.27862
0.0097226
-1.6294
-1.6541
-1.5467
-3.2878
-2.0722
-0.89155
-1.4617
-0.097934
1.5455
2.1923
1.8689
1.28
0.56782
0.048415
-0.39832
-1.0785
-1.4073
-0.75537
0.3658
1.2175
1.1985
0.6095
0.018138
-0.16155
-0.35518
-0.71676
-0.80511
-0.46172
-0.011935
0.12619
-0.11046
-0.59742
-1.1315
-1.0904
-0.52471
-0.29956
-0.3832
-0.21916
0.11571
0.43467
0.91358
0.96751
0.92735
1.0141
1.4625
1.5359
1.5107
1.0842
0.2965
-0.39581
-0.80619
-1.3617
-2.1528
-2.7213
-2.3749
-1.5847
-0.46393
0.25319
-0.0043316
-1.1879
-1.4593
-0.94535
-0.40451
0.16655
0.46458
0.53838
0.25928
-0.43688
-1.3693
-1.4819
-1.0363
-0.5054
-0.21446
0.32082
1.0198
1.2414
0.96392
1.2268
1.4206
0.90008
0.69473
0.73776
1.503
1.7191
1.4417
0.80056
0.15049
-0.27941
-0.90609
-1.5068
-2.0435
-1.6035
0.13967
1.2748
0.8432
-0.17044
-0.24416
-0.23094
-0.094072
-0.42131
-0.69897
-0.74788
-0.76312
-0.4181
-0.30767
-0.42427
-0.24384
0.32124
0.010946
-0.75078
-1.0908
-1.1147
-0.78766
0.48596
1.7085
3.5123
5.0622
6.4391
7.1352
6.5846
5.1795
3.3249
1.284
-0.72564
-3.4855
-5.989
-7.5096
-8.6185
-9.4566
-7.2693
-2.5373
1.647
6.1024
9.4146
11.529
12.009
11.59
11.073
10.298
8.9112
6.798
4.172
1.6024
-1.4039
-5.0713
-8.4709
-11.606
-15.001
-17.189
-15.765
-15.758
-11.057
-6.7361
-7.5875
-6.9867
-6.0578
-5.1964
-3.7678
-2.4814
-1.1037
0.31283
1.0859
0.6717
-0.63257
-0.96016
-0.95626
0.018775
2.2124
4.8943
9.6262
12.013
10.464
13.364
14.698
14.34
13.257
12.116
11.155
9.6751
7.3507
5.0341
2.6201
0.49423
-1.7443
-4.0903
-5.934
-7.6226
-9.318
-11.465
-12.569
-8.9272
-5.9842
-5.5578
-7.3512
-8.5017
-8.1342
-6.7832
-4.9151
-2.6358
-0.54068
0.91908
1.6991
2.0094
1.9575
1.8191
2.4219
3.4056
4.3368
6.482
8.2368
8.9869
10.098
11.196
11.6
11.718
11.004
9.992
8.7428
7.1447
5.0813
2.6441
-0.25376
-3.278
-6.5733
-9.283
-12.063
-14.24
-14.687
-14.965
-11.308
-5.0094
-4.8653
-5.7344
-6.2651
-6.6434
-5.4011
-3.5124
-1.8499
-0.31323
1.1028
2.2842
3.393
4.9454
6.978
9.1947
11.178
13.35
15.253
15.25
13.093
11.779
12.23
12.498
12.296
11.108
9.2527
7.4022
5.1635
3.0678
1.1025
-1.1187
-3.8036
-6.5127
-9.2085
-11.394
-13.245
-14.949
-13.573
-10.461
-7.4187
-3.7172
-3.3404
-3.9836
-5.1661
-5.9245
-5.5102
-4.8255
-3.7094
-2.1728
-0.80796
0.21641
0.84904
1.4577
2.4922
3.6238
4.9544
6.0444
8.3658
10.66
11.063
12.013
13.404
13.841
13.703
13.278
12.697
11.627
9.8379
7.194
4.2237
1.3386
-1.4985
-3.85
-6.5426
-9.3782
-12.305
-14.042
-14.344
-15.137
-11.645
-7.9515
-8.9125
-9.8496
-10.234
-10.519
-9.7574
-8.1658
-5.9881
-3.0547
-0.71988
0.086506
0.63881
2.2973
5.1436
7.7775
9.2471
10.295
11.699
11.303
9.9098
11.916
12.937
11.965
10.9
9.3449
7.4286
4.9925
2.376
-0.73529
-4.5809
-8.2571
-12.205
-16.094
-19.272
-20.607
-19.31
-14.582
-6.6322
-4.9103
-6.6499
-5.6738
-4.6839
-3.461
-1.6922
0.17846
1.5906
2.4292
2.111
1.5709
1.3953
1.5652
2.0604
3.338
4.574
5.3821
6.4638
5.5691
7.7684
10.932
12.506
13.175
13.438
12.994
12.366
11.3
8.9666
5.4916
1.2322
-3.0757
-7.6736
-11.605
-14.296
-17.199
-17.101
-15.629
-13.592
-7.4299
-4.1434
-3.8066
-4.1366
-3.2508
-1.7505
0.21991
1.7831
2.512
2.563
2.5581
2.4941
2.7245
3.6148
4.6164
6.079
9.3336
10.377
10.362
11.326
12.145
12.444
11.729
10.111
8.1039
6.1353
4.4194
2.5673
0.088908
-3.109
-6.8512
-10.927
-14.747
-17.443
-19.151
-17.334
-15.679
-13.923
-7.5641
-4.8428
-4.9908
-3.8001
-2.706
-1.2226
0.3327
2.0184
3.4698
4.0347
3.8237
3.4713
3.4169
4.1983
5.7106
6.6231
7.0585
8.8752
8.8268
6.8607
8.4948
8.9765
9.0436
9.0899
8.4917
7.3312
6.1457
4.809
3.0374
0.97985
-1.2249
-3.3963
-5.3332
-7.5364
-9.7202
-11.04
-11.407
-9.8535
-6.3785
-5.8699
-6.35
-6.3755
-5.8639
-4.5238
-3.21
-1.8707
-0.88298
-0.023688
0.73382
1.4771
2.2239
3.0135
4.0567
4.654
5.238
6.7317
7.1542
8.4367
10.557
11.669
11.859
11.356
10.011
8.322
6.3876
3.9453
1.1948
-1.7941
-5.3332
-8.5579
-11.274
-13.265
-16.031
-16.593
-14.892
-10.977
-5.4488
-3.8176
-4.5203
-4.5069
-3.9433
-2.5561
-0.93289
0.55635
1.6283
2.2211
2.2369
2.0896
1.9505
2.2772
2.7028
3.1394
3.3616
5.0592
6.2028
7.3715
9.5886
10.137
9.6405
8.767
7.3455
5.6756
3.8369
1.4023
-1.6553
-4.8354
-7.7355
-10.04
-12.132
-15.044
-17.162
-16.554
-12.878
-7.9909
-3.4217
-3.2101
-3.261
-3.6578
-3.0182
-2.1309
-0.62262
0.93687
2.1924
2.7768
2.6591
2.4582
2.5293
3.031
3.7018
4.725
6.9092
8.2982
9.4713
11.762
13.261
14.247
13.707
12.151
10.357
8.3359
6.3716
4.2913
1.8594
-1.1875
-4.5623
-8.0779
-11.791
-14.766
-14.553
-14.455
-10.258
-5.0895
-4.3731
-5.0687
-5.122
-5.3687
-4.6411
-3.2701
-1.7758
-0.39109
0.58929
1.0948
1.3426
1.806
2.7834
4.1679
5.1986
6.3361
7.6239
8.7488
9.8487
10.354
10.487
11.01
10.933
10.047
8.8609
7.1507
4.9627
2.5262
-0.20129
-3.6476
-6.9577
-10.048
-13.026
-14.107
-16.224
-16.281
-9.6535
-5.1756
-5.1661
-5.5189
-4.9215
-4.9129
-4.4398
-3.5508
-2.303
-1.0426
-0.43021
-0.54462
-0.047415
1.1481
3.1447
5.3098
6.5274
7.1317
9.37
10.009
10.342
13.344
14.731
14.611
12.986
10.734
7.9472
5.2756
2.3685
-0.88129
-4.1202
-7.4654
-10.678
-13.462
-16.155
-17.389
-17.218
-17.457
-11.574
-5.3501
-4.6636
-5.151
-4.4155
-3.6447
-2.5401
-1.0624
0.56366
1.7458
2.318
2.3442
2.4672
2.9089
3.3497
4.0952
4.3697
5.9708
9.0674
9.8578
13.499
15.158
15.665
14.976
13.529
12.171
10.789
9.144
6.9992
4.7185
1.7983
-1.5779
-5.0064
-8.819
-12.546
-15.394
-15.74
-16.5
-11.613
-6.6287
-5.8712
-5.7492
-4.429
-3.6118
-2.401
-0.97202
0.42785
1.3836
1.6631
1.8986
2.6424
3.7267
5.1531
5.4276
5.27
6.7746
5.9288
6.7664
9.3012
10.518
10.772
10.416
9.5639
8.538
7.6619
6.0786
3.8609
1.1757
-2.6054
-6.2595
-9.7669
-13.73
-16.024
-17.096
-15.945
-10.024
-5.4362
-4.1302
-4.6675
-4.3385
-4.3844
-3.7719
-2.3225
-1.1364
-0.29703
-0.2029
-0.15803
0.17745
0.82891
1.6524
2.7726
3.074
3.8154
4.9596
5.441
8.2402
10.057
10.405
9.3921
7.9615
6.5647
5.0934
3.3242
1.2814
-1.4213
-4.3978
-7.0304
-9.2644
-11.307
-13.641
-14.465
-13.339
-11.057
-7.4472
-5.0631
-4.6398
-4.3084
-3.902
-2.7003
-1.0886
0.61608
2.0075
2.7671
3.2525
3.7778
4.5238
5.4241
6.1591
6.5551
7.2581
8.0723
7.2204
8.2805
9.9461
11.149
10.827
9.3514
7.8563
6.5067
4.7878
2.9803
0.78234
-1.9583
-5.3695
-8.6939
-11.925
-14.789
-16.226
-15.197
-12.744
-6.4577
-3.966
-3.596
-3.5478
-2.7835
-1.9424
-0.90994
0.34081
1.2
1.8969
2.4378
2.6766
2.6721
3.0062
3.7556
4.712
5.8245
8.9947
11.051
12.996
15.035
15.443
14.287
12.243
9.7669
7.4061
5.454
3.7087
1.6865
-0.71832
-3.2536
-5.9517
-8.8752
-12.18
-14.801
-14.681
-13.326
-7.7702
-4.448
-3.738
-3.4505
-2.849
-1.967
-1.122
-0.34403
0.33075
0.63491
0.57851
0.56661
0.95691
1.7982
3.1342
4.1826
5.3583
7.3118
8.4623
10.666
12.343
12.874
12.551
11.798
10.54
8.835
6.9927
4.7874
2.3813
-0.5686
-3.9918
-7.3148
-10.787
-13.861
-14.468
-14.798
-12.135
-8.4458
-6.4954
-5.6145
-5.9037
-4.986
-4.5328
-3.4522
-2.5235
-1.7614
-1.3421
-1.1625
-1.0269
-0.75853
0.11607
1.7055
3.1779
5.1752
8.1887
10.1
12.267
13.824
13.753
13.136
11.965
10.407
8.271
6.4106
4.4298
2.6778
0.93522
-1.189
-3.5351
-6.0972
-8.9527
-10.349
-11.134
-12.334
-9.2947
-6.1327
-6.5984
-7.1715
-7.1031
-6.7032
-5.7054
-4.3749
-2.8763
-1.3074
-0.098214
0.3581
0.10381
-0.13372
-0.15441
0.10014
0.85895
2.4708
4.812
6.7988
9.9755
12.292
13.761
13.874
13.156
12.102
10.918
9.3994
7.2347
4.8622
2.2697
-0.65534
-4.3234
-7.9836
-10.646
-12.706
-13.948
-12.036
-7.5195
-6.4733
-6.4841
-6.1327
-6.2539
-5.7089
-4.8921
-4.4658
-3.6805
-3.2194
-2.8008
-2.7791
-2.2357
-0.85445
1.4221
2.7915
3.6234
6.0452
7.9074
9.4652
11.059
12.466
13.545
13.844
12.918
11.546
9.5475
7.1633
4.3194
1.2295
-2.1922
-6.2959
-10.602
-14.485
-17.97
-18.916
-18.292
-15.092
-7.5247
-2.3996
-1.5188
-1.7902
-2.5934
-2.5725
-2.0295
-1.1688
-0.41508
0.16051
0.22104
0.45004
0.96561
1.89
3.0799
3.8083
4.6298
6.2283
7.4784
8.5017
10.692
11.624
11.941
11.542
10.69
9.3055
7.5684
5.3488
2.863
0.13475
-2.7974
-6.2379
-9.7518
-13.143
-14.796
-14.643
-12.862
-8.7099
-7.1235
-6.4041
-6.801
-6.04
-4.9125
-3.4331
-1.5207
0.073581
1.5615
2.6167
3.1424
3.4044
3.794
4.0011
4.0395
4.409
5.9725
6.0357
6.8945
9.3596
11
12.059
11.997
11.035
9.7206
8.548
7.239
5.7293
3.8161
1.162
-1.4455
-4.7549
-8.7618
-11.522
-12.714
-10.943
-7.2066
-3.4866
-2.9768
-3.5219
-3.7766
-4.209
-3.2755
-2.6495
-1.6815
-1.2495
-1.0486
-1.3443
-1.5836
-1.0759
0.37208
1.4192
3.9815
7.1118
9.218
11.53
12.736
12.786
12.561
11.8
10.298
8.2865
5.9626
3.3688
0.29837
-3.1562
-6.8265
-10.468
-13.654
-16.471
-16.826
-16.712
-14.476
-9.9123
-6.2833
-5.1817
-4.3476
-3.646
-2.9505
-1.8758
-0.83891
0.1339
0.99764
1.56
1.6884
1.6624
1.7443
2.2099
2.7437
3.3785
6.0833
8.4428
10.677
13.315
14.757
15.197
14.314
12.674
10.098
7.1235
3.9373
1.1592
-1.3836
-4.2011
-7.3983
-10.495
-13.483
-15.152
-15.358
-13.566
-9.4007
-6.5807
-5.7942
-5.9054
-5.7314
-5.0735
-4.0187
-2.6645
-1.562
-0.65824
-0.14827
0.049817
0.15227
0.29725
0.64517
1.4395
1.8868
2.7654
5.3942
6.5608
7.8762
9.9206
11.162
11.698
11.525
10.601
9.0142
7.4304
5.5708
3.3826
0.75451
-2.4172
-6.1019
-9.6912
-13.115
-15.666
-15.928
-15.276
-11.48
-6.1478
-4.1593
-4.0125
-3.9206
-3.8321
-3.4041
-2.518
-1.4926
-0.1806
0.6788
0.96189
1.017
1.2775
2.0261
3.1068
4.2835
6.5421
9.125
10.405
12.902
14.698
14.75
13.647
11.609
8.9562
6.4764
3.9313
1.3106
-1.3892
-4.1583
-6.9707
-9.7249
-12.377
-15.103
-15.877
-14.718
-12.119
-7.813
-4.8133
-3.7505
-2.7899
-1.9396
-0.93297
0.34891
1.4221
2.0461
2.4108
2.4571
2.3523
2.4054
2.7538
3.3063
4.2042
6.3054
7.9061
7.9312
8.9406
10.092
10.724
10.501
9.7267
8.6458
7.4992
6.4015
5.1964
3.6274
1.7759
-0.68473
-3.4252
-6.2006
-9.1947
-12.172
-12.993
-12.772
-10.737
-6.243
-4.1905
-4.3909
-4.5532
-4.8493
-4.7584
-3.959
-3.1217
-2.0925
-1.4149
-1.2801
-1.3371
-1.3506
-1.0829
-0.64227
0.15079
1.7476
4.2659
7.0819
9.4319
12.327
13.668
13.615
12.748
11.283
9.5713
7.3412
4.8315
2.2923
-0.11956
-2.7454
-5.6574
-9.0756
-12.353
-13.933
-14.446
-13.145
-9.1423
-7.0698
-6.1253
-5.9569
-5.5652
-4.7397
-3.4689
-1.8393
-0.5302
0.68568
1.7048
2.363
2.8626
3.1563
3.5169
4.223
5.4271
7.4576
10.653
10.614
9.4843
9.0904
8.7822
8.5852
7.9255
7.1468
6.9451
6.8646
6.6421
5.8639
4.5515
2.4294
-0.35132
-3.2798
-6.1305
-8.9467
-11.722
-11.301
-7.5775
-8.7791
-6.1612
-4.9661
-4.3948
-4.983
-4.4155
-3.7365
-2.9688
-2.1502
-1.1691
-0.50895
-0.41215
-0.021204
0.53189
1.5664
3.3583
5.5362
8.0273
8.9666
9.5427
10.393
11.491
11.948
11.214
10.143
8.7778
7.0044
5.0081
2.887
0.20302
-3.0055
-6.9352
-10.935
-15
-18.256
-18.151
-17.386
-14.819
-6.3452
-3.6097
-4.2139
-4.5934
-4.5168
-4.2346
-3.5531
-2.566
-1.5146
-0.69296
0.033807
0.61591
1.5993
2.6734
4.115
5.5985
7.4325
10.215
8.741
8.1606
10.459
11.742
11.952
11.42
10.461
9.2198
7.4213
4.9713
1.8766
-1.3492
-5.2921
-9.6881
-13.708
-17.341
-18.787
-17.569
-17.08
-9.3951
-3.9549
-2.2451
-3.5824
-3.7953
-3.5484
-2.996
-2.0444
-0.83684
-0.10658
0.39907
0.73923
1.2596
2.1932
3.5009
5.0566
6.7915
8.754
8.8341
9.6834
11.16
11.979
11.915
10.698
9.0886
7.0971
4.8259
2.6309
0.33935
-2.1959
-5.3064
-8.7571
-11.849
-14.565
-15.816
-13.176
-12.811
-7.1442
-2.8516
-2.2936
-2.4351
-2.1692
-1.8572
-1.1556
0.042517
0.98297
1.4755
1.77
2.364
3.0956
4.0911
4.928
5.9097
7.1893
10.276
10.229
10.186
11.011
11.453
11.368
10.743
9.65
8.1307
6.5183
4.5523
2.3259
-0.1282
-3.3115
-6.8928
-10.211
-13.501
-14.268
-14.468
-13.041
-5.9851
-3.9646
-3.4057
-3.74
-3.2073
-2.7091
-1.8676
-0.97989
-0.21071
0.22581
0.44259
0.6079
0.95371
1.4912
2.4726
3.7544
5.6578
8.5934
8.8757
9.7673
11.305
12.122
12.006
10.901
9.5682
7.9853
6.4958
4.4402
1.7046
-1.6179
-5.6176
-9.7773
-13.792
-16.502
-15.958
-15.36
-9.1626
-5.3968
-4.0593
-3.4206
-3.6042
-3.1648
-2.6965
-1.8154
-1.1004
-0.84839
-0.68148
-0.468
0.034018
0.94319
2.2458
3.4056
5.5154
8.242
9.1007
11.494
13.325
13.845
13.489
12.187
10.253
8.1264
5.7782
2.984
-0.25577
-3.8044
-7.407
-10.506
-13.563
-14.357
-14.14
-13.182
-6.9529
-3.7887
-3.2147
-3.7289
-3.4883
-3.6419
-3.14
-2.6309
-2.245
-1.9212
-1.5346
-0.82848
0.19063
1.7017
3.7032
5.7617
8.7185
10.723
10.292
11.55
12.338
12.307
11.984
10.946
9.2297
7.7407
6.1487
4.1637
1.7108
-1.1888
-4.5939
-7.884
-11.27
-13.378
-14.633
-13.627
-9.9223
-5.2795
-3.7662
-4.016
-4.3484
-4.7848
-4.5263
-3.6861
-3.1181
-2.5512
-2.1199
-1.8653
-1.6358
-1.2346
-0.70927
-0.29586
0.57621
2.9383
5.4981
6.9521
9.7297
11.317
11.65
11.02
9.8647
8.1987
6.5798
4.4077
1.9476
-0.89531
-4.1844
-7.932
-11.392
-14.232
-15.161
-13.24
-12.614
-6.2084
-3.3663
-2.894
-2.9457
-2.6401
-2.4405
-1.7945
-0.84052
0.23712
0.96847
1.4311
1.5655
1.8341
2.1247
2.5276
3.5248
4.9107
6.7633
8.3233
7.5814
8.9064
10.604
11.659
11.83
11.408
10.485
9.3977
8.087
6.3123
3.8624
0.74719
-2.9841
-7.3321
-11.791
-15.355
-16.148
-15.542
-13.651
-7.1161
-4.9692
-3.7953
-4.1334
-4.2109
-3.9282
-3.1953
-2.2504
-1.4052
-0.69525
-0.28387
0.36832
1.06
1.9121
3.1207
4.8661
7.2975
8.0814
8.3134
10.05
11.395
11.581
11.062
10.332
9.0224
7.2732
5.1795
2.1607
-1.5829
-5.5752
-9.5314
-12.656
-14.502
-14.161
-13.508
-13.341
-7.4689
-5.1272
-4.5904
-5.4141
-5.6167
-5.4804
-4.3265
-2.6911
-1.51
-0.69105
-0.058024
0.97461
2.5222
3.8374
5.1505
6.4647
7.4156
8.4134
10.77
7.7286
8.461
12.418
13.503
12.817
11.866
11.032
9.9366
8.6809
6.8265
4.2488
1.4091
-1.9857
-5.6747
-8.9873
-11.861
-13.394
-12.769
-11.077
-7.5308
-4.7614
-5.4695
-5.6959
-4.6913
-4.6705
-3.7682
-2.0118
-0.83017
-0.43142
-0.53185
-1.4801
-2.0313
-1.9275
-1.1929
1.0197
4.0113
11.143
14.063
13.107
15.502
17.035
16.825
15.163
12.933
10.47
7.8654
4.5424
2.0005
-0.50981
-3.4411
-7.0533
-10.916
-14.346
-16.944
-19.324
-20.157
-18.45
-15.035
-8.8921
-4.3571
-5.4496
-5.5713
-5.5968
-4.5536
-2.6454
-1.0334
0.30004
1.0289
1.3131
1.5575
2.0034
3.0031
4.0607
5.2077
6.176
9.4488
11.548
12.385
15.665
16.854
16.274
14.465
12.411
9.9405
7.5304
4.6415
2.0405
-0.54384
-3.3618
-6.4495
-9.434
-12.422
-14.232
-14.082
-14.107
-9.779
-5.2202
-3.8318
-5.4609
-6.2076
-5.6037
-3.8853
-2.4779
-1.4757
-0.70395
-0.11716
0.5373
1.2238
1.9772
3.0702
4.1156
5.4548
7.671
9.4817
9.17
10.847
11.606
11.752
10.696
9.1367
7.5377
5.9634
4.4134
2.8256
1.1375
-1.2768
-4.2856
-7.3295
-10.492
-12.837
-13.36
-12.636
-9.2328
-4.1205
-3.4716
-4.8272
-5.2518
-5.0471
-4.2241
-3.2197
-2.2688
-1.5744
-1.557
-1.6331
-1.5006
-0.90536
-0.087285
1.2677
3.0956
5.4596
9.3973
9.7994
11.429
13.186
13.135
12.338
10.705
8.712
6.6348
4.3554
2.0491
-0.50029
-3.6567
-7.0802
-10.026
-12.457
-13.948
-14.941
-13.096
-11.2
-12.371
-8.4043
-5.6262
-6.6525
-6.624
-5.7063
-3.9973
-2.6402
-1.9768
-1.7656
-1.6035
-1.0185
0.13671
1.5527
3.3245
5.0808
7.007
9.7379
13.569
13.347
14.034
16.424
16.097
15.007
13.67
11.887
10.014
8.4484
6.6971
4.7285
3.1199
1.4863
-0.061491
-2.404
-5.4752
-9.5176
-12.857
-14.45
-13.035
-9.4804
-9.1319
-8.7904
-7.7299
-7.6451
-6.1565
-3.818
-0.60825
2.0594
3.7695
4.8878
5.5016
5.6808
5.7847
6.2253
8.0684
7.5823
10.062
12.893
14.19
13.762
12.67
10.585
8.1744
5.1354
1.4957
-2.5011
-6.4954
-10.694
-14.9
-18.121
-21.014
-23.416
-22.681
-18.183
-12.625
-5.766
-2.9176
-2.1933
-1.7721
-1.3331
-0.61024
0.4764
1.952
3.0504
3.5725
3.8671
4.732
5.3492
7.5438
6.2335
7.3715
8.6631
8.5887
9.1865
12.677
12.49
11.697
11.035
10.411
9.4202
7.8221
6.5413
4.1567
1.1798
-2.0765
-5.7357
-9.4579
-12.501
-15.216
-18.444
-18.34
-15.984
-14.074
-3.7799
-2.6209
-3.1217
-3.7164
-4.1821
-3.9179
-3.1855
-2.2241
-1.0325
-0.24935
0.47155
0.80879
1.4602
2.3654
4.8371
8.3623
11.35
15.371
17.789
18.538
19.261
18.814
16.905
15.159
12.074
8.8445
5.7643
2.9731
0.12454
-3.2104
-7.0572
-10.536
-13.599
-16.432
-16.323
-15.208
-10.991
-5.5639
-4.3848
-4.2387
-4.8973
-5.5942
-5.7756
-5.8803
-5.3994
-4.6614
-3.641
-2.8268
-2.2944
-2.0078
-0.89782
1.3866
3.9636
6.2837
9.7202
13.446
14.235
14.951
14.997
13.674
11.5
8.9505
6.6049
4.0568
1.4735
-0.90562
-3.2937
-5.9072
-8.3593
-10.039
-11.147
-13.073
-13.483
-7.2806
-4.3562
-2.1702
-1.0477
-1.6934
-2.4391
-2.1173
-1.4778
-1.1822
-0.6282
-0.11986
0.44064
0.62249
1.1474
1.8969
3.1826
5.5574
7.7619
8.19
8.9635
9.4414
11.073
11.877
12.457
12.068
11.113
9.534
7.4944
5.4336
3.1102
0.34021
-2.8816
-6.5396
-10.01
-13.161
-16.388
-18.832
-18.112
-18.749
-13.608
-7.7524
-6.9607
-6.0838
-4.371
-2.3232
-0.27581
1.2313
1.9636
1.8594
1.9481
2.7666
3.6828
4.6973
5.8331
7.02
8.7575
9.5942
6.4296
5.3817
7.9719
9.9067
10.592
10.569
9.673
8.2234
6.3067
3.7125
1.1039
-1.7686
-5.1484
-8.6683
-11.716
-13.85
-12.935
-10.788
-10.808
-6.8274
-5.0042
-4.1354
-3.7251
-3.2122
-2.6016
-1.6543
-0.57409
0.10793
0.36686
0.3639
0.54228
1.1236
2.1279
3.5375
5.2648
5.9773
7.7429
8.1705
5.615
6.5257
7.7667
8.7761
10.08
10.624
10.635
10.056
8.4069
5.6812
1.9951
-1.9191
-5.979
-9.3981
-12.45
-15.368
-15.733
-14.911
-10.727
-6.7521
-4.7259
-4.3285
-4.8462
-4.664
-4.3182
-3.4354
-2.3612
-1.4911
-0.93869
-0.69053
-0.19136
0.44411
1.5303
2.9589
5.5561
9.1328
8.258
7.8234
10.253
10.914
10.729
10.381
9.8435
9.3799
8.6285
7.0975
5.1981
2.7549
-0.30278
-4.0823
-8.1866
-12.34
-16.476
-17.083
-14.382
-11.958
-4.1964
-4.4056
-4.3506
-4.1473
-3.3856
-1.9478
0.20724
2.2052
3.1698
2.4788
1.8041
2.6274
4.9475
7.8372
10.656
12.366
12.82
12.961
10.374
11.387
11.296
10.558
9.1059
8.0649
7.0789
6.2417
5.3319
4.0125
2.194
-0.46419
-4.2672
-8.5255
-12.369
-15.544
-18.572
-17.74
-17.128
-12.484
-5.7305
-3.1391
-3.1294
-4.0023
-4.206
-3.7293
-2.601
-1.4869
-0.65447
0.066499
0.74217
1.6213
2.6463
3.7383
4.1937
3.9907
5.2622
8.1294
8.1948
9.9911
11.755
12.272
11.578
10.24
8.5285
6.3409
4.0859
1.0702
-2.4167
-6.1357
-10.33
-13.76
-16.303
-17.875
-16.31
-14.556
-9.3496
-3.5596
-1.3438
-1.3136
-2.5039
-2.6946
-1.6717
-0.30465
0.88622
1.2769
1.4076
2.0316
3.2822
4.2525
5.4124
6.9785
8.2026
10.551
12.591
10.549
10.93
11.471
11.37
11.139
10.285
9.1081
7.4823
5.6552
3.3947
0.72797
-2.4626
-6.3634
-10.021
-13.323
-16.196
-16.896
-16.121
-12.806
-6.0418
-2.5321
-2.2243
-2.8226
-2.7601
-2.2302
-1.1879
0.16712
0.91523
0.93003
0.56258
0.47004
1.0356
2.2614
4.1527
5.6652
7.1499
9.7379
10.246
12.81
14.137
14.784
14.683
13.257
10.664
7.6477
4.348
0.51505
-3.5636
-7.3589
-10.812
-13.719
-15.69
-16.845
-16.28
-14.087
-12.803
-8.3078
-3.4181
-3.0867
-3.3612
-3.1387
-2.5601
-1.6039
-0.54734
0.41452
1.3773
2.1201
2.2499
2.2609
2.3519
2.7471
3.1101
3.8456
6.0171
6.8841
6.9932
10.089
12.184
12.659
12.147
11.48
10.754
10.249
8.9215
6.5595
3.8824
1.0657
-2.4762
-6.3171
-9.4704
-12.999
-14.898
-14.189
-13.439
-8.7177
-4.777
-4.7289
-4.251
-4.1888
-2.9297
-1.8501
-0.69789
-0.012068
-0.20074
-0.31421
-0.249
0.40794
1.2415
2.7517
4.8471
7.2633
9.6717
10.013
11.498
12.151
13.274
13.268
11.813
9.5847
7.5178
5.4263
3.1884
0.70668
-2.1336
-5.8201
-9.918
-13.889
-17.548
-21.191
-23.358
-20.554
-22.184
-13.556
-7.3308
-7.4079
-6.8088
-4.1812
-2.1747
-0.60712
0.77511
1.7703
2.2572
2.6689
3.1331
3.6964
4.9536
6.6248
8.3956
9.9331
12.339
10.98
8.2082
9.792
11.707
12.269
11.049
9.3289
7.729
5.8985
3.6832
1.1477
-1.5808
-4.5631
-8.4047
-11.723
-14.839
-17.634
-17.472
-14.96
-12.444
-6.1703
-2.4564
-1.3507
-1.567
-0.73291
-0.16941
0.3492
-0.21473
-1.3533
-1.2294
0.27098
2.2192
3.5964
4.6714
6.3088
9.1587
13.906
15.6
13.243
11.588
12.604
12.334
11.211
9.6942
7.7182
6.079
4.5043
2.4582
0.066781
-2.7349
-6.0457
-9.5544
-13.019
-15.258
-13.851
-12.44
-12.471
-6.6906
-4.2213
-4.2621
-4.255
-3.6552
-3.0801
-2.128
-1.1835
-0.41056
0.16153
0.56388
0.88081
1.0804
1.9645
4.3948
8.3909
12.255
12.213
10.665
10.241
11.482
11.53
10.829
9.6336
8.5692
7.3382
5.6314
3.5311
1.2608
-1.9059
-5.8033
-10.036
-14.74
-18.798
-14.993
-15.259
-11.877
-6.182
-6.4248
-4.6597
-4.6848
-4.996
-3.5832
-1.2474
0.92674
2.6033
3.7832
4.3766
4.548
4.4636
4.9471
6.4945
7.8541
8.6441
10.609
10.405
11
12.109
12.383
11.452
9.8033
8.4376
6.8291
5.0254
2.7873
0.40046
-2.4938
-6.0045
-9.7864
-13.02
-15.698
-15.937
-13.701
-12.904
-7.2304
-0.61582
-0.98621
-1.6255
-1.7936
-2.1176
-2.297
-2.0113
-1.1923
-0.38803
0.26329
0.46493
0.49882
0.66162
1.889
3.6147
5.3193
7.9645
9.5271
9.6669
10.407
10.93
11.207
10.627
9.0592
7.8247
6.8166
4.9943
2.7627
0.51051
-1.8756
-4.522
-7.2594
-9.831
-12.079
-13.147
-12.707
-11.684
-6.4266
-3.8271
-4.7887
-5.7189
-5.9336
-5.441
-4.3653
-3.3216
-2.3106
-1.7301
-1.8173
-1.7878
-1.411
-0.69897
0.23646
1.4495
2.3092
3.6502
5.46
6.1508
8.4744
10.962
12.208
11.898
10.627
9.3843
8.2636
6.7755
4.9176
2.3833
-0.90852
-4.7194
-8.4432
-12.058
-15.154
-17.053
-17.012
-14.177
-7.7896
-3.9107
-1.99
-1.7802
-1.5689
-1.4527
-1.1717
-0.64859
-0.58353
-1.1202
-1.9605
-2.5413
-2.5665
-2.1769
-0.80948
0.62205
1.9862
5.0869
7.4395
9.5288
12.169
13.071
12.978
12.085
10.778
9.4384
7.5572
5.6751
3.6886
1.5143
-0.52219
-2.2451
-4.3575
-7.0598
-9.3453
-9.9833
-8.0221
-5.112
-2.8704
-2.4074
-2.7323
-3.123
-2.7784
-1.9894
-1.2084
-0.48432
0.030078
0.72157
1.1734
2.0849
3.1938
3.3547
1.9839
0.9257
1.6992
2.617
4.1486
5.1787
5.1678
4.7744
4.5116
4.3774
4.1831
3.9433
3.2559
1.9296
0.72053
-0.65231
-1.5171
-2.0796
-2.862
-3.5744
-2.6772
-2.0541
-1.6912
-1.2071
-0.82182
-1.1026
-1.3989
-0.98479
0.1377
1.3346
2.2966
2.69
2.3405
1.2428
0.92799
1.0545
0.31319
-1.1039
-1.0124
-0.55362
-0.38357
0.84865
2.4028
1.7276
1.1363
0.88947
-0.027087
0.059859
0.24692
0.46289
0.40396
-0.014385
-0.50085
0.20656
0.19958
-1.5388
-2.5196
-2.7948
-3.0371
-2.8347
-2.468
-2.2204
-1.5378
-0.58344
0.2834
1.2893
1.6776
1.4745
1.5584
1.2841
0.53068
-0.70724
-2.1351
-3.6504
-2.8957
-0.93955
0.73988
1.1262
0.90847
0.44337
0.78316
2.6468
3.7045
3.473
1.514
2.2519
1.7538
-0.50233
-2.6754
-5.1341
-7.5671
-9.5379
-9.1038
-6.4703
-3.872
-1.2464
0.027489
0.34427
0.10264
-0.20075
-1.1853
-2.366
-2.8981
-3.4146
-3.9084
-4.519
-5.0194
-4.8029
-3.7782
-3.1297
-3.4169
-4.567
-3.8738
-1.5302
0.64993
2.7139
4.0035
4.9492
5.5778
6.0002
6.1171
5.7037
4.2579
2.3122
-0.11137
-2.4786
-4.461
-6.0634
-7.4836
-8.4177
-8.4164
-7.2546
-5.7271
-3.7833
-2.3033
-1.7685
-2.3092
-3.2813
-3.8998
-3.711
-2.1623
-1.4042
-1.0209
-0.89038
-0.60786
-0.21193
1.2957
2.2008
1.7552
-0.077386
-0.23923
0.53302
1.422
2.6518
3.2984
3.4063
3.1054
2.4569
1.7521
0.78563
0.054791
-0.083493
-0.53618
-0.75217
-0.64045
-0.015263
0.35827
0.55063
-0.34706
-0.10689
-0.684
-1.1419
-1.0017
-0.27989
-0.13002
0.24142
-0.11342
-0.025119
0.48969
1.2617
1.9613
1.7891
1.1119
0.85147
0.90263
1.1677
1.1745
1.0838
0.38909
0.41539
0.41218
0.41106
0.31187
0.20233
-0.12
-0.12076
0.14551
0.48601
0.8306
0.84056
0.88177
1.0982
0.94778
1.2869
1.2813
1.4618
1.3236
1.0434
1.0128
1.6277
2.1823
2.771
3.1721
2.9781
2.3236
0.72551
0.24519
0.35771
0.60565
0.72083
0.79558
0.44813
0.084532
-0.28473
-0.52592
-0.12622
0.23611
0.46367
0.61777
0.58881
0.45077
0.096202
-0.31939
-0.84761
-0.95436
-0.898
-0.64439
-0.62513
-0.79403
-1.0174
-1.1932
-0.99106
-0.75529
-0.4922
-0.16201
-0.087181
0.077909
0.044073
0.086259
-0.024314
-0.32868
-0.47462
-0.42172
-0.15436
0.08258
0.20893
0.29963
0.23523
-0.065504
-0.43744
-0.43333
-0.19976
0.28383
0.95635
1.2135
1.4875
1.4469
1.0342
0.74602
0.32414
0.18036
0.002545
0.00043205
-0.010203
0.14073
0.34805
0.31101
0.48181
0.44883
0.38566
0.3648
0.1843
0.20335
0.16956
0.010975
-0.049739
-0.13705
-0.054423
0.29132
0.65404
0.47432
0.028133
-0.39223
-0.58201
-0.55271
-0.68166
-0.87397
-1.1552
-1.2309
-1.3774
-1.5292
-1.5447
-2.1135
-2.7719
-3.2255
-3.9473
-4.4727
-4.9973
-5.3812
-5.6561
-5.1613
-4.8475
-4.2084
-4.1608
-4.2179
-4.0615
0.37613
-0.74213
-0.29009
0.021443
-0.070365
-0.19901
-0.50081
-0.70023
-1.152
-1.9745
-3.0983
-4.4601
-6.0911
-7.7836
-9.331
-11.062
-12.471
-13.729
-14.573
-14.73
-14.473
-13.72
-12.518
-11.423
-10.438
-9.6327
-8.3588
-7.1291
-6.0258
-5.3817
-5.0038
-4.2974
-3.5973
-3.0379
-2.4824
-1.849
-1.1627
-0.53877
0.084722
0.84571
1.7043
2.6197
3.4861
4.0699
4.3252
4.287
3.9937
3.5436
2.8612
1.8375
0.60093
-0.55622
-1.4001
-2.0203
-2.4197
-2.7375
-2.9435
-2.9822
-2.8514
-2.4297
-1.8962
-1.0649
0.06285
1.3934
2.883
3.841
3.5036
1.8874
-0.1851
-1.2661
-2.8554
-4.7956
-5.9777
-4.6804
-4.0787
0.7842
5.0986
3.9389
3.6814
3.3874
1.8646
1.0997
1.1491
2.0185
2.4268
1.8675
1.1375
0.62716
0.15901
-0.66603
-1.9117
-3.1884
-4.1543
-4.2989
-5.199
-5.5332
-3.0279
-0.68482
0.55154
1.6039
2.515
3.177
3.4853
3.6003
3.3509
2.6933
1.8429
0.9428
-0.25469
-1.573
-2.6625
-3.4617
-3.8113
-3.8218
-3.9421
-3.9102
-3.5364
-2.6801
-1.979
-1.7188
-2.0004
-2.4513
-2.7669
-2.7604
-2.467
-2.1925
-2.1098
-2.1101
-2.1502
-1.9545
-1.4535
-0.71486
0.0065417
0.84476
1.66
2.4154
3.0794
3.7005
4.3023
4.9415
5.6938
6.3539
6.7097
6.8265
6.7707
6.4595
5.1349
2.2714
-1.085
-3.0697
-3.5212
-3.0538
-2.3448
-1.94
-1.7293
-1.4489
-1.1647
-0.91189
-0.65802
-0.45238
0.041813
0.67789
1.2606
1.7022
1.993
2.1215
2.0563
1.9608
1.832
1.5426
1.2698
0.69884
0.31753
0.032328
0.10185
