-0.56819
-0.67496
1.2937
1.221
1.3589
0.56517
0.88532
0.95779
0.43546
-1.6759
-1.2241
-1.1638
-1.0835
-0.64689
-0.13465
-0.36606
0.96009
0.99513
0.92808
0.52722
0.45074
0.4283
-0.11337
1.0078
0.50719
0.20162
1.0624
0.51763
-0.90784
-0.76684
-1.2751
-1.9721
-2.0526
-0.55209
-0.16287
0.39379
0.14632
1.565
0.38216
0.70027
0.3766
0.26527
0.28717
0.81651
0.53273
0.50125
0.79456
0.052083
-1.1239
-1.3373
-0.80922
-1.3094
-0.93528
-1.3657
-0.29612
0.59497
1.6536
0.64225
0.96042
0.38549
0.41699
-0.34811
0.97358
0.83904
0.21503
0.36228
1.1097
-0.77875
-0.53878
-1.1556
-1.2728
-0.84683
-1.7549
-0.83258
-0.17065
0.46177
1.367
0.60368
0.80149
0.60083
1.5523
0.78979
0.56646
-0.35276
-0.11963
0.86806
-0.95167
-1.4348
-1.5902
-1.2797
-0.94054
-0.60355
-1.0257
-1.1355
0.44304
1.825
0.26674
0.26661
0.66606
0.54905
0.37984
0.96922
0.17045
0.51658
1.3252
1.0677
-0.82182
-1.6792
-1.2143
-1.2171
-0.8259
-1.6351
-0.46198
0.47153
0.17604
1.6063
1.2309
0.57015
0.15865
-0.45069
0.40614
0.080161
1.6514
0.75134
0.51304
-1.6903
-1.5801
-2.1087
-0.73066
-0.55353
-0.88114
-0.66655
0.57978
0.26567
1.6836
0.80573
0.31982
0.38175
0.47065
1.242
1.1516
0.97387
0.24112
0.20778
-0.13034
-1.2434
-1.0791
-1.4853
-2.2633
-0.65733
-0.77954
-0.48459
-0.10097
1.4719
1.294
0.67768
0.086471
0.17782
0.98016
0.81795
0.26687
0.55204
0.14343
0.040819
-1.7924
-1.0012
-1.2897
-1.1074
-1.067
-0.24051
-0.62589
0.27301
0.64095
0.88194
1.1066
0.59892
0.96933
-0.12852
1.0726
1.1082
0.85315
-0.091847
0.94863
-1.3116
-2.1236
-1.4673
-1.2669
-1.082
-0.11479
-0.18854
-0.10266
0.70481
1.7846
0.70473
0.97447
1.1132
0.69347
-0.057324
0.081932
-0.29557
0.35508
0.6642
-1.0503
-1.1478
-1.5921
-1.4662
-1.4138
-1.6949
-0.45434
0.1805
-0.20468
0.82457
1.3855
0.75465
0.41059
0.068966
0.75154
0.60248
0.48485
0.42513
0.86032
-0.13163
-1.5423
-1.3265
-1.0612
-0.97166
-1.1485
-0.45569
-0.048755
0.29998
1.9149
0.2158
0.35287
0.62103
0.22212
0.15035
0.8854
0.58604
0.88276
0.57722
0.1049
-1.7109
-1.2216
-0.75034
-1.0771
-1.1671
-0.86973
-0.27591
0.52059
1.2227
1.4353
0.28735
0.56232
0.26744
1.0811
1.0767
0.7057
0.92287
0.44452
0.25525
-1.6716
-2.057
-0.92434
-1.4897
-1.1065
-0.98543
-0.076034
-0.24793
0.35809
1.7557
1.5288
0.51358
0.13506
1.1227
0.85409
1.4362
0.66325
0.9053
-0.59307
-1.4767
-1.6618
-1.3085
-1.492
-1.0484
-1.1874
-0.38905
0.18302
0.96257
1.2923
-0.032747
0.4562
0.53719
-0.026754
1.0287
0.4898
1.0149
1.0341
1.5144
-1.2381
-0.93807
-1.1776
-0.60153
-1.3164
-1.674
-1.4573
0.045926
0.68273
1.0722
-0.25907
-0.04162
0.1478
0.20007
0.97845
0.45824
-0.085751
1.1071
1.1229
-1.513
-2.2688
-0.85279
-1.533
-1.4243
-0.75861
-0.12121
-0.25071
-0.28648
1.6232
0.9681
0.63047
1.3209
0.62046
0.34599
0.41296
1.3077
0.8103
1.0044
0.61446
-0.4874
-0.94727
-1.6305
-1.9192
-1.4037
-0.432
-0.86102
0.95276
0.54847
-0.32498
1.2715
0.7752
0.63334
0.31672
0.48429
1.4505
1.3713
0.73241
0.6506
-0.83714
-2.2706
-0.96197
-1.3805
-1.2374
-0.31078
-0.49548
-0.14858
0.50217
1.901
0.6621
0.44652
0.80131
0.3205
0.098586
0.97666
0.71721
0.21652
0.95017
0.019504
-1.9252
-1.2774
-0.79978
-0.63262
-1.0955
-1.2845
0.063075
0.55057
1.4025
0.1743
0.68368
1.1058
0.25966
0.39537
1.0291
0.11409
1.1274
-0.059444
-0.041742
-2.0052
-1.2711
-1.7986
-1.5377
-0.9947
-0.91557
-0.6979
-0.113
1.9394
1.0045
0.65315
1.4692
1.0788
0.57418
0.67931
0.45671
0.29237
1.3943
0.1752
-1.2244
-0.68866
-0.95081
-1.7847
-0.58422
-0.26351
-0.44022
0.29289
1.8482
1.615
0.34356
1.8209
0.87469
0.3103
0.59301
1.5828
1.1883
1.3654
0.94901
-0.71306
-1.5702
-1.3686
-1.2722
-0.71239
-1.2282
-0.8724
0.16093
0.1605
1.3468
1.4151
0.050668
0.12332
1.1559
0.69223
1.1195
0.40467
0.7262
0.62794
-0.090297
-1.4406
-1.522
-1.7884
-1.5307
-0.51557
0.12258
0.26281
1.2843
1.9377
0.62222
0.22872
0.55331
1.5192
0.59483
0.71312
0.55424
1.3764
0.56071
0.36631
-1.7152
-1.3288
-1.2142
-1.6546
-1.0424
-0.52897
-0.24403
-0.18931
0.49035
1.3307
0.55545
1.1451
0.721
0.18155
0.35574
0.78356
0.58108
0.42197
1.0602
-0.19524
-1.557
-1.0513
-0.95007
-0.45023
-0.84082
-0.27255
0.72051
0.96474
1.993
0.77862
0.94355
0.69216
-0.030198
0.45266
0.025822
0.3409
0.47244
1.2765
0.96609
0.17193
-1.0325
-1.6898
-1.1268
-0.8792
-0.7116
0.59421
0.83897
1.3492
0.27471
1.1602
1.2937
-0.080825
-0.005571
0.48741
0.023313
0.2752
0.99497
0.097056
-1.1017
-1.6773
-0.79074
-0.26083
-0.64235
-1.1087
0.24431
0.98511
1.6848
1.4377
0.70436
0.82246
0.030734
0.72991
0.74695
0.43482
1.1021
0.68401
0.24921
-0.93142
-1.2394
-1.5759
-1.3606
-1.3138
0.055936
0.13271
0.71039
1.3089
1.0886
0.92661
1.0219
0.59075
0.66169
0.40861
1.0308
0.36881
-0.66311
0.72487
-0.33987
-0.54024
-0.69217
-0.5331
-0.69593
-1.1678
-0.022709
0.50844
1.3239
0.78669
0.98832
0.30878
0.88708
0.24629
0.71874
0.29966
-0.22827
-0.20747
0.57816
-1.2856
-0.78986
-1.0716
-1.3206
-1.1274
-0.74698
-0.41219
0.88573
0.92907
2.2664
0.57494
-0.094779
0.70518
0.21792
0.087549
0.69584
0.75952
0.42687
0.93237
-0.43292
-1.6015
-1.7079
-1.5588
-1.5515
-0.74922
-0.67073
0.45644
0.31207
1.9929
0.77461
0.57156
0.85338
0.65185
0.98218
-0.1586
0.061702
1.1186
0.38696
0.097783
-1.581
-1.0726
-1.5055
-1.2872
-0.62289
-0.49621
-0.12406
0.1175
1.9046
2.2558
0.38376
0.78436
1.3396
1.1489
0.69238
1.4802
0.70882
0.51057
0.41215
-0.54994
-1.7572
-1.6345
-1.1155
-1.1905
-0.98144
-0.43139
1.0807
0.61688
1.7378
0.092029
0.61408
0.34752
1.1508
-0.079133
0.96759
0.90816
1.1336
1.7311
-0.042903
-0.68035
-1.6943
-1.7346
-1.4117
-1.5218
-1.0346
-0.38564
1.1037
1.2955
1.4065
0.0019179
0.68814
0.85131
1.2932
0.21108
0.96598
1.1798
0.12261
0.46089
-1.7867
-1.662
-1.7811
-1.1694
-1.1982
-1.2027
0.57261
0.35308
1.7948
1.0948
0.80671
0.31146
0.0087552
0.0056518
0.66151
0.59001
0.32011
0.27794
0.43881
-1.418
-1.4698
-2.015
-1.684
-0.59054
-0.56497
-0.40293
-0.14183
1.1631
1.5795
0.87788
0.75011
0.012263
0.79476
0.58378
0.8106
0.47869
0.31696
0.83972
-0.95119
-0.63946
-2.0397
-1.1707
-0.35933
-0.44823
-0.036051
0.38135
1.9913
1.5756
0.58499
1.1975
1.5225
0.87249
1.2589
0.88031
-0.42644
-0.13226
0.51383
-0.86325
-1.2493
-1.552
-1.2333
-0.89856
-0.76943
0.12637
0.7959
0.93677
2.0532
1.113
1.1659
0.82185
1.5463
0.36929
0.12329
0.50419
0.31168
0.47003
-1.0493
-1.5503
-1.2743
-1.1109
-1.7256
-1.7403
-0.53655
0.37043
0.26856
1.4163
0.88319
0.30604
1.1487
1.1541
0.96605
0.57239
1.2461
0.31026
0.83505
-0.055524
-1.0936
-1.6473
-1.8321
-1.0243
-0.56244
0.51583
-0.18878
0.10996
1.0461
1.8408
1.2685
0.84955
0.75868
0.50205
0.8653
1.0054
0.98042
0.16018
0.4015
-0.15025
-0.62075
-1.6912
-1.1335
-1.4652
-1.5953
-0.97062
-0.14193
0.57123
1.2055
0.64693
0.61748
0.024207
0.33332
0.35658
0.50581
0.82294
0.37998
-0.092435
-0.58079
-1.683
-1.6246
-1.0811
-0.44028
0.070676
-1.1082
-1.2383
-0.082852
-0.021162
0.48977
0.39851
0.90377
0.86573
0.4494
0.99541
0.46975
1.1743
0.21969
0.097354
-0.64042
-1.0923
-1.519
-1.986
-1.3917
-0.71611
-0.70978
0.095589
0.77584
0.77113
0.95346
0.62907
1.1198
0.73824
0.084937
0.44694
0.33533
0.80736
0.77891
-0.54467
-1.3048
-1.5096
-1.1393
-1.2375
-0.31127
-0.67836
0.74989
0.89652
1.8545
1.1813
1.0967
1.2316
0.5024
0.069804
0.13421
0.26581
1.1633
0.38046
-0.34237
-1.7038
-1.3106
-0.32957
-1.2332
-0.92489
-0.36303
-0.024493
1.0188
2.0881
1.0029
0.67514
0.68669
0.086822
0.67516
0.4503
0.55848
1.4567
0.34627
-0.5159
-1.2823
-0.96171
-1.5809
-1.568
-0.11932
-0.37336
-0.43436
-1.3902
-0.3315
0.6803
-0.27942
0.56485
0.24614
0.28537
0.67502
1.1636
0.57627
0.98422
0.12349
-0.87054
-1.4714
-1.2599
-0.46823
-1.6754
-1.1311
-0.76363
-0.63092
0.8992
1.1411
0.71934
-0.046964
0.80653
0.96515
0.49871
-0.23645
-0.17879
0.47671
0.91065
-0.74672
-1.5002
-0.98273
-1.3209
-1.9237
-1.3751
0.32613
0.14697
0.42842
1.0769
1.7918
0.16003
-0.91135
0.20167
0.65157
0.93693
1.3417
-0.20585
0.64111
-1.4065
-1.547
-1.837
-1.1853
-1.1829
-1.3619
-0.65584
-0.93908
-1.2958
-0.86619
1.275
1.0457
0.76911
0.6487
-1.0761
-1.6494
-1.1164
-0.43898
-0.11081
-0.2767
-1.0215
-1.8102
-2.7442
-3.0474
-1.7274
-1.7093
-1.3086
-0.41271
0.53425
-0.46426
-0.95341
-0.66017
-0.11102
-0.90689
0.7481
-0.42108
-1.6738
-2.2096
0.27862
0.0097226
-1.6294
-1.6541
-1.5467
-3.2878
-2.0722
-0.89155
-1.4617
-0.097934
1.5455
1.8343
0.15958
-0.0097349
0.73745
0.67123
0.9328
0.84662
0.89934
0.97366
1.0078
0.8854
0.88787
0.79814
0.47272
-0.032556
-0.68659
-1.4845
-2.4362
-3.4446
-4.5566
-6.153
-8.3329
-10.611
-12.017
-11.625
-11.056
-9.8383
-8.5579
-6.9659
-5.6799
-5.115
-4.735
-4.5315
-4.4445
-4.5021
-4.5787
-4.6108
-4.4679
-3.7428
-3.0238
-2.3208
-2.5573
-3.5806
-2.994
-2.4673
-0.5644
1.5101
3.205
4.3588
4.9865
5.3847
5.3921
4.957
4.1746
3.2436
2.198
0.99773
-0.045978
-0.83402
-1.6011
-2.2485
-2.9952
-4.0696
-4.9791
-5.3401
-4.1604
-2.4273
-1.3533
-1.1484
-0.654
-0.15118
0.56254
1.1974
1.5592
1.5839
1.2243
0.90601
0.70681
0.68975
0.50034
0.17892
-0.075598
-0.19839
-0.010104
0.13988
0.67577
1.1038
1.5119
2.6024
3.9874
5.1626
6.0119
6.3621
6.2695
6.0699
5.6029
4.8813
3.88
2.6814
1.4689
0.33277
-1.018
-2.176
-3.2261
-4.5108
-6.4244
-8.6744
-10.226
-9.4488
-7.7286
-5.3436
-3.4627
-1.9519
-0.65911
0.11669
0.70122
0.89808
0.68101
0.32332
0.0043835
-0.25196
-0.52518
-0.39909
-0.15419
0.22198
0.55587
0.78403
0.82311
1.3699
1.6823
2.4697
3.0922
3.7067
4.1418
4.3935
4.4839
4.307
4.0609
3.4376
2.5357
1.3205
0.19533
-0.93094
-2.3475
-3.8805
-5.7262
-7.3962
-8.3454
-8.3294
-6.6253
-4.4047
-2.8628
-1.8501
-1.3259
-0.90588
-0.64525
-0.35176
-0.11193
0.20758
0.5699
0.62266
-0.21368
-1.1693
-1.1532
-0.90956
-1.0541
-1.0923
-0.09476
1.3255
2.3236
5.0709
7.4343
8.6657
9.1315
8.7553
7.9013
6.9326
5.8695
4.9956
3.9
2.5664
1.0191
-0.46103
-2.243
-4.0489
-6.0928
-8.7705
-11.269
-12.413
-11.535
-8.6359
-5.7158
-4.093
-3.5831
-3.5511
-3.5356
-3.9443
-4.2087
-4.8393
-5.5825
-6.5746
-7.0308
-6.7339
-5.283
-0.86307
4.2782
8.2896
10.278
11.94
13.254
13.918
13.338
11.666
9.3228
6.8863
4.7588
3.0456
1.3362
-0.4297
-2.5728
-4.3857
-5.4172
-6.0348
-6.4054
-6.7776
-7.5355
-9.4808
-10.808
-9.8401
-7.8606
-5.7041
-4.0818
-4.036
-4.6692
-4.7662
-5.1332
-5.3107
-5.7721
-5.9392
-5.4799
-4.7285
-3.9059
-2.8396
-1.1129
0.22375
-0.24854
0.49895
3.2156
6.682
10.785
13.605
14.634
14.259
13.071
11.415
9.4739
6.8625
3.7359
1.0809
-0.91683
-2.0192
-2.5803
-2.3112
-2.0579
-1.6106
2.2259
5.5708
7.2979
8.1281
6.8304
3.6677
-1.0958
-6.2266
-10.811
-14.34
-16.325
-15.846
-14.876
-12.588
-10.01
-4.8471
1.6574
7.0308
10.166
11.043
9.1419
5.8132
2.8041
1.125
0.20857
0.27191
1.4696
3.5298
5.7669
7.7256
8.7973
9.1843
8.9579
8.4969
7.5728
6.5573
6.4469
6.8019
5.4894
2.8218
-1.095
-6.7521
-11.482
-12.594
-11.576
-10.689
-10.763
-11.426
-11.759
-11.955
-11.767
-11.193
-10.579
-9.7916
-8.8099
-7.6433
-6.3651
-4.8912
-3.2696
-1.8573
-0.53418
0.43032
0.53864
1.6511
2.7721
3.5113
4.451
5.4695
6.3565
6.8374
6.7257
6.1379
5.4189
4.8506
4.5926
4.3214
3.8478
3.1526
2.6843
2.2763
0.43161
-3.377
-5.9452
-5.9911
-5.4851
-5.7743
-5.8028
-4.4471
-2.5511
-1.2586
-0.13591
1.2616
3.325
5.0073
6.1703
6.9577
7.8022
9.3674
11.261
11.898
10.749
9.5258
9.0657
8.4991
8.077
7.813
6.8581
5.6037
4.5722
2.7278
1.2556
0.50163
0.21131
0.59647
2.5553
4.538
4.225
1.6943
-0.585
-2.9811
-6.8097
-9.302
-8.4593
-6.5755
-6.4971
-6.4188
-6.1816
-5.093
-3.4152
-2.421
-2.0857
-2.3118
-3.0498
-3.7629
-4.0885
-4.112
-3.4663
-2.4064
-1.4189
-1.3253
-1.2725
0.3711
2.6121
4.2242
5.1003
6.4261
7.6611
8.1861
7.9857
6.8408
5.4405
4.025
2.9625
1.5518
-0.28496
-2.4979
-4.864
-6.9828
-8.5376
-10.802
-13.873
-14.555
-12.028
-9.0921
-5.7448
-4.477
-4.5268
-3.179
-2.2603
-1.6138
-1.1315
-0.63629
-0.41169
0.19835
0.59232
0.70724
1.012
1.0519
0.94674
0.81727
0.5318
1.3828
4.2739
6.2456
8.9228
11.068
11.763
11.75
11.078
10.219
9.1064
7.7204
5.9898
4.1277
2.1856
0.17786
-1.7376
-3.4959
-5.2176
-6.9724
-8.9051
-10.491
-10.872
-9.5349
-6.3971
-3.0825
-1.9194
-1.731
-1.7576
-2.1806
-2.3313
-2.2421
-2.0794
-1.9774
-1.4042
-0.59561
0.29915
1.166
1.9114
2.2895
2.3744
2.3272
2.3951
2.6744
3.6183
6.4573
8.5675
10.01
10.673
10.567
9.8842
8.7921
7.2044
5.2289
3.146
1.151
-0.87891
-2.9518
-4.9237
-7.104
-9.8409
-12.016
-12.87
-12.932
-10.914
-8.1125
-5.5414
-4.3037
-3.8152
-3.4018
-3.6168
-3.6659
-3.5465
-3.346
-2.8408
-2.9202
-2.0497
-1.4869
-0.8651
-0.33457
0.058959
0.0066993
1.13
4.0954
5.1033
6.7162
9.015
10.205
9.8279
9.8517
10.092
9.6098
8.0493
6.4023
4.6315
2.3621
1.0617
-0.82307
-2.7537
-5.3297
-8.6791
-11.499
-13.015
-12.832
-9.4964
-6.0426
-2.6678
-0.89454
0.15726
0.44251
0.55007
0.32272
0.26781
0.17506
0.24156
-0.092618
-0.16804
0.0376
0.29659
0.56046
0.55336
0.78563
2.7004
3.7343
6.06
9.4496
11.285
11.76
11.591
11.051
9.8119
8.2554
6.5162
4.5207
2.4393
0.71988
-0.96574
-2.725
-4.8185
-7.2377
-9.7942
-11.161
-12.462
-14.199
-9.4314
-5.2198
-4.9761
-4.9051
-4.9891
-4.4303
-3.445
-2.6568
-1.8526
-1.1591
-0.45627
0.032379
0.028076
-0.1023
-0.068495
0.092384
0.83298
1.522
1.8423
3.0582
4.2747
6.1409
8.0056
9.3341
9.5124
9.4401
9.2007
8.4359
7.6013
6.1019
4.2399
2.1975
0.31899
-1.3566
-2.8706
-4.474
-5.8422
-6.9179
-8.3584
-9.8474
-10.21
-8.8354
-6.1249
-3.2871
-1.871
-1.6516
-1.8367
-2.1253
-1.9987
-1.5786
-1.1341
-0.80732
-0.62517
-0.66638
-0.76342
-0.83164
-0.6098
-0.35239
-0.017711
0.055721
0.19386
1.2124
2.1257
3.1613
5.1878
6.8183
7.7312
8.0757
8.2467
7.8801
7.0802
5.9115
4.2159
2.5421
0.87107
-0.40832
-1.9639
-3.9631
-7.0079
-9.6994
-10.91
-11.249
-7.1217
-3.0954
-2.2266
-2.5437
-3.2075
-3.5124
-3.7882
-3.562
-3.26
-3.2363
-3.1587
-3.1066
-2.8814
-2.291
-1.8132
-1.6548
-1.8679
-1.7671
-0.47129
1.2352
2.7276
6.3305
9.4579
11.119
11.891
11.825
11.279
10.406
9.183
7.4265
5.2709
2.8477
0.77528
-1.0765
-3.2447
-5.8877
-8.4515
-9.8318
-10.402
-8.6134
-5.3367
-2.2875
-1.241
-1.9395
-2.1237
-2.4319
-2.4355
-2.08
-1.5585
-1.27
-1.1549
-1.0216
-0.76416
-0.38916
0.053657
0.61106
1.0678
0.90168
1.493
3.3792
3.9292
5.6158
9.0311
10.459
11.322
11.221
11.191
11.201
10.243
9.4276
8.0654
6.385
4.7268
2.9697
0.92605
-0.72854
-2.7045
-5.0648
-7.0975
-8.3298
-7.9758
-6.2231
-4.7848
-3.9951
-4.6263
-4.9735
-5.0778
-5.1852
-4.9272
-4.4874
-3.5714
-2.1896
-0.64166
0.85142
2.1989
3.6012
4.706
4.9709
4.9311
5.2302
5.1198
5.931
8.2156
8.9202
9.3665
9.0951
8.6116
7.8398
6.7698
5.2869
3.4801
1.6438
-0.11608
-1.6769
-3.2846
-4.7324
-6.1028
-7.3481
-8.2692
-9.3951
-9.6457
-9.2276
-7.7373
-6.5153
-6.082
-5.4301
-4.5138
-4.1089
-3.1388
-2.2387
-2.0093
-1.3957
-1.0166
-0.36942
0.3376
0.87216
1.0483
0.95652
0.73217
0.86748
1.563
2.1162
4.0938
6.8945
8.1848
9.1968
9.6284
9.3297
8.9267
7.9874
6.9105
5.4288
3.938
2.2711
0.83173
-0.59699
-2.3404
-3.9597
-5.7574
-8.0264
-10.311
-11.726
-11.97
-10.133
-5.5033
-4.58
-4.5251
-3.9128
-3.8067
-3.6225
-3.4172
-2.8498
-2.4959
-2.0933
-1.7824
-1.4103
-1.0852
-0.6859
-0.33486
0.15112
1.3779
3.249
4.6181
5.7911
7.8481
9.5596
10.273
10.03
9.2142
8.0048
6.5772
5.0025
3.0588
1.4359
-0.048986
-1.2882
-2.5363
-3.9875
-5.8124
-7.7078
-9.5565
-10.763
-10.863
-7.9948
-3.9947
-3.8855
-4.3041
-4.192
-3.9422
-4.0245
-4.0437
-3.7455
-3.4209
-2.9025
-2.1295
-1.2369
-0.12809
0.80909
1.4622
1.8285
2.2358
2.291
2.1193
3.4855
5.5466
6.9365
7.9844
8.6441
8.7934
8.5999
7.8875
6.3435
4.645
2.9395
1.342
-0.32445
-2.04
-3.804
-5.7894
-7.8585
-9.4678
-11.258
-9.5674
-8.8185
-5.1808
-2.4767
-2.912
-2.494
-1.6003
-1.4799
-1.1971
-0.90341
-0.58963
-0.50315
0.41411
1.4618
2.3314
3.1845
3.3277
2.9793
2.7004
3.1761
3.6097
4.5605
7.3914
9.3384
9.5739
9.6388
8.9618
8.0619
6.9049
5.4933
3.5952
1.9142
0.42802
-1.3068
-3.2013
-5.1852
-9.2159
-13.797
-16.593
-16.544
-13.924
-7.9143
-5.9582
-6.1348
-5.6401
-5.3293
-4.8925
-4.0265
-3.2064
-2.3762
-1.4901
-0.57448
0.45532
1.3243
1.598
2.077
3.0183
3.3678
3.6716
4.7519
6.914
9.1878
10.179
10.083
9.7981
9.3895
8.7012
6.7114
5.7634
4.0603
2.5657
1.899
2.0059
2.736
3.3113
4.0996
2.2954
-0.75438
-0.77078
-0.25973
-0.41189
-0.27208
0.0062608
0.18598
-0.1678
-0.54795
-0.73347
-0.64681
-0.32666
-0.033259
0.1019
0.30488
1.3114
2.4053
3.9593
3.4056
1.4089
-1.1035
-1.4472
-0.7955
0.33871
1.0333
1.5237
2.1244
3.2251
3.2794
3.0547
1.6968
1.2482
1.125
0.74122
0.33803
-0.097461
-0.57141
-1.0017
-2.0649
-4.6835
-6.888
-7.1174
-5.7777
-5.1107
-4.6237
-5.1575
-5.5968
-5.4864
-5.3947
-5.27
-5.4466
-5.1665
-5.1133
-4.1187
-3.1691
-2.1958
-1.0988
-0.41543
0.76606
1.7547
1.8528
0.30291
-2.252
-2.2449
0.29117
3.5682
6.1145
8.2156
9.3219
9.2514
8.632
7.8978
6.8906
6.8369
6.9425
7.1637
5.6955
3.0275
2.2801
1.6446
0.33038
-1.9783
-5.3012
-8.445
-9.3973
-8.9661
-8.7735
-8.9492
-9.215
-9.7067
-10.328
-10.407
-10.498
-10.308
-9.7215
-8.8151
-7.5468
-6.1954
-5.0159
-3.8445
-2.6835
-1.7114
-0.56903
0.037883
0.48203
2.8625
4.9518
7.0737
9.1393
10.75
11.862
11.51
10.74
9.5297
8.1316
6.4668
4.5463
2.663
0.97344
-0.73875
-2.5106
-4.4787
-6.7348
-9.9266
-12.198
-13.317
-13.099
-11.444
-7.491
-4.8246
-2.2863
-0.49735
0.46233
0.84757
1.0816
1.3265
1.6583
1.9319
1.9209
1.3569
1.1256
0.99946
0.72858
0.23582
0.049211
1.1897
1.6578
4.0613
6.9936
9.3263
10.782
10.94
10.032
8.8099
7.6446
6.0963
4.0584
1.9379
0.10019
-1.1327
-2.4874
-3.6828
-5.6037
-8.332
-9.65
-9.94
-8.9081
-6.2383
-2.9551
-2.2498
-3.2744
-4.0611
-4.9332
-5.4336
-5.3825
-5.0393
-4.6921
-4.1366
-3.4041
-2.3639
-0.89938
0.90358
2.7038
4.0943
5.0544
5.6055
6.3746
6.5915
6.3158
6.7512
6.6205
6.3184
6.0245
5.7976
5.3522
4.8125
3.8968
2.715
1.336
-0.0098985
-1.2969
-2.7842
-4.854
-7.7026
-10.156
-11.362
-10.49
-8.4194
-4.7237
-2.6894
-1.7095
-0.90047
-0.97795
-1.2264
-1.3877
-1.3634
-1.1585
-0.60509
0.23958
0.78139
0.64729
0.15519
-0.10857
-0.036894
0.17891
0.26362
1.106
2.0507
3.3898
6.0284
8.219
9.6972
10.552
10.595
10.189
9.5068
8.3056
6.624
4.7852
2.8586
1.0603
-0.98331
-3.0209
-5.2626
-7.7541
-10.596
-13.795
-15.353
-14.644
-10.45
-5.6267
-2.6527
-1.7262
-1.7612
-1.8427
-1.8637
-1.7623
-1.6609
-1.6277
-1.8496
-1.9296
-1.8982
-1.6973
-1.4417
-1.4045
-1.1967
-0.31723
1.1674
3.2741
5.9089
8.6796
10.703
11.67
11.766
11.301
10.285
9.0133
7.3992
5.6392
3.6672
1.8137
0.18862
-1.6453
-3.4877
-5.6496
-8.3913
-10.373
-10.402
-9.2133
-6.5915
-4.5229
-4.303
-4.6194
-4.9064
-5.1916
-5.1025
-4.3995
-3.3573
-2.1337
-0.54094
1.016
2.3742
3.3368
3.9762
4.2128
4.0579
3.1077
1.7482
1.3785
1.56
2.9887
5.7911
7.7429
9.3847
10.311
10.772
10.665
10.012
8.783
7.1473
4.8904
2.6007
0.39015
-1.8118
-3.9489
-6.2114
-8.419
-9.6782
-9.7851
-9.141
-7.8684
-6.1625
-5.2336
-4.825
-4.6527
-4.4662
-4.107
-3.7934
-3.3169
-2.7283
-2.0317
-1.3746
-0.71217
-0.050241
0.55981
1.1277
1.6702
2.3682
4.0094
4.8302
5.7877
7.4788
8.3333
8.912
9.0726
8.8549
8.2935
7.4356
6.3686
5.0596
3.4865
1.9209
0.22404
-1.473
-3.2287
-5.1116
-6.7157
-8.3614
-9.7959
-10.159
-8.5735
-8.0433
-4.1257
-1.0642
-2.2675
-2.6153
-2.5343
-3.0293
-2.7725
-2.6737
-2.7283
-2.4041
-1.9465
-1.3724
-0.53873
0.71404
2.526
4.4251
5.5475
5.6029
6.7902
7.8485
8.8406
9.0847
9.0077
8.848
8.5112
7.9134
6.8828
5.6176
4.2363
2.7504
1.1784
-0.30569
-1.8978
-3.2376
-4.7804
-6.4642
-8.548
-10.375
-11.05
-10.549
-7.5299
-4.3541
-3.4864
-3.4522
-3.936
-4.3965
-4.6943
-4.8822
-4.8588
-4.6056
-3.901
-2.7338
-1.3537
-0.056215
1.1891
2.2858
2.9093
3.0818
4.068
5.1726
6.7244
8.6579
9.3981
9.6717
9.6764
9.5981
9.0648
8.1329
6.7633
4.8731
2.8191
0.87237
-0.81156
-2.5632
-4.3718
-6.3842
-8.7778
-10.937
-12.203
-11.54
-9.1523
-5.7405
-4.4909
-4.4047
-4.503
-4.6411
-4.4168
-4.137
-3.8534
-3.4643
-2.9341
-2.2515
-1.4442
-0.82489
0.043575
1.4644
2.5225
3.8585
6.0214
7.9597
9.3981
10.933
11.802
12.125
12.126
11.594
10.245
8.3181
6.1028
3.8882
1.7331
-0.34522
-2.1751
-4.0996
-6.0413
-8.0818
-10.098
-11.53
-11.484
-10.355
-7.7455
-5.0618
-4.0008
-3.4227
-3.1263
-2.5527
-2.3986
-1.9152
-1.234
-0.46121
0.2211
0.89328
1.3191
1.5235
1.3216
0.99353
0.32625
-0.39729
0.68283
1.7215
3.1219
5.6691
7.0386
7.8524
8.1779
8.0896
7.7922
7.0919
5.8158
4.3042
2.7641
1.3308
-0.23208
-1.7789
-3.3286
-4.877
-6.8677
-8.7484
-10.125
-10.526
-8.3368
-4.7636
-3.0585
-3.2542
-3.2738
-3.3331
-2.8608
-2.6207
-2.3556
-1.6065
-1.0411
-0.34502
0.34821
0.77221
0.81493
0.56518
0.010875
-0.62201
-1.0359
-0.030791
0.74356
2.437
6.0275
8.6921
10.147
10.946
10.927
10.537
9.5765
8.2281
6.272
4.0476
1.8396
-0.1607
-2.2134
-4.3614
-6.7114
-9.6721
-13.599
-17.432
-20.084
-17.511
-13.36
-9.0341
-5.1622
-4.7151
-3.7489
-3.2079
-2.7052
-1.8468
-0.95098
0.0010582
1.2081
2.488
3.4087
3.8358
4.0982
4.3368
4.3004
4.0373
3.5268
4.1102
4.4428
5.7834
7.694
9.1873
10.013
10.685
10.557
10.017
9.2535
8.0831
6.6027
4.5895
2.3615
0.23339
-1.7988
-3.7896
-5.7903
-8.2965
-10.756
-11.631
-10.553
-7.1512
-1.9522
0.2849
-0.055353
-0.4073
-0.99963
-1.8442
-1.952
-2.2363
-2.499
-2.7305
-2.8413
-2.8184
-2.7178
-2.1401
-1.3759
-0.22359
1.0646
2.0853
2.8958
4.1107
5.2938
6.9443
8.3463
8.7891
9.2146
9.2025
8.9661
8.3995
7.5455
6.2383
4.6804
3.1188
1.6574
0.29297
-1.0235
-2.4361
-3.9533
-5.4791
-7.4615
-9.2189
-9.5444
-8.1926
-4.8679
-3.7388
-4.461
-5.0388
-5.924
-5.8336
-5.6345
-5.2613
-4.5532
-3.6309
-2.577
-1.5081
-0.67504
-0.0025971
0.45878
0.8213
1.1278
1.5359
2.4496
4.0097
5.6964
7.9277
8.9826
9.5786
9.9388
9.9245
9.3644
8.4839
7.2901
5.8695
4.3463
2.7837
1.3698
-0.14669
-1.8248
-4.0355
-6.5898
-7.8987
-9.0817
-9.2306
-6.1638
-4.8973
-5.2224
-5.6232
-6.0656
-6.3456
-6.0457
-5.634
-4.9761
-4.0118
-2.8239
-1.633
-0.27469
0.75178
1.7433
2.7492
3.2707
3.0121
2.9845
2.6931
4.2313
5.879
6.5616
6.9521
7.2468
7.1771
7.0443
6.5456
5.6509
4.5095
3.5185
2.6586
1.8624
1.1723
0.3399
-0.74871
-2.3829
-4.6424
-7.2806
-8.8848
-8.3216
-5.2544
-2.9319
-3.5892
-4.1598
-4.4402
-4.4385
-4.3316
-4.2113
-3.9832
-3.6421
-3.0932
-2.123
-1.0788
0.053263
1.0922
2.1121
2.9918
3.4205
2.9089
2.0003
1.5885
1.8394
3.3319
4.3532
5.0588
5.4682
5.6648
5.6206
5.1319
4.1612
3.1142
2.1137
1.2193
0.063513
-1.2617
-2.5719
-4.0506
-6.2508
-8.4004
-9.8517
-10.574
-8.9618
-6.024
-4.0743
-3.4044
-2.6461
-2.1191
-1.9166
-1.638
-1.2227
-0.81013
-0.2224
0.50055
1.1218
1.8084
2.3739
2.8462
3.1818
3.3218
2.6648
2.3239
3.1977
3.3592
4.7393
6.4041
6.1145
6.1799
6.0011
5.4877
5.0376
4.3062
3.1937
1.8687
0.77593
-0.25542
-1.301
-2.6147
-4.0641
-5.6163
-7.4096
-9.6327
-11.015
-11.266
-8.1104
-4.5921
-3.3335
-3.5986
-3.6722
-3.7989
-3.4565
-2.9528
-2.3237
-1.684
-0.71603
0.29895
1.184
1.9625
2.6521
3.1662
3.5738
3.5587
3.3093
3.9341
4.5692
5.4388
7.3884
8.4129
8.9618
8.6757
8.0879
7.2408
6.3842
5.2847
3.855
2.331
0.60959
-1.2486
-3.1548
-5.3042
-7.997
-10.679
-11.92
-11.841
-9.4838
-5.9617
-3.6753
-3.6387
-3.7875
-3.833
-3.9613
-3.7139
-3.226
-2.7039
-2.0971
-1.3309
-0.52908
0.19158
0.90306
1.6783
2.1327
2.0504
2.4515
3.1968
2.6943
4.6514
7.0512
7.9368
8.5523
8.7423
8.6839
8.0835
7.0373
5.454
3.441
1.5884
-0.22295
-2.1035
-3.9473
-6.0444
-8.516
-10.602
-11.142
-10.108
-7.2862
-2.7346
-1.1349
-1.6929
-1.9268
-2.4027
-2.9282
-2.9835
-2.8364
-2.4728
-2.1634
-1.7456
-0.9041
0.11869
1.1789
2.466
3.6941
3.8796
3.3403
2.254
1.2331
2.6432
4.8185
6.1889
7.2836
7.8935
7.9533
7.5295
6.927
5.9517
4.4515
3.0792
1.6181
0.027862
-1.8373
-3.7101
-4.9869
-5.5596
-6.3474
-6.508
-5.6241
-2.0016
1.4165
0.55946
-0.83588
-2.0581
-2.9006
-3.2294
-3.6482
-3.7898
-3.7811
-3.4723
-2.8937
-2.1516
-1.3196
-0.50704
0.48142
1.5435
2.0362
1.5197
1.895
3.5954
5.9768
8.6783
9.0782
9.1453
9.0224
8.4973
7.7
6.9278
5.6886
3.8584
2.0316
0.19628
-1.5332
-3.1077
-4.4727
-5.463
-6.1868
-6.8915
-7.7173
-7.5633
-5.8946
-1.8521
-0.041394
-1.056
-2.0016
-2.8086
-3.3547
-3.588
-3.657
-3.6452
-3.4478
-2.8401
-2.1817
-1.3405
-0.59444
0.24476
0.88726
1.2589
1.5636
2.6363
4.1799
6.0954
8.0212
8.993
9.4639
9.5808
9.1475
8.3779
7.3434
6.1526
4.6216
2.9569
1.4612
-0.20757
-2.1741
-4.2172
-6.8205
-8.9341
-10.201
-9.7669
-7.5594
-4.9631
-3.6512
-3.5165
-3.0682
-2.9612
-2.862
-2.7823
-2.7866
-2.917
-2.808
-2.4487
-1.8208
-1.0729
-0.25255
0.42676
0.96626
1.5645
2.9192
5.1743
7.1088
9.1804
10.195
10.475
10.225
9.5951
8.6579
7.6213
6.2374
4.4567
2.5835
0.8516
-0.87835
-2.4522
-4.1824
-5.5249
-6.7659
-8.2874
-10.053
-9.9885
-7.6909
-4.3913
-1.8394
-2.0564
-2.4854
-2.9224
-3.1891
-3.3934
-3.4698
-3.4324
-3.0333
-2.4085
-1.5798
-0.68248
0.45393
1.7044
2.3133
3.0954
3.8829
4.4367
5.6635
6.5989
7.0213
7.5516
7.958
8.1857
8.3168
7.9801
7.2477
5.9418
4.4458
2.7839
0.82801
-1.5976
-4.1773
-6.8451
-9.7275
-12.331
-13.023
-11.126
-6.9027
-1.206
-1.407
-2.5626
-3.4708
-4.438
-4.7289
-4.6177
-4.5908
-4.1732
-3.4153
-2.68
-1.8782
-1.1286
-0.3503
0.67062
1.7487
2.4932
2.8954
4.0759
4.9579
6.8616
8.7601
9.18
9.9136
10.213
9.65
8.7939
7.6187
6.0019
4.1208
2.2133
0.28567
-1.5614
-3.5777
-5.7929
-8.1671
-10.671
-12.075
-12.353
-10.807
-6.4032
-2.2166
-2.1299
-2.5586
-2.6891
-2.9218
-2.7637
-2.3258
-1.7919
-1.2071
-0.59162
-0.041453
0.48774
0.89804
1.3883
1.8668
2.1125
2.2523
2.62
4.6432
5.9002
7.7715
9.2475
9.3964
9.4076
8.97
8.2645
7.5624
6.6642
5.4687
3.9705
2.5022
0.98699
-0.60232
-2.2631
-4.4796
-7.2888
-9.9942
-12.349
-13.155
-10.898
-6.6794
-4.48
-4.159
-4.4398
-5.115
-5.3237
-5.1172
-4.7138
-4.0631
-3.2759
-2.5533
-1.6875
-0.89687
-0.096838
0.7394
1.3789
1.7135
1.763
2.9077
4.4441
5.4951
7.249
8.4424
9.0116
9.3964
9.3315
9.2492
8.9787
8.2069
7.0841
5.4959
3.819
2.155
0.5035
-1.5214
-3.8466
-6.5201
-9.7669
-11.858
-11.371
-9.3146
-6.2872
-3.4562
-2.9411
-3.1796
-3.1843
-3.2938
-3.103
-3.0159
-2.8701
-2.9093
-2.9459
-2.5349
-2.1355
-1.2378
-0.23244
0.8819
1.7997
2.0495
1.9396
3.341
4.538
6.7525
9.0137
9.405
9.3981
8.8982
8.1338
7.3187
6.3058
5.0181
3.318
1.5703
-0.17353
-1.989
-4.0765
-6.5504
-9.0042
-10.82
-11.079
-10.002
-8.3255
-5.7466
-3.5658
-3.0965
-2.8174
-3.1735
-3.5755
-3.7054
-3.9882
-3.9513
-3.3226
-2.578
-1.7515
-0.69733
0.32832
1.1547
1.8155
2.3777
3.3744
4.8068
6.1898
7.3936
8.3878
9.3315
10.172
10.297
10.048
9.541
8.6021
7.1897
5.4037
3.4698
1.4921
-0.65257
-2.6711
-4.6389
-6.4062
-7.8641
-9.115
-9.9729
-10.036
-8.8895
-5.521
-1.1206
-0.71031
-1.2281
-1.9281
-2.627
-3.0678
-3.1174
-3.1229
-2.9946
-2.4678
-1.674
-0.80576
0.18036
1.2783
2.1877
2.2447
1.0391
-0.62452
-1.5919
-1.3935
1.2259
2.7899
1.8172
0.9112
0.13659
-0.4964
-0.98184
-1.5054
-2.0261
-2.2695
-2.2591
-2.2053
-2.276
-2.789
-3.524
-3.9362
-3.5451
-2.5312
-1.8418
-1.8427
-2.3113
-2.8266
-2.7377
-2.4557
-2.1968
-2.1124
-2.1331
-2.06
-2.1866
-2.5202
-2.335
-1.5819
-0.081472
1.7695
3.8928
6.2136
8.351
10.197
9.8946
8.3562
6.0885
3.7681
4.741
5.4115
5.1657
4.2856
3.4437
2.9387
2.3662
1.629
0.71854
-0.42184
-1.5439
-2.7788
-3.9309
-5.2851
-6.8157
-8.8601
-10.494
-11.211
-10.721
-8.6372
-5.0808
-2.8152
-2.8701
-2.546
-2.0121
-1.2861
-0.28803
0.91865
1.7866
2.5263
3.1626
3.8587
4.4675
4.8951
5.4037
6.2621
6.9832
6.8404
6.469
6.9992
7.2066
8.2411
9.1916
8.8631
8.8501
8.4138
7.8957
7.2364
6.3469
5.0211
3.2569
1.2491
-0.81909
-2.9634
-5.022
-6.6547
-7.8576
-9.4509
-11.089
-12.925
-13.271
-9.979
-4.5203
-3.0702
-3.8649
-3.9999
-4.4376
-4.2631
-3.9094
-3.7143
-2.9968
-2.0403
-1.1037
-0.022378
0.73356
1.1285
1.5016
2.0506
2.4121
2.5376
3.2877
5.3328
6.2127
9.9517
11.51
11.994
11.99
11.359
10.184
9.0566
7.6312
5.5786
3.1563
0.68789
-1.7904
-3.9702
-5.9755
-7.5866
-8.9692
-10.554
-12.006
-12.655
-11.848
-8.4705
-3.0636
-1.9724
-2.9896
-2.9748
-2.7971
-2.1931
-1.4298
-0.47207
0.042442
0.47458
0.86939
1.4525
1.6908
1.7963
2.3083
2.6701
3.1099
3.3566
4.7116
5.9898
7.8546
9.3704
10.111
10.193
10.011
9.4237
8.7484
7.8126
6.3859
4.7155
2.89
1.1466
-0.54769
-2.0925
-3.7447
-5.7898
-8.1654
-10.435
-11.994
-11.446
-8.6463
-4.9073
-3.5655
-4.4164
-6.0201
-6.9599
-7.3035
-6.9824
-6.1833
-5.0436
-3.5239
-1.6688
-0.17473
0.77139
1.1484
1.7228
2.3742
3.1178
3.9972
5.4414
6.8079
7.1096
8.5636
8.9432
8.6406
8.3
7.6663
7.0421
6.4759
5.5475
4.3783
2.8593
1.2465
-0.3405
-1.9439
-3.835
-6.1167
-8.3809
-10.439
-11.378
-11.518
-10.339
-8.0896
-4.7783
-3.1405
-2.2667
-1.6735
-1.5422
-1.3034
-0.90739
-0.56453
0.020514
0.38978
0.77373
0.87064
0.8261
0.75477
0.67677
0.47822
0.36445
1.3492
3.123
4.5121
7.7195
9.8327
11.118
12.241
12.283
11.635
10.614
8.9644
7.0793
4.8774
2.6187
0.65114
-1.2152
-3.0824
-5.0163
-7.1611
-9.1973
-10.216
-10.287
-9.0055
-6.0284
-3.5249
-3.6362
-4.5341
-5.1094
-5.1371
-4.8172
-4.1139
-3.382
-2.6093
-1.7513
-0.84857
0.13982
0.8532
1.2986
1.6116
1.7881
1.7981
2.0679
3.7466
5.4479
7.3823
9.3747
9.9141
10.283
10.271
9.9491
9.0397
7.8883
6.3582
4.4134
2.5918
0.7494
-0.97033
-2.9222
-5.3812
-8.1818
-11.578
-14.42
-14.797
-13.005
-10.063
-4.3185
0.069512
0.10627
-0.3101
-0.69451
-1.2207
-1.5321
-1.7085
-1.6729
-1.3361
-1.0514
-0.78117
-0.46302
0.018938
0.53947
0.92388
0.93557
1.677
3.1052
4.4476
7.1343
9.3514
10.358
10.912
10.775
10.03
8.8947
7.4611
5.6907
3.5445
1.2953
-0.92094
-3.015
-5.4102
-8.0156
-11.076
-13.891
-14.228
-13.758
-9.6704
-2.7422
-0.74412
-1.8002
-2.4197
-3.2948
-3.8807
-3.915
-3.8527
-3.2907
-2.335
-1.3729
-0.77745
-0.27205
0.36337
1.1661
2.1848
2.9506
4.2993
6.3452
8.0433
10.546
11.722
11.388
11.291
10.934
10.235
9.0337
7.6849
6.0881
4.39
2.5994
1.0024
-0.60725
-2.3722
-4.6216
-7.2014
-9.9729
-11.82
-11.645
-11.206
-8.0069
-4.0309
-3.5019
-4.2146
-4.0965
-4.2446
-4.1409
-3.7241
-2.9744
-2.0621
-1.1169
-0.50393
0.17562
0.77368
1.4166
2.5198
3.4201
4.4558
5.6288
5.9634
6.3413
7.1542
7.871
8.7791
9.3492
9.4747
8.8384
8.0792
7.0144
5.5375
3.6713
1.6171
-0.34121
-2.4039
-4.3883
-6.7594
-9.5219
-12.309
-13.505
-12.691
-11.64
-5.6596
-1.8485
-1.5678
-1.6603
-2.2509
-3.0684
-3.515
-3.6225
-3.2936
-2.1421
-1.013
-0.04207
0.79606
1.6979
2.8185
4.103
4.9648
5.3661
6.1266
6.4266
7.4901
8.6709
8.883
9.1025
9.2103
8.6112
7.9437
7.3139
6.3712
4.9999
3.3313
1.7076
-0.029941
-1.6287
-3.4249
-5.6725
-8.4779
-10.695
-11.574
-9.9916
-8.0346
-4.5657
-3.2117
-3.2522
-3.5845
-3.9292
-4.2627
-4.312
-4.1947
-4.1627
-3.9412
-3.3568
-2.5305
-1.5783
-0.94907
-0.59829
-0.8387
-1.4149
-0.40946
0.27571
1.7856
3.1869
3.8296
4.2597
4.5458
4.4458
4.132
3.8248
3.0531
1.811
0.82402
-0.067486
-0.28474
-0.3522
-0.67798
-0.76992
-1.0038
-1.6583
-1.7031
-1.3383
-0.22093
0.95319
2.1744
2.8516
2.7409
1.903
1.084
0.93431
1.2137
1.2906
1.3508
1.3304
1.1892
0.9905
0.76065
0.18425
-0.54907
-1.7696
-2.1015
-1.7307
-0.90834
0.068053
0.90817
0.37983
0.080476
1.5318
2.7783
3.6679
3.6768
2.423
0.63859
-0.18103
-0.28053
-0.33371
-0.73001
-1.6434
-2.5433
-3.1405
-2.8955
-2.6121
-2.3544
-2.3513
-2.5049
-2.9939
-3.1938
-2.6721
-1.6419
-0.68551
0.67404
1.7509
1.9731
1.7415
1.4722
0.89531
0.37496
-0.069373
-0.48021
-1.0494
-1.9778
-2.6173
-2.8734
-2.8066
-2.4799
-1.1942
0.067322
0.88016
1.4765
1.6076
1.7249
1.5671
1.2363
0.96613
0.62508
0.31434
-0.12223
-0.59435
-0.86679
-0.56899
-0.024043
0.4638
0.53531
0.1992
0.17531
0.21454
0.33337
0.49259
1.223
1.8994
2.2162
2.0587
1.5012
0.80121
-0.15818
-1.0017
-1.726
-2.1743
-2.8635
-3.6349
-3.9272
-3.4471
-2.9383
-2.3449
-0.99188
-0.048164
0.32941
0.72386
1.2779
1.3396
0.94626
0.98349
1.223
1.2068
1.0129
0.7894
0.54176
0.067746
-0.28375
-0.36129
-0.65486
-1.3088
-1.5945
-1.0209
-0.6372
0.080493
1.1611
2.351
2.53
1.7149
0.73927
0.46099
0.75239
0.87614
0.70482
0.054401
-0.565
-1.2748
-1.7967
-2.0553
-1.9788
-1.6123
-1.061
-0.025196
0.34431
-0.2414
-0.43822
-0.6008
-0.45216
-0.26504
-0.34881
-0.43484
-0.60154
-0.81437
-1.1484
-1.4242
-1.4182
-1.1107
-1.0767
-0.69902
-0.15491
0.45164
0.90947
1.2305
1.7714
2.6286
2.9287
2.8128
2.4918
2.1923
