8.2547
7.1643
7.4409
5.2767
4.0745
2.5961
1.303
1.0617
1.1725
0.99553
0.74299
0.53965
0.30595
0.5232
1.0184
1.5319
2.6975
3.3914
4.1479
3.4758
3.324
3.7628
5.1933
2.8152
0.62091
-0.69057
-2.5711
-4.0807
-5.5781
-6.1765
-6.2105
-6.2119
-6.4239
-6.9251
-6.9504
-6.6878
-5.9578
-4.5282
-2.0154
2.1311
13.06
5.514
9.6332
6.2923
4.2086
3.0704
1.3625
0.29762
0.33377
-0.21125
-0.41602
-0.62713
-0.28992
0.0016017
0.6845
1.8619
2.7632
3.731
4.5982
4.992
5.0572
4.341
5.5798
5.4465
3.2537
1.6579
-2.0233
-4.0573
-6.2148
-7.8052
-8.6892
-9.6455
-8.9507
-8.1695
-8.319
-7.8937
-6.5535
-6.1838
-4.3983
-0.79157
2.5302
6.7176
10.902
9.8732
7.1784
6.5695
4.547
4.2637
3.0842
1.7405
0.39415
0.16461
0.22131
0.49566
0.23775
-0.53327
0.60632
0.72649
1.1774
2.3258
3.2855
4.2507
4.5754
4.0537
4.6519
5.5303
3.8774
2.1771
-0.18602
-1.5852
-3.394
-5.3757
-6.068
-6.4022
-6.2401
-6.1321
-6.1765
-6.3882
-5.8333
-4.5529
-3.3684
-1.3752
0.72059
6.5644
5.6995
8.0916
7.2745
6.3202
4.8306
3.9576
2.8088
1.0987
0.6845
0.91137
0.86167
1.0122
0.60787
1.0272
1.316
1.6516
2.3825
3.1817
3.3256
3.5477
3.6649
4.2142
4.4902
3.2703
0.35876
-0.5955
-2.2904
-3.9635
-5.4693
-5.9514
-5.9179
-5.7217
-5.4822
-5.4311
-4.8155
-4.9479
-4.3252
-2.8815
-0.69796
3.4791
8.6356
9.2632
9.4437
6.558
4.6263
3.6084
2.3235
1.0424
0.82673
0.42856
0.22144
0.051578
-0.44776
-0.10274
0.28661
1.0263
1.6543
2.4615
3.3141
3.774
4.1945
2.9189
4.8045
4.5138
1.516
-0.44453
-1.331
-3.3897
-4.8663
-5.446
-5.5039
-5.22
-4.3823
-4.6516
-6.1299
-6.0056
-4.6148
-3.9837
-2.1674
0.2034
5.9829
6.6805
8.7286
7.616
6.7615
4.3986
3.3599
2.29
0.89942
1.1321
1.0187
0.88675
0.77687
0.4086
0.65155
1.1074
1.579
2.3108
3.2008
3.9486
3.9258
4.1982
3.5466
4.4742
1.8218
-0.13718
-2.0139
-3.3557
-5.5994
-6.1602
-6.2406
-5.6008
-5.6663
-5.6034
-5.2596
-5.3942
-5.1896
-2.3567
0.99705
5.9486
8.2755
9.22
6.66
6.6665
3.8327
2.9262
1.8175
0.83615
0.69897
0.7819
0.71547
0.90937
0.21721
0.2769
0.44349
0.67871
1.5136
2.6105
3.1219
3.5935
3.7836
3.5994
4.1566
2.8007
2.0497
-0.64006
-1.8964
-3.6874
-5.0325
-5.4431
-5.7009
-5.4446
-4.4304
-4.9349
-6.3176
-6.5161
-4.897
-4.2713
0.57675
7.4873
4.7699
4.92
6.3823
6.7739
4.7626
3.5733
2.4912
0.77569
0.36514
0.71162
1.1701
0.94586
0.6994
0.90342
1.1418
1.7222
2.0199
2.7317
3.0072
3.7844
4.0461
3.8238
5.3358
2.9785
-0.88562
-1.0315
-3.2275
-3.7332
-3.9033
-3.9022
-3.8226
-3.9272
-3.6537
-4.4067
-4.6623
-4.0399
-2.6941
-2.6512
0.41304
6.0883
4.0883
5.7793
7.3178
7.1202
3.7369
2.7485
1.8435
0.53226
0.10929
0.20118
0.75753
0.77425
0.53951
0.73119
0.922
1.57
1.9606
2.3224
2.5945
2.7633
2.1995
2.9951
3.1379
-0.20381
-1.7705
-1.9506
-3.8131
-4.2904
-4.4329
-4.5197
-5.0263
-5.3793
-4.8877
-4.3396
-3.8434
-3.0086
-1.5462
1.0988
5.8873
3.912
5.9469
6.6564
7.7796
4.8045
3.672
2.1664
0.59404
0.88037
0.95452
1.1026
1.461
1.182
1.0799
1.2899
1.9005
2.4223
3.1983
2.9875
3.756
4.3795
3.5019
2.1423
-0.21188
-1.274
-2.5024
-2.8717
-3.4035
-3.3838
-3.4575
-3.4507
-4.0354
-5.5131
-5.5713
-5.1983
-4.7882
-3.8218
-0.68717
3.3836
8.2727
7.3271
8.4315
6.2566
5.7695
4.28
2.672
0.96666
0.20072
0.03609
0.39421
0.32616
-0.023557
0.04807
0.44936
1.2012
2.1264
3.1022
4.217
4.2274
3.5775
4.0008
5.3827
4.1271
0.042727
0.49557
-2.1973
-3.6981
-4.4062
-5.259
-5.2447
-4.994
-4.802
-5.3743
-5.9207
-6.4559
-6.2982
-3.8513
-2.7545
0.24467
4.8666
10.256
7.3445
9.1792
7.3307
4.9001
3.2042
2.06
0.70569
0.31235
0.24828
0.41538
0.29521
-0.39705
-0.20013
0.40742
0.96391
1.7929
2.6948
3.7546
4.4441
4.7109
3.2514
4.9852
4.436
2.2557
0.20218
-1.1371
-3.0429
-4.4815
-5.019
-5.3071
-4.9754
-4.3382
-4.115
-5.1134
-5.0032
-5.3608
-5.0097
-3.2514
0.44824
4.6108
6.8978
8.533
6.5549
6.6819
3.6143
2.8666
1.717
0.53313
-0.28891
-0.25989
0.053096
0.012524
-0.29172
0.16865
0.55508
1.2116
1.9141
2.8216
3.7251
4.1751
4.2173
3.7161
4.3382
3.4654
1.9043
0.8375
-0.4348
-2.1946
-3.7265
-4.3623
-4.5706
-4.4385
-4.2558
-4.5386
-5.0639
-4.6049
-4.4177
-4.3123
-1.3904
4.5015
8.9571
8.029
8.8295
6.6482
5.5089
3.9665
2.3663
0.68008
0.029015
-0.098527
0.18137
0.23492
-0.43713
0.031219
0.27555
0.71933
1.2852
2.3548
2.9223
2.9063
2.7409
3.1025
4.3584
3.4398
0.88025
0.10815
-2.7904
-4.8318
-5.024
-5.5674
-4.8455
-4.1217
-3.808
-4.4585
-5.9761
-5.0656
-4.8492
-3.3048
0.94249
11.339
3.3228
5.9092
6.5346
6.6918
4.2423
2.7073
1.2242
0.37068
0.22858
0.64663
0.43561
0.44413
0.18141
0.7453
1.0876
1.6965
2.9335
3.2919
2.551
2.7212
3.5472
4.2198
4.4874
-0.082139
-0.70614
-3.6672
-5.7878
-5.8651
-5.9651
-5.6613
-5.1027
-5.7647
-6.3963
-5.8654
-4.2499
-3.5435
-4.4112
-1.5864
0.12645
4.9872
11.135
7.9626
7.8533
6.5383
5.1311
4.1363
2.6729
1.2417
0.1983
0.028826
0.084363
0.38724
0.63342
1.0361
-0.83547
1.323
1.4615
1.9407
3.0412
3.7883
3.8066
5.2439
4.0498
5.7265
3.3658
2.625
-0.94479
-2.7267
-4.7629
-6.2204
-6.9138
-7.6573
-7.8943
-6.4357
-5.5379
-5.8044
-5.9581
-4.6561
-3.8142
-2.8573
-0.23104
1.4087
5.6194
5.6742
9.9039
7.1665
6.0194
4.2811
3.2084
1.4149
0.27345
-0.068014
0.43092
0.4884
0.27334
0.42943
0.73779
1.2945
2.3451
3.1249
3.5961
3.6793
3.0805
3.8811
5.7352
2.6842
0.90254
0.89644
-0.90134
-2.3003
-2.4856
-2.6104
-1.9724
-1.6574
-2.0913
-3.3881
-4.6507
-4.5169
-4.0548
-2.8604
-0.61495
3.9027
8.4647
6.9147
6.1855
6.0717
4.1453
3.1646
1.831
0.34254
0.21647
0.40748
0.86586
0.51725
0.47637
0.95297
1.169
1.9427
2.1489
2.5836
2.8047
2.5698
2.3692
3.2467
3.4131
2.3233
1.7082
-0.73448
-2.276
-4.1057
-4.861
-5.1694
-5.3951
-5.2216
-5.1008
-6.3896
-6.7348
-5.0434
-3.8673
-2.2051
0.3469
4.2727
3.5204
8.9124
7.2871
6.8065
5.1185
4.5782
3.184
1.6945
0.81034
0.78153
0.82926
1.1239
0.61276
0.33566
0.62105
0.746
1.2576
2.2845
2.5597
2.074
2.44
2.9852
4.2957
2.3569
-0.56624
-0.20936
-2.8587
-4.5782
-4.9009
-4.931
-4.4394
-3.9947
-4.203
-5.0923
-5.9123
-5.0538
-5.0448
-3.4342
-2.5526
0.13572
5.8935
6.0725
7.668
6.312
6.6949
3.6067
2.8475
1.724
0.71061
0.34535
0.30876
0.54718
0.53639
0.19353
0.41271
0.88694
1.6725
2.2824
3.0746
3.5533
3.7192
3.9688
3.7765
3.8772
2.92
2.2399
-0.38541
-1.5152
-3.32
-5.0952
-5.8319
-6.0661
-6.1122
-4.8911
-5.1182
-6.2935
-6.9262
-5.9865
-4.3005
-2.0025
0.54108
12.839
2.4775
9.0521
5.9888
6.6805
3.907
3.148
2.0805
0.94384
0.591
0.63876
0.54173
0.19985
-0.082302
0.12554
0.27628
0.78611
1.4005
2.1721
3.0398
3.627
4.6319
4.3927
4.7089
4.9996
3.5168
0.68042
-0.3001
-1.374
-3.0403
-4.0292
-4.5136
-4.2201
-3.8805
-3.5486
-4.4489
-5.0305
-3.9933
-3.6632
-2.0475
0.67508
5.9581
3.7203
6.321
5.3667
5.9283
3.6911
2.7243
1.4901
0.43682
0.084728
0.13832
0.48748
0.45144
0.20335
0.55969
0.98949
1.5617
2.1089
2.3932
2.859
3.0038
2.2865
3.8558
3.4639
1.669
-0.0054645
-0.29209
-1.7862
-3.2028
-3.4164
-3.6326
-3.8336
-3.2545
-3.505
-4.38
-4.5976
-3.6534
-3.2722
-1.2475
2.9689
7.582
5.0923
7.4367
5.5789
5.1775
3.394
2.1877
0.82209
0.016025
-0.27597
0.19203
0.1872
-0.032992
0.095747
0.29658
0.90507
1.4784
2.1357
2.9386
3.977
3.5283
2.1045
4.4067
3.4063
0.83893
-0.20211
-1.1341
-3.53
-3.9885
-4.271
-4.5639
-4.4073
-4.4205
-4.4998
-3.8142
-2.9223
-4.4939
-3.3945
-0.85847
4.3671
5.026
7.4474
6.5465
6.3123
4.4944
3.6624
2.6559
1.1859
1.1319
1.0844
1.2186
1.0485
0.55123
0.90822
1.1943
1.7911
2.432
3.2017
3.9244
3.7895
3.0693
4.2867
3.9129
2.4252
-0.79989
-0.89546
-2.8641
-4.3008
-4.6881
-5.0566
-5.1806
-5.1154
-5.4437
-6.3072
-6.2878
-4.2299
-2.5307
1.6305
5.6292
5.1508
5.5924
6.7185
5.9677
3.9531
3.3299
1.9766
0.55789
0.13697
0.022135
0.78294
0.6411
0.39249
0.7568
1.1205
1.7826
2.2446
2.6479
3.0659
2.7565
2.5519
2.3347
5.2481
2.9271
-1.4829
-1.4631
-2.9678
-3.8136
-4.1268
-3.8052
-2.9883
-3.0308
-3.2914
-3.8342
-4.538
-4.4779
-3.3414
-2.3452
-0.75058
1.0677
10.77
4.802
7.4831
5.3777
6.6808
3.8937
2.8551
1.663
0.76658
0.39702
0.42887
0.7019
0.45883
0.44807
0.36857
0.76902
1.3211
1.7629
2.356
3.2357
3.5089
3.4524
2.9816
5.1632
2.9251
-0.15845
-0.3593
-1.4065
-3.4819
-4.3854
-4.5515
-4.3972
-4.1214
-3.7706
-4.0188
-5.4583
-5.4648
-4.5234
-3.9134
-2.9313
-0.64343
1.7237
6.1116
5.4929
7.1775
6.3092
5.6675
4.4672
3.6562
1.8028
0.638
0.57037
0.66021
0.95387
0.81065
0.18378
0.46018
0.55221
0.92132
1.4921
2.0352
2.5946
3.6807
3.1258
3.6379
4.5526
2.1144
-0.56582
-1.3644
-3.2523
-4.7168
-5.6436
-6.0208
-6.1065
-5.5129
-5.0066
-5.8325
-5.9157
-4.9892
-3.2419
-1.5341
-0.48028
1.1957
6.8866
6.3056
8.1346
6.7598
6.547
4.0756
3.539
2.6067
1.2093
0.72112
0.54704
0.67429
0.82089
0.28956
0.41091
0.56014
0.84284
1.4105
2.3922
3.4426
4.1324
4.147
3.6492
4.0624
4.0627
2.4917
-0.060677
-1.6754
-2.8143
-4.0343
-4.6336
-4.8922
-4.8216
-4.2297
-4.6443
-5.7467
-5.123
-4.6474
-2.9881
-0.78617
2.5316
8.8301
8.8545
6.6291
6.5088
5.0954
4.0261
2.5414
0.6967
0.41417
0.45127
0.58446
0.63078
0.3243
-0.49493
0.054786
0.80818
1.2518
1.6315
2.0596
2.3718
2.7367
2.2946
2.8599
4.3019
0.7198
-0.65911
-0.96714
-3.385
-4.0405
-4.2105
-4.3264
-4.2291
-4.1841
-4.6325
-4.9976
-5.0668
-4.1777
-2.8722
-2.0595
-0.30134
3.8471
5.982
6.041
7.6467
6.2977
5.1221
3.8187
2.6192
1.0509
0.6547
0.48647
0.9433
1.1432
0.67331
0.59387
0.67626
1.1027
1.594
2.3665
2.8046
2.8138
3.0769
3.4651
3.4294
0.25315
-0.87056
-1.8663
-3.4513
-3.7701
-3.8134
-3.6666
-3.5741
-3.5407
-4.5917
-5.5325
-5.1368
-3.7147
-3.1488
-1.3775
0.0054024
2.5993
9.971
5.394
7.3737
6.0469
5.347
4.1265
2.7839
1.744
0.52509
0.089546
0.042693
0.35249
0.47882
0.2493
0.15901
0.070347
0.43491
0.92725
2.0229
2.9448
3.3254
3.8384
3.5179
3.2124
3.6973
1.8649
0.12528
-0.95843
-1.8921
-2.7597
-3.1837
-3.0246
-2.323
-1.3489
-1.5749
-2.8337
-3.3186
-3.8128
-3.6956
-1.4536
1.5336
8.5394
6.1777
6.2926
5.5882
5.5292
3.7411
2.8798
1.723
0.56284
0.4357
0.30513
0.61434
0.080824
0.10831
0.30381
0.76335
1.195
1.7891
2.3719
2.9934
2.5174
2.4049
3.1339
4.7845
1.9323
0.55309
-0.07783
-2.3217
-3.6343
-3.4089
-3.5233
-3.5171
-3.4645
-3.6953
-5.4625
-6.4335
-6.7525
-6.8349
-5.0417
-2.3147
1.29
6.9762
6.0914
7.8038
6.6268
5.5427
3.9519
2.749
1.6505
0.54836
0.47092
0.47446
0.64593
0.49436
0.3991
0.96073
1.3425
1.7252
2.3971
2.9805
3.1044
2.8863
3.1952
3.4336
3.4294
2.9034
0.67907
-1.2071
-2.5845
-4.5122
-5.2261
-6.041
-6.5234
-5.4715
-5.5505
-6.1715
-5.9803
-4.9361
-3.6121
-1.7623
-0.88759
1.6734
6.884
7.8864
7.6565
7.0788
4.4944
3.8715
2.4948
1.0485
0.84368
0.44121
0.4784
0.27204
-0.036053
0.021068
0.20931
0.71694
1.2804
2.3828
3.1567
3.2902
3.8139
3.1517
3.3085
4.4815
0.92607
-1.5975
-2.4271
-3.7507
-4.7207
-5.2219
-5.1789
-5.1025
-4.2476
-3.5067
-4.0124
-4.2277
-3.6416
-2.7155
-0.45594
0.91736
7.8752
3.5491
5.6849
6.0416
6.3199
3.905
2.9102
1.5301
0.39258
-0.12276
-0.2444
0.23219
0.066853
-0.050356
0.035148
0.38558
0.94193
1.4868
2.3071
3.1168
3.5893
4.072
2.5604
4.1569
4.1231
0.97625
-1.0458
-1.9418
-3.202
-4.644
-4.7508
-4.5945
-4.2803
-3.7375
-3.5216
-4.1051
-3.5868
-3.0572
-2.0364
-0.69147
1.4855
6.7264
5.2908
6.8526
5.8358
6.0124
3.0125
2.0158
0.8337
-0.00054729
-0.26102
-0.2981
0.21004
0.14151
-0.07001
0.18818
0.36998
0.94946
1.742
2.5646
3.0392
2.8725
2.043
4.6252
3.0659
-0.31185
-0.83145
-1.8134
-3.3875
-3.6869
-3.6942
-3.4572
-2.9257
-2.5702
-2.7064
-3.4623
-3.5547
-3.8372
-3.374
-1.8006
-0.13716
5.311
5.8044
6.5889
6.3525
6.0762
3.4089
2.7849
1.3778
-0.024947
-0.34285
-0.075694
0.31145
0.17823
-0.040242
0.16821
0.77709
1.7672
2.4372
3.1092
3.5269
3.8566
2.9327
3.5235
3.2261
1.8899
-0.35387
-1.6336
-3.0895
-4.9383
-5.1874
-5.4066
-4.5479
-4.0034
-4.4132
-4.6074
-3.9772
-4.2932
-3.08
-1.3449
1.2103
6.3368
8.9375
8.8573
7.019
6.4118
3.7906
2.4799
1.513
0.52219
-0.045484
0.06768
0.37875
0.1848
-0.20077
-0.094173
0.34162
0.85881
1.3665
2.2324
3.3841
3.9654
3.2475
3.546
4.712
1.9632
0.51651
-0.34597
-1.8029
-3.5311
-3.9699
-4.0135
-3.8999
-3.2933
-2.8306
-3.528
-4.6699
-5.3127
-4.4632
-3.1913
-1.1288
1.2036
8.1509
4.7924
7.1137
6.2566
5.6796
3.8229
2.804
1.651
0.58873
-0.22885
-0.32275
0.15947
0.20085
0.061293
0.0059899
0.14444
0.89079
1.815
2.834
3.451
3.6978
3.2433
2.6269
4.3095
3.1663
0.86443
-0.69001
-1.2754
-3.0268
-4.4925
-4.4427
-4.289
-3.5539
-2.8703
-2.4987
-3.4839
-4.4335
-4.7705
-4.3553
-2.5065
-0.006009
2.9004
7.2661
5.46
7.1233
6.4377
5.0547
4.3413
2.9082
1.799
0.46845
-0.0014304
0.39629
0.76101
0.7871
0.15046
0.41133
0.85647
1.2525
2.0617
2.8635
3.2748
4.1793
3.4266
3.6838
4.6541
2.6894
-0.67086
-1.6076
-3.1235
-4.6119
-5.0468
-4.5855
-4.0989
-3.3855
-2.8736
-3.5812
-4.2825
-4.5577
-4.628
-3.0131
-1.2648
-0.27694
3.6194
9.9907
6.0157
8.018
5.9126
4.3761
3.8134
2.6948
1.048
0.34153
0.2166
0.56742
0.42566
0.44245
-0.035547
0.2915
0.87213
1.311
1.9826
2.8568
3.8207
3.9086
3.6247
3.2528
5.236
3.5933
1.1337
-0.37346
-1.6869
-3.7509
-4.6614
-4.4284
-4.6909
-4.0186
-3.2141
-2.997
-4.029
-4.2974
-2.9962
-2.1937
-0.22566
0.59334
5.0904
5.9033
7.3209
6.7382
6.2634
3.6804
2.6283
1.5566
0.048742
-0.0019845
0.10043
0.39145
0.41608
0.28197
0.42243
0.69886
1.0017
1.4271
1.8404
2.3127
2.6967
3.0732
3.5843
3.8572
2.2777
0.92672
-0.63413
-1.8467
-2.717
-2.7738
-3.0819
-2.8557
-2.5554
-2.9293
-3.8446
-4.0604
-4.1335
-4.2713
-3.0648
-1.5208
3.3487
7.3577
7.1202
8.0773
6.8897
4.0323
2.9633
1.2525
0.013996
0.27083
0.42738
0.41085
-0.025527
-0.22272
-0.11995
0.37296
0.98892
1.5694
2.1673
2.7198
2.6803
2.8745
2.7387
2.5234
4.816
1.9281
0.7426
-0.64717
-1.9789
-3.5047
-3.645
-3.5829
-3.5081
-3.2734
-2.7926
-3.347
-3.837
-3.1601
-2.0797
-1.6123
-0.15543
0.39294
5.0735
4.6094
9.0662
7.7757
6.4883
4.5675
3.3484
2.3223
0.98676
0.89254
0.77717
1.0121
0.5946
0.4513
0.61394
0.61521
1.1011
1.4585
1.9029
2.6858
3.2942
3.7431
2.7076
4.1164
3.4297
1.4149
-0.74634
-1.3314
-3.519
-4.4767
-4.5726
-4.7027
-4.6187
-4.3814
-4.6218
-5.0049
-4.2746
-2.4986
-2.1235
-0.32779
-0.68416
2.4242
4.2372
9.4909
10.652
7.4817
5.2394
3.4845
2.2061
1.3022
0.67053
0.46443
1.066
0.7281
0.46257
0.42718
0.69377
1.1789
1.6116
1.9351
2.6261
3.9862
4.3047
3.1452
2.9948
4.8197
2.1543
-0.95334
-1.0406
-2.6902
-4.7005
-5.3861
-5.3495
-4.8596
-3.9519
-3.5036
-3.6247
-3.3355
-2.0991
-2.5425
-0.33422
0.013006
1.7853
6.6117
4.1571
8.4843
5.8952
5.5592
3.0892
2.4387
1.2915
0.50187
0.44708
0.65855
0.72624
0.66105
0.64363
0.72509
0.95893
1.3939
2.0516
3.2093
3.4451
3.4639
2.6581
3.9089
3.6734
0.01459
-0.7853
-1.6634
-3.0721
-3.4833
-3.261
-2.9318
-2.3986
-2.5879
-3.5708
-3.6408
-2.9127
-3.288
-2.6691
-0.89588
2.9549
6.3339
5.3712
6.7314
6.0365
5.7389
3.1657
1.9176
1.0383
0.26668
0.07706
0.50578
0.53892
0.52186
0.56171
0.82729
1.0563
1.5576
2.1959
2.8618
3.3251
3.1623
2.5202
3.532
2.3451
0.55528
-1.0349
-1.5951
-3.1511
-3.8676
-3.7883
-3.6304
-2.981
-2.6994
-3.5511
-4.2994
-3.3256
-1.6872
-2.388
-0.16991
2.0247
6.5836
5.2922
8.5788
5.6911
5.4558
3.0283
1.9138
0.91578
0.65147
0.36
0.71117
0.46732
0.34907
0.18547
0.52365
0.83947
1.3127
1.9886
2.845
3.5306
3.6528
3.7425
3.3234
4.2356
2.1426
0.61012
-1.3437
-1.7403
-3.907
-4.766
-5.0642
-5.0687
-4.6308
-3.9837
-4.4357
-4.3966
-3.6708
-4.3761
-2.9524
-2.0935
0.6034
5.4153
7.7057
6.2656
8.4402
6.7859
4.9999
3.0364
2.0138
0.64211
0.34283
0.20933
0.39983
0.30103
-0.14602
0.19714
0.56498
1.0744
1.605
2.3467
2.9591
3.3782
4.1082
2.9178
4.2142
4.4394
1.686
-0.70257
-1.4465
-3.2335
-4.583
-5.053
-5.9443
-6.5844
-6.1619
-5.0693
-4.8416
-4.2375
-2.7797
-1.5757
-0.38392
1.7068
6.8149
4.7266
6.9985
6.522
5.6624
3.6818
2.5959
1.7975
0.70173
0.6384
0.79803
0.86476
0.76565
0.53476
0.80427
0.94668
1.1704
1.8241
2.6281
2.877
2.9852
3.0822
3.0878
3.1966
3.86
1.6291
-1.7066
-2.2374
-2.9793
-4.5332
-4.8394
-4.5476
-4.2729
-5.241
-6.0171
-4.4278
-3.2551
-0.8807
0.46367
3.1657
8.0944
6.1673
7.0364
5.9345
4.1644
3.1418
1.5149
0.3794
0.127
0.33734
0.50049
0.51879
0.38749
0.43789
0.56447
0.8502
1.5136
2.5427
3.0223
3.3467
3.1823
2.7682
4.3733
3.0176
1.6523
-0.63404
-2.2766
-3.3658
-4.626
-4.972
-5.1269
-4.8922
-3.7791
-3.833
-5.1882
-5.5545
-3.9413
-2.2375
-0.20968
8.82
1.3693
6.4157
4.6027
6.9678
3.9008
2.6428
1.4015
0.13229
-0.15567
0.14513
0.31854
0.29852
-0.012818
-0.0471
0.3478
0.77307
1.305
2.6196
3.3316
3.0814
2.5921
2.6195
5.028
0.442
-1.5557
-1.4899
-3.2045
-3.41
-3.4662
-3.6765
-3.1913
-3.035
-3.4319
-4.3382
-4.8121
-4.7986
-4.1928
-2.9692
-0.48613
1.3658
4.7851
7.8198
7.5196
7.3091
6.1043
3.8592
2.9495
1.3385
0.30614
0.047328
0.02339
0.32925
0.31311
-0.099221
0.14419
0.539
0.85895
1.7495
2.4308
2.9549
3.4749
2.4614
3.1084
4.2682
1.2837
-1.4378
-1.5625
-2.4771
-4.2437
-5.0246
-4.9959
-5.2166
-3.9019
-2.9833
-3.4454
-3.8887
-3.975
-4.183
-2.366
-0.44486
2.859
6.811
6.0439
8.0649
6.5532
5.6706
4.2195
2.7879
1.604
1.1748
0.7227
0.68649
0.49574
0.15582
0.17051
0.26209
0.70994
1.1797
2.2325
2.8413
3.2267
3.148
2.7256
5.1519
3.9983
0.1612
-0.12939
-1.0396
-3.7847
-3.7285
-3.5438
-3.0198
-2.4135
-2.1103
-2.8961
-3.8271
-4.0315
-3.0763
-2.7395
-1.3541
0.69824
5.1885
8.2462
6.965
7.2436
7.1058
5.1294
4.3609
2.818
1.6913
0.80838
0.57642
0.80191
0.81658
0.70229
0.34884
0.68464
0.7686
1.0927
1.7185
2.2901
2.7887
3.1137
3.2205
3.6509
4.5602
3.4687
0.91131
-0.16186
-1.9931
-3.2686
-3.7827
-4.5271
-4.2637
-3.5705
-3.4701
-4.4239
-5.4774
-5.1084
-4.594
-3.6987
-1.6544
1.4105
8.6721
3.4055
7.9474
5.0364
5.9112
2.9583
2.0985
1.3376
0.56559
0.29743
0.24757
0.33287
0.22645
-0.095443
0.031056
0.35685
0.86957
1.86
2.8194
3.6441
3.1238
2.9751
3.2379
3.2891
1.9048
0.024055
-0.87545
-2.3057
-2.9063
-3.1755
-3.2202
-3.1325
-3.1337
-3.8507
-4.6462
-4.9093
-4.9422
-3.946
-1.3848
2.0229
5.1809
6.5436
6.6642
6.4939
5.7417
3.7717
2.994
2.0177
0.84523
-0.065937
-0.47176
-0.11692
-0.097886
-0.27835
-0.44478
-0.25466
0.1717
0.58814
1.1122
2.1921
3.2725
4.3781
3.9407
3.6773
6.0995
1.5301
-0.19715
-0.77366
-1.9981
-3.1441
-3.8541
-4.2603
-4.7438
-4.4475
-4.1465
-5.2736
-5.1008
-4.4933
-3.7973
-0.9957
0.47561
6.2513
7.6596
7.1823
7.1103
5.9621
4.0104
3.8631
3.191
2.4711
2.0731
1.6522
1.6263
1.6645
1.2273
1.2058
1.1085
1.3808
1.7754
2.3353
2.9442
3.0176
3.1224
2.507
2.2338
1.8171
1.7819
-2.0248
-3.0704
-3.8229
-4.8259
-6.0635
-6.5318
-6.3733
-6.0453
-6.9914
-8.5743
-9.2191
-8.3817
-5.0066
-0.88767
1.777
2.3879
4.294
12.396
7.9921
7.3439
6.8812
4.6072
3.6399
3.1162
1.9214
1.2725
0.62347
0.68295
0.74007
0.67027
0.9146
0.94398
0.97048
1.121
0.4615
1.3163
1.9133
2.443
2.4397
1.5045
-0.88773
-1.0485
-3.2171
-4.9701
-5.9997
-6.1774
-5.6233
-5.1517
-4.3764
-4.9082
-6.12
-5.2534
-4.4686
-2.7213
-2.5618
0.23184
1.542
5.1351
5.6933
11.029
7.3155
6.3075
5.7985
3.4848
1.8092
1.1658
-0.21964
-1.0422
-1.2033
-0.7462
-0.24759
-0.23393
0.2093
0.66569
1.1817
2.0552
2.8644
3.5171
4.2041
3.7403
3.3613
3.3105
-0.11171
-0.47331
-1.2714
-2.2469
-3.3788
-3.4297
-3.5283
-3.329
-3.1202
-3.342
-3.9472
-3.6354
-1.8586
-1.7177
-1.5769
-0.31677
1.7209
6.9349
6.4247
6.9172
9.7361
6.7803
5.2818
3.1266
1.6074
0.41616
-0.35983
-0.057127
0.25343
0.16961
0.10602
-0.0499
0.24858
1.0297
2.0497
3.175
3.9185
4.6462
3.9143
2.7442
4.0571
3.7414
0.025043
-2.2951
-2.1452
-3.5494
-5.8235
-6.0897
-6.1147
-5.067
-4.036
-3.9845
-4.484
-3.8867
-3.3296
-2.8804
-0.11517
0.7516
3.704
5.8752
6.999
8.1006
6.3472
5.428
4.0048
2.5942
1.0608
-0.092396
-0.56138
-0.31056
0.038707
0.099193
0.17326
0.46209
0.73453
0.85985
1.5241
2.4401
3.2742
2.8956
2.2507
1.9525
3.9443
0.90915
-3.4963
-3.0291
-3.616
-4.8343
-4.594
-3.9992
-3.8125
-3.2208
-3.2186
-4.0793
-3.8004
-2.6327
-1.8493
-1.8511
-0.71345
0.85701
5.2916
6.8781
7.0434
8.9959
6.6229
5.0187
3.6163
2.5316
1.3792
0.22135
0.009706
0.0052388
0.07451
0.17009
0.024805
-0.19231
-0.2099
0.18771
1.2922
2.6139
3.0634
3.6059
2.2773
3.2439
3.6548
0.51247
-1.4843
-1.944
-2.4861
-3.6219
-4.0079
-4.3297
-3.9202
-3.3777
-3.4488
-3.6638
-3.2245
-3.1584
-2.5997
-1.9151
-0.23051
3.9398
7.1401
6.707
8.2271
6.6957
5.3723
3.2447
2.1736
0.92767
0.14647
-0.22376
-0.2924
-0.061113
0.12774
-0.022478
0.2172
0.55213
1.1373
1.6811
2.3883
3.1199
3.8707
3.1781
3.2135
4.1181
2.0495
1.5918
-0.66263
-1.6303
-3.4041
-4.5467
-5.1699
-5.6548
-5.0876
-4.5088
-4.4548
-4.032
-3.3034
-2.0446
-2.0302
-1.5476
1.153
1.8258
9.0822
9.329
6.9911
5.6396
3.9573
2.7537
1.825
0.71986
0.71879
0.46283
0.12176
0.082347
-0.13918
0.15251
0.31705
0.90803
1.4959
2.398
3.0718
3.2995
3.227
2.3794
4.6409
1.4438
-1.8275
-1.7469
-2.9653
-3.6981
-4.0942
-4.1619
-4.0995
-3.4167
-2.8326
-3.3217
-3.0426
-2.0122
-2.6453
-1.307
0.061085
4.0717
7.9314
7.1918
8.2176
6.5866
5.0364
3.7369
2.3149
0.68649
0.48385
0.47963
0.65051
0.33791
0.31345
0.47196
0.83896
1.2026
1.6901
2.7697
3.2011
3.1264
2.7438
2.0894
4.0284
2.3993
-2.2297
-2.4266
-3.4659
-4.3519
-4.3126
-4.1569
-3.4735
-2.6802
-2.5917
-2.8545
-2.9254
-2.063
-3.1621
-1.3063
0.45543
2.3256
7.4474
5.95
6.9864
5.9233
5.3673
3.4044
2.2878
0.9991
0.15875
0.066223
0.33495
0.18676
0.15979
0.11425
0.38943
0.81597
1.321
2.1626
2.9734
3.241
3.2585
2.3574
3.5789
3.3557
0.3437
-2.1398
-2.0894
-4.4829
-4.958
-5.3012
-4.834
-3.4921
-3.1755
-4.4073
-5.4195
-5.0555
-4.5999
-2.6731
-0.8165
0.66226
4.9493
6.8759
7.5924
7.1741
6.4006
4.1532
3.7583
2.4801
0.90982
0.36143
0.21203
0.52784
0.44717
-0.0011778
0.29026
0.44655
0.92821
1.4464
1.9501
2.6744
3.2143
3.5556
2.981
4.0346
4.0174
-0.69448
-2.2617
-3.1494
-3.7779
-4.2356
-4.0169
-3.8805
-3.5879
-3.2486
-3.7046
-4.2805
-4.023
-3.2942
-2.6241
-1.1606
0.19453
5.8752
5.6216
6.5717
6.9195
6.6535
3.8957
3.1885
1.883
0.4994
0.49183
0.63438
0.69167
0.66091
0.40177
0.44408
0.64928
1.2012
2.0626
2.589
2.9023
3.2514
2.39
3.3285
3.4763
1.5344
-1.1634
-1.3922
-2.1776
-3.7172
-4.0385
-4.095
-3.5874
-2.9973
-2.9063
-4.0509
-4.8087
-3.4614
-2.3967
0.082738
5.765
3.1902
6.12
6.8585
6.1875
4.633
3.5536
2.3827
1.6697
0.84073
0.81574
0.95831
0.99784
0.50572
0.51986
0.48618
0.76183
1.1452
1.4414
1.9784
2.6175
2.6484
2.7062
2.3889
3.5573
3.1517
0.58991
-0.43427
-1.2677
-3.6725
-3.9933
-4.2364
-4.5788
-4.3795
-3.3791
-4.0453
-4.7699
-5.6149
-6.4048
-5.5604
-2.4804
0.082848
5.8769
13.703
9.4294
5.3729
7.5143
3.9463
3.4876
2.3735
1.6654
1.2629
0.76773
0.56357
0.44197
-0.096967
-0.25318
-0.26698
0.20012
0.66544
1.417
2.4763
3.0791
2.8141
3.6219
3.8476
4.5009
2.5588
1.6471
-0.43339
-1.3514
-2.5905
-3.8142
-4.3536
-4.4107
-3.8833
-3.9786
-3.8344
-4.3854
-4.7086
-4.1425
-0.60349
6.2519
2.2997
8.9521
7.3799
7.2315
4.436
4.1585
2.8548
2.1185
0.85698
0.52543
0.52632
0.619
0.31755
-0.16056
-0.40112
0.026421
1.0701
2.804
3.3858
3.069
2.0972
3.688
4.0548
2.1578
0.66912
-0.27881
-2.3701
-3.6669
-3.9975
-4.1226
-4.1352
-3.8131
-3.8921
-4.1726
-4.7404
-4.3213
-3.3397
0.36121
3.0353
8.9816
6.6876
6.8416
6.4756
6.1358
4.6971
3.3442
2.1288
0.7331
0.61026
0.72812
1.351
0.29136
0.35921
0.02949
0.5085
1.677
2.7944
2.7502
2.5484
2.9405
4.0531
3.0488
0.42954
-0.16257
-1.7054
-3.48
-3.489
-4.0961
-4.0796
-3.5997
-4.4323
-4.8447
-5.0032
-4.4
-3.9646
-1.3321
1.2064
6.2398
10.223
10.308
7.3046
7.6618
4.7061
3.9522
2.7739
1.5693
0.90839
0.9392
1.5731
1.4042
1.3554
0.67081
1.6773
2.9965
3.3661
2.4291
3.1061
4.4039
3.4561
1.6148
0.091952
-0.94027
-2.8087
-3.306
-3.9455
-3.9531
-3.9595
-4.6952
-5.5592
-5.4952
-4.5807
-4.6867
-1.4695
0.7444
8.1687
9.3673
11.09
7.1067
7.8505
4.8871
4.0992
2.9124
1.3267
1.1058
1.1647
1.807
1.1493
1.2016
0.56388
0.90176
2.7029
3.1871
2.9723
3.1719
4.3123
4.8048
2.7681
-0.81481
-0.908
-3.028
-3.9553
-4.2145
-4.2957
-3.8592
-3.9157
-4.1987
-5.1522
-5.1646
-4.775
-2.4496
0.20955
2.8135
4.4843
12.978
8.5237
9.1376
6.6755
5.6728
4.7219
2.9903
1.2407
1.2499
1.6899
2.0058
1.3992
0.042066
-0.53903
0.43944
2.3231
2.3452
2.7129
4.1813
3.641
3.742
1.5492
-1.1816
-2.2451
-3.5056
-4.5819
-5.1039
-4.429
-3.6306
-3.0788
-3.4356
-4.1405
-4.1703
-4.059
-1.7404
0.32439
3.9567
7.9876
12.881
10.407
7.3926
5.7864
4.5029
3.2711
1.8995
1.3113
1.3485
2.6408
3.0437
0.8027
0.64422
0.56663
1.6242
2.4657
2.6896
3.453
4.4259
4.8863
4.3233
1.9274
-0.66468
-1.0026
-2.4731
-3.6565
-4.5175
-4.9271
-4.5178
-4.6878
-5.5772
-6.3595
-6.5985
-4.8208
-3.1075
-0.82035
1.429
7.3436
14.329
11.829
6.7719
9.1373
5.51
4.7005
2.9987
1.243
1.0551
1.4057
0.99168
-0.51561
-0.44042
-0.41777
0.49591
2.1336
2.7366
3.7802
3.2866
2.9136
2.3287
1.1458
-2.4871
-2.7549
-2.9883
-3.7796
-4.4082
-4.054
-3.7113
-3.3001
-3.2481
-3.6332
-3.8226
-4.1119
-3.7172
-1.6367
0.19222
2.5987
9.3361
13.087
10.618
7.4682
7.9306
5.6051
4.4436
2.3832
0.753
0.74378
1.6378
1.2093
0.96838
-0.66367
-0.44028
1.1364
2.3012
2.799
4.002
2.9546
2.0339
1.0675
0.90901
-1.815
-4.0638
-3.3777
-4.6232
-4.6493
-4.6395
-4.3755
-3.9525
-3.6677
-3.8148
-3.846
-3.2472
-3.3459
-2.9063
-0.69436
1.0577
7.0462
11.962
10.304
7.6902
7.6368
4.9692
4.4781
2.5956
0.60363
0.84045
2.256
0.33377
0.75576
-0.26806
-0.23383
1.5404
2.6283
2.6075
4.2541
3.4288
2.2005
2.021
0.05116
-2.6925
-4.1422
-5.0372
-5.8364
-6.3072
-5.867
-5.2039
-4.2724
-4.3567
-4.802
-4.1585
-3.8637
-3.5193
-1.9576
-0.605
2.3972
6.4714
14.688
9.6053
6.0132
9.0606
5.4909
4.4559
2.559
1.1211
1.0195
1.7092
0.78845
-2.5851
-0.35798
1.206
0.37245
1.4627
2.3187
2.89
2.5138
2.0656
1.5077
1.69
1.3294
-3.5536
-5.175
-4.4613
-5.5978
-5.6492
-5.1179
-4.4264
-4.4582
-3.991
-2.954
-2.0755
-3.2076
-3.6714
-1.1113
0.19294
2.8129
6.8112
9.5817
8.8708
5.0907
7.4752
4.9906
5.1401
3.975
2.1839
0.27874
-0.028579
1.5352
-0.8479
3.0839
-1.105
-1.0508
0.08832
0.80506
1.515
2.6637
1.5691
1.0945
1.004
0.27669
-4.2392
-4.3314
-4.3519
-4.954
-5.392
-4.694
-3.7667
-3.0367
-2.9206
-2.8016
-2.6115
-1.8606
-2.3161
-2.3291
0.051649
1.458
8.7744
7.5744
8.4126
5.433
5.3501
3.5056
1.8295
0.14875
-0.28987
0.60332
1.1773
0.025602
-1.4297
0.065861
0.97642
2.3497
3.2669
3.5443
3.1584
2.2237
2.1303
0.78833
-3.8701
-1.9944
-1.3646
-1.4412
-1.4917
-1.4768
-0.9207
-0.83041
-1.0928
-1.5567
-2.1548
-2.1863
-0.50788
-1.3893
-0.44523
1.5188
6.7567
10.758
6.6907
7.7911
7.1649
5.2821
3.4516
1.4729
0.51449
0.64984
1.1507
0.74476
-0.13056
-0.93774
0.80003
2.3819
2.643
2.3687
4.1138
1.9977
1.4074
1.4073
-0.67637
-2.7444
-2.5569
-3.259
-2.7326
-2.2159
-1.3475
-1.4334
-1.994
-2.3613
-3.6056
-4.2139
-1.9228
-1.9662
-0.117
2.419
7.9564
6.9442
6.5875
9.3768
4.2221
3.4437
2.66
1.1128
0.83486
1.1763
0.2895
-0.61734
-1.562
-0.81108
0.47665
1.2444
1.8712
3.0246
2.9557
2.4055
1.956
3.6481
2.5365
-4.9015
-3.8406
-3.4839
-3.5233
-3.1314
-2.273
-1.3442
-1.3713
-1.6955
-1.65
-2.7357
-2.1512
-2.3765
-1.8312
0.32925
6.3958
12.485
8.5819
5.5601
6.1757
4.5268
3.1249
1.2893
0.45453
0.64112
1.4664
0.52062
-0.25343
-0.93675
0.52571
1.7822
2.2971
2.267
4.33
2.9602
1.6436
1.8748
-0.49032
-3.5373
-3.0575
-4.4548
-4.6035
-4.6364
-4.8357
-3.1947
-2.9195
-2.9886
-2.0119
-0.23744
-1.6675
-3.0856
-0.75131
1.6266
9.4839
15.6
7.4246
5.8316
7.0999
4.0236
2.9872
1.4308
0.70097
1.1481
1.3355
0.5984
-0.16314
-0.53012
0.69748
2.2491
2.6697
2.8981
3.0555
4.5276
2.2101
1.2247
-1.5976
-3.2157
-3.0527
-4.3438
-4.208
-3.7999
-2.9762
-2.1396
-2.1036
-2.1918
-0.80829
-0.22861
-1.5499
-1.0528
1.4338
3.88
5.9356
10.813
8.4396
6.3685
5.5199
4.7809
2.7338
0.53127
0.73071
1.1945
0.94223
0.32635
-1.0673
-0.58091
1.1442
2.0695
2.3177
2.7862
2.2813
2.2372
0.79269
1.441
-2.513
-3.7197
-3.7091
-4.4017
-4.2881
-3.3085
-2.426
-1.9847
-2.5138
-2.1364
-0.30308
-0.3435
-2.1596
0.32315
2.0134
8.4509
12.693
7.6278
6.3514
6.764
5.1011
4.0292
1.7967
0.92756
1.3525
1.7232
1.045
0.74603
-0.17339
0.95795
2.4939
2.3167
2.8402
3.9862
3.5696
2.6365
2.5816
-1.2714
-3.745
-2.6611
-3.7318
-4.4188
-4.9178
-4.6772
-3.6025
-3.5213
-3.6239
-2.8155
-2.0144
-2.1193
-2.0385
0.49869
2.797
4.7497
13.105
9.0285
5.9514
5.7091
4.5141
3.2107
1.6537
0.7948
1.0191
1.3626
1.0427
0.0038856
-0.89051
0.25805
1.3767
2.3266
3.0139
3.5244
2.7176
1.961
3.2062
-1.4206
-3.6787
-2.4277
-3.629
-3.8443
-4.2066
-4.3623
-3.9348
-3.9699
-3.803
-2.275
-0.12583
-2.5545
-2.417
-0.53282
2.0968
7.9803
11.289
6.1259
6.1962
7.4699
4.2668
2.6972
1.1303
0.44812
0.89032
1.4046
-0.17922
-0.5168
-0.68551
1.1031
1.4003
2.1507
2.684
3.8836
2.686
2.2848
2.7114
-2.2874
-3.2587
-1.656
-3.3431
-3.6388
-3.8353
-3.9137
-3.7723
-4.9687
-4.38
-2.5627
-1.6543
-0.75966
-1.7368
0.1345
4.0922
5.0949
12.637
9.1331
6.3944
6.2758
3.7152
2.3117
0.48677
0.40082
0.7058
0.42808
0.18974
-0.2718
-1.0283
0.26126
1.7735
2.1575
2.8796
3.1882
1.9807
1.9156
1.9671
-1.8815
-4.1827
-2.438
-3.1013
-3.3723
-2.7456
-2.1765
-2.2276
-2.5218
-2.0966
-0.66907
-0.13205
-0.4452
0.98533
1.8402
5.3425
11.858
9.0041
5.5044
6.2105
4.1096
2.6776
1.1404
0.62342
1.4749
1.3083
0.24697
-1.2247
-0.71741
0.37838
1.3988
1.2935
2.7264
2.1838
2.155
2.0507
3.6171
-0.79657
-4.373
-2.2241
-3.0623
-3.367
-3.1221
-2.0953
-1.9352
-2.289
-2.7306
-1.6058
-0.88453
-1.1292
-0.58808
0.022996
4.3196
9.9129
6.423
5.0344
8.3134
4.8846
3.7082
1.5753
0.5912
0.98072
0.81096
0.29383
-0.71235
-1.2588
-0.47772
1.1667
1.63
2.0406
3.1373
2.5904
1.8585
1.7335
0.5071
-2.5354
-2.2492
-3.1328
-3.7507
-3.7456
-4.2254
-2.8587
-3.338
-3.3487
-3.8673
-4.4405
-2.8711
-1.9855
-0.6267
1.8082
8.0776
7.1758
6.8762
8.1366
5.08
3.3509
2.0572
0.81077
0.77844
1.4436
0.81841
0.073594
-1.109
0.16768
0.71665
1.8489
2.223
3.5702
3.2916
2.5538
2.5633
2.6626
-3.2236
-3.1677
-2.1661
-2.9366
-3.2638
-3.2846
-2.9914
-2.1414
-1.9179
-2.0892
-1.1929
-0.58086
-0.71056
-0.17987
0.26396
5.277
12.022
8.6738
5.7242
6.2378
3.9764
2.3712
0.40056
0.0040399
0.79739
0.65254
0.12266
-1.2098
-0.13738
0.67331
1.8511
2.0013
2.5097
2.0195
1.6544
0.20714
0.69999
-2.3798
-2.9841
-2.5931
-3.189
-3.2028
-2.4654
-2.373
-1.9624
-2.3484
-2.538
-1.8135
-1.0245
0.11251
0.6572
1.4564
7.2132
6.5301
6.3966
4.9158
5.2995
3.3057
1.8
-0.059862
0.14973
1.079
1.4084
0.52101
-0.48492
-0.81493
0.28132
1.2571
1.4906
2.6117
2.5537
2.3263
1.7165
1.2554
-1.3433
-0.54176
-0.68725
-1.2406
-1.3365
-1.2783
-1.4035
-1.6593
-2.3242
-2.1412
-0.7415
0.91629
0.99126
0.22746
2.2821
8.0796
11.145
8.8661
4.366
6.5779
2.7913
2.0565
0.86721
0.85599
1.3403
1.2712
0.3451
-0.96211
-0.15709
0.60857
1.1459
1.3991
1.8272
3.0072
2.6203
2.3143
2.9639
0.82803
-2.6338
-1.5732
-1.7555
-2.2516
-2.3366
-1.8146
-1.8479
-1.8127
-3.4252
-2.7454
-2.9653
-1.8959
-1.2297
-0.34758
3.2871
7.898
8.4278
7.1598
6.4787
4.8008
3.532
1.8739
0.51843
0.72413
1.5744
1.3463
0.48427
-0.4608
-0.55812
-0.27703
0.66443
1.5181
2.7333
2.2476
2.1277
1.7645
2.6653
-1.3785
-1.3754
-0.9374
-1.4334
-1.4861
-1.5029
-1.7362
-2.209
-2.823
-3.2087
-2.7327
-1.9924
-0.69681
-0.066178
0.90699
5.5185
8.07
7.7358
6.5962
7.7791
5.0994
3.2318
1.6349
0.88658
1.1561
1.8544
0.68618
-0.056635
-0.62996
-0.44138
0.82415
1.7967
1.8151
2.2281
3.5525
2.5093
2.4108
1.9692
-3.0696
-3.2264
-2.9813
-4.5928
-4.836
-4.4835
-4.4304
-4.7244
-5.4125
-5.1702
-3.2916
-2.2568
-1.0264
-1.4602
1.8137
6.6713
10.861
8.1099
5.7717
5.7091
4.0582
2.8441
1.4705
0.76832
0.95244
1.3911
1.194
1.105
0.095056
0.41538
1.4672
2.488
2.3077
2.5836
3.3271
2.9914
3.6748
0.032233
-0.62114
0.037372
-0.98159
-1.835
-1.7241
-2.4833
-2.3069
-3.7987
-5.5027
-5.7928
-4.7744
-2.8126
-2.0477
-0.072382
6.2201
11.558
8.6187
5.2129
5.9885
3.5615
2.0812
0.7171
0.36897
0.67264
1.4167
0.49434
-0.079019
-1.5492
-0.6303
1.2297
1.6587
1.8431
2.6403
2.7835
2.8686
3.1022
-0.85588
-1.5661
-1.0706
-1.7843
-2.2603
-2.1
-2.1583
-2.6468
-3.0252
-3.3999
-3.4004
-3.0609
-1.2732
-0.087691
-0.023431
4.5619
11.086
9.2126
5.1233
5.702
2.455
1.795
0.31646
0.64079
1.1725
0.73242
-0.16092
-0.85653
-0.64073
0.50457
1.2746
2.0025
2.5008
2.5951
2.5895
1.6926
2.9914
-2.0467
-2.1252
-2.0233
-3.5733
-4.0132
-4.2136
-4.9397
-4.3292
-4.6743
-4.2277
-3.34
-1.6729
-1.2492
0.39266
1.0904
5.8431
11.809
9.392
4.3705
7.0803
3.5095
2.8295
1.4985
0.35764
0.31795
1.3265
1.0854
0.3078
-0.70493
-0.16593
0.90651
2.1335
2.8753
3.715
3.3717
3.4389
4.0469
1.5616
-1.3398
-0.080239
-1.1818
-2.6341
-2.7425
-2.8177
-2.9473
-2.9026
-3.2959
-3.6349
-3.5162
-1.6279
-1.5018
-0.4269
1.3059
5.4648
13.552
7.3785
5.4749
8.7654
4.2946
3.0746
1.9561
0.7711
0.98347
1.5887
0.69479
0.57664
-0.63413
-0.71334
0.63134
1.6814
1.8647
3.0786
2.1701
1.7176
1.879
-0.58412
-2.8683
-1.4162
-2.5365
-3.2391
-3.2478
-4.2322
-2.8756
-3.1851
-3.6253
-2.5201
-1.0959
-1.0038
-0.52008
0.25265
3.6171
6.7997
8.2578
6.9484
6.6156
4.558
4.0261
1.7094
0.28914
0.65703
2.1981
0.76461
0.67559
-0.5191
-0.39157
0.04879
1.4604
1.3324
1.5113
4.5594
2.0494
1.7335
-0.96759
-1.6636
-1.5176
-2.9805
-3.8412
-3.3282
-3.4952
-3.6728
-3.7881
-4.5982
-5.0142
-4.2128
-2.0941
-0.18584
-1.0216
1.2286
6.203
13.287
7.9424
4.9245
7.5182
4.3761
2.6646
1.1385
1.0687
1.5042
1.565
0.78701
0.020497
-0.94758
-0.65214
-0.14387
0.57256
1.3587
2.7778
1.9755
2.2738
1.1686
-0.52708
-2.5435
-1.9389
-3.0833
-4.2308
-3.975
-3.3361
-2.8796
-2.8686
-2.5976
-1.0083
2.1064
1.8109
-0.66108
1.1691
3.6734
5.3507
12.281
8.8857
5.9747
6.1349
4.5338
3.5944
1.826
1.1958
1.0627
1.6726
0.73656
0.75443
-0.27309
0.26253
1.0736
1.7109
2.1363
3.225
2.2396
2.0128
1.6662
-1.7531
-2.1194
-1.967
-3.6191
-4.0914
-4.7126
-5.5561
-5.0505
-5.4491
-5.8392
-5.0713
-3.1677
-1.8224
-1.925
-1.0143
0.98178
5.65
8.6963
12.852
7.4358
8.1271
4.8523
4.2263
2.8821
0.79567
0.91621
1.2868
1.5314
0.25113
0.62749
-0.56877
0.62412
1.569
2.0146
2.4821
3.4943
2.2333
1.4529
0.62999
-1.8751
-3.2382
-3.6146
-4.1425
-4.8691
-3.9879
-3.3765
-2.8287
-2.6366
-2.1038
-0.83733
-0.70957
-0.12557
0.09191
0.67202
5.0389
12.148
9.0673
6.1093
6.1521
4.4852
3.3911
1.9145
1.0196
1.0313
1.8574
0.97071
0.71407
-0.47654
-0.036365
0.97959
2.0682
2.1723
3.2034
2.5105
2.5468
2.746
1.2808
-3.6742
-2.605
-2.9195
-3.6894
-3.5626
-3.1353
-2.9065
-2.9895
-3.6478
-3.037
-1.0873
-0.47157
-1.7631
-0.72461
2.1411
5.6526
14.002
9.3931
5.0243
6.3438
3.4156
2.2659
0.81206
0.80349
1.4544
2.4184
0.43379
-0.92439
-0.47016
0.039612
1.7391
1.769
2.2121
4.0776
2.5273
2.0821
2.9926
-0.82055
-3.6486
-1.6281
-1.8982
-1.7767
-1.3196
-0.82606
-0.50783
0.13536
-0.94468
-0.3098
-0.64093
-0.37214
0.96126
-0.41293
3.8117
11.464
8.0891
4.7151
7.354
2.9847
2.872
0.99561
0.81287
1.3306
0.89254
0.55528
-0.45434
0.11002
0.72891
1.8521
2.1969
2.5496
3.5522
2.7261
2.2363
2.7506
-1.6638
-2.5543
-2.4101
-3.1359
-3.5266
-3.3827
-4.0523
-2.9613
-3.8046
-3.955
-2.7994
-1.2597
-0.84773
-1.086
0.46963
4.9889
10.466
8.581
4.8908
6.7772
3.3827
2.5958
0.8529
0.41262
1.2555
2.2793
0.16849
-0.34254
-0.34193
0.69802
1.7545
2.1258
2.5831
3.0468
1.7979
1.662
1.4672
-3.1182
-2.1269
-2.3398
-3.3318
-3.2874
-2.9254
-2.877
-2.9822
-3.8589
-3.6132
-1.2602
-0.68722
0.93026
0.24076
0.925
5.132
10.13
7.8311
5.7594
4.8942
3.3838
1.5176
0.30271
0.70356
1.5075
1.2148
-0.055348
-0.54105
-0.23504
1.005
2.0581
2.2903
3.1542
2.9372
2.3281
2.9006
-0.1552
-2.6894
-1.4739
-1.9802
-2.9954
-2.6704
-2.2811
-2.4287
-2.9394
-3.7799
-2.8058
-0.36554
0.039587
0.9277
0.40573
5.9126
9.4263
7.695
5.6025
6.4096
3.078
1.91
0.75623
0.90325
1.7742
0.81155
-0.40722
-0.70086
0.063435
1.1481
1.8672
2.1009
2.8019
1.9886
1.0423
0.92326
-1.631
-2.3232
-1.9723
-3.2543
-4.0894
-4.0379
-4.1271
-5.2256
-5.4741
-4.8166
-1.9362
0.47918
-0.73487
-2.0506
1.8129
3.1893
15.995
8.893
4.3089
6.0683
2.3298
1.5542
0.47323
0.85032
1.3026
1.568
0.26036
-0.46772
-0.31013
1.1948
1.8846
2.275
2.4486
2.9018
2.416
2.0658
0.61734
-2.9285
-1.1225
-1.8785
-2.6833
-2.3828
-1.8712
-1.9607
-2.1308
-2.6549
-2.2605
-0.71994
-1.054
0.066856
0.61847
3.1379
10.241
6.009
5.2801
6.7145
4.5434
3.2568
1.4245
0.60731
1.2236
1.6865
0.91151
-0.21027
-0.42982
0.18536
1.4058
1.9259
2.1919
3.1275
2.6189
2.4439
3.2483
-0.046035
-2.8049
-1.867
-3.1654
-4.7609
-4.8796
-4.6848
-5.2492
-5.9199
-5.5373
-3.7251
-2.7794
-0.87539
-1.9783
-0.17408
3.7037
2.8169
14.614
7.7389
4.5088
6.7353
2.7671
1.9517
0.64259
0.33161
0.90943
0.96781
-0.0546
0.1824
-0.76644
-0.22895
1.7986
2.0635
2.5065
2.8216
2.8084
2.6433
1.6799
-2.0364
0.019985
-0.44422
-1.761
-1.9401
-1.7405
-2.4133
-2.1748
-1.819
-2.8798
-2.0336
-0.64287
0.71396
-1.0713
1.9277
7.2613
6.3368
6.5881
5.1986
3.2534
1.9524
0.044975
-0.57757
-0.066086
0.79393
0.10085
-1.0009
-0.86018
-0.47592
0.88894
1.469
2.6444
3.2368
2.4177
2.1959
2.7347
2.2932
-3.076
-2.3109
-1.7802
-2.4394
-2.7818
-2.6977
-2.4016
-2.2587
-2.6835
-2.8022
-1.9994
-0.77439
-0.57408
-0.14073
0.5189
5.1025
14.547
8.3989
4.1529
6.4512
3.3923
2.0199
0.73195
0.55736
0.74429
1.2667
0.88405
-0.54592
-1.1511
0.27195
1.3353
1.878
2.319
2.8888
1.4906
0.78673
2.4078
-0.93436
-2.0652
-1.4342
-1.7102
-1.775
-1.4114
-2.1346
-2.6328
-3.4465
-4.1436
-2.8838
-2.305
-0.84953
-0.62884
-0.308
3.0336
6.2389
8.5569
6.3382
8.4301
5.5722
4.2178
2.0767
0.076441
-0.0053383
0.80048
0.94988
-0.49945
-0.92512
-0.765
0.19232
0.69647
1.7438
3.105
2.23
1.3735
0.56579
-0.040413
0.80776
-4.3427
-3.507
-3.5753
-4.2552
-3.5053
-2.9127
-2.6121
-1.5451
-1.146
-0.15507
1.672
1.2339
-0.28568
0.98164
2.9552
5.9862
11.731
9.6138
6.0919
6.0784
4.1009
3.3684
1.1007
1.0363
1.4107
1.8089
0.13988
-0.38535
-0.75275
-0.079275
1.4636
1.3854
1.7026
2.1508
1.0895
-0.23271
-1.036
-1.2684
-4.9296
-4.784
-5.2604
-6.468
-6.4731
-5.9398
-5.2908
-3.7701
-3.6233
-2.1711
0.32245
-2.0047
-1.138
0.69723
4.8635
12.509
8.5968
6.0469
7.4173
4.7224
3.6593
1.8128
0.75694
1.0708
1.4034
1.6865
0.55851
-0.48312
0.34898
1.1482
2.0219
2.99
2.9276
2.7465
2.3222
2.2162
2.4791
-3.4313
-2.2769
-1.6303
-2.6641
-2.7682
-2.1909
-1.698
-2.2218
-2.4954
-2.0735
-1.1113
-0.4402
0.5589
-1.4438
-0.74378
4.0126
15.43
9.4625
5.6486
5.7459
4.1271
2.5661
0.70288
0.57344
1.236
1.4409
0.59899
-0.41844
-0.3885
1.045
1.3298
1.7635
2.3647
1.7366
1.7853
1.1779
1.3737
0.8759
-2.9858
-1.1408
-2.0063
-2.7359
-3.13
-4.2097
-3.4533
-3.4848
-3.6177
-2.5753
-1.3566
-1.5377
0.017789
-0.16376
2.5322
5.2846
10.103
7.288
6.7739
4.7193
3.0001
0.8488
-0.32846
0.012624
0.96672
0.74142
-0.40635
-1.0342
-0.016574
0.52824
1.4809
1.7133
2.9192
2.6721
2.6648
2.2441
3.1677
-2.8905
-2.2647
-1.9272
-3.4814
-3.7004
-3.5882
-3.4108
-3.5261
-4.3115
-3.5176
-3.1525
-1.9162
-0.46055
-0.21631
3.991
9.5525
8.7413
5.0271
6.3143
3.7605
2.5686
0.68163
0.53363
1.1001
0.94988
-0.21902
-0.699
-0.16987
0.63151
1.6357
2.8171
3.2512
4.1004
2.8106
1.5729
0.89127
-3.313
-3.028
-1.8033
-1.9033
-2.6344
-4.3671
-3.9382
-3.8878
-3.6216
-3.4479
-2.7061
-2.1828
-2.913
-1.4659
-0.58617
4.9526
11.018
6.1706
6.958
8.1122
4.9358
2.8512
0.60599
-0.3028
0.055533
0.39646
0.058325
-0.67657
-0.80908
0.55519
1.2049
2.0822
3.0246
2.8579
2.1752
1.1054
0.65023
0.91859
-2.1557
-4.958
-2.3033
-2.302
-2.3254
-1.7776
-2.2478
-1.4319
-1.5547
-1.2532
-0.29701
0.94569
0.29819
-0.51584
1.0681
3.4788
6.3899
9.505
7.0342
6.7736
6.7193
4.5813
2.7915
0.92461
1.0248
1.9551
1.374
0.18934
-0.62499
-0.86164
0.066639
1.7759
1.6978
1.8555
5.7656
3.0027
1.9872
0.41431
-2.8483
-2.0657
-3.5165
-3.557
-2.7019
-2.3017
-3.2781
-3.1834
-3.4401
-3.4566
-1.9283
-1.4412
0.10415
0.1572
1.2294
4.1504
9.3861
8.3435
5.6194
7.3622
4.7531
3.2773
0.79424
0.55632
0.30679
1.0345
0.32219
-1.3596
-0.27014
0.56964
1.4541
1.2907
2.9709
1.7045
1.5306
1.2174
0.50392
0.98342
-3.8001
-2.5731
-3.329
-4.5611
-4.2853
-3.9916
-3.5393
-2.9858
-3.2717
-1.0145
-0.13633
0.86825
-1.1371
0.28469
2.9127
5.998
11.366
9.9542
5.4311
7.3077
4.0523
3.1207
0.92649
0.40261
0.87795
0.61122
0.019251
-0.67193
0.72332
0.96649
1.7094
1.5311
2.0628
1.2724
1.3186
0.45203
1.1723
-1.489
-4.8751
-3.8375
-5.3636
-5.937
-5.6469
-4.723
-4.4278
-4.4627
-3.6852
-2.8006
-1.9226
-2.753
-2.6936
0.3693
4.5608
11.679
7.5494
5.329
7.0783
4.2746
3.6059
1.2545
0.55935
0.90848
1.2997
1.0925
-0.10793
0.74659
1.1783
1.7431
2.142
3.5044
1.79
1.7365
0.74833
0.18429
-1.7859
-3.2053
-2.3442
-3.8651
-4.8017
-5.4156
-4.8551
-4.8065
-4.5777
-2.0169
0.70943
0.20565
-2.1133
-0.18684
0.059657
3.1443
4.0883
12.365
8.1858
4.4056
6.0171
4.619
3.2543
0.95075
0.23332
1.5305
1.0268
-0.98302
0.87297
0.37237
1.1391
1.5295
1.5839
3.0226
1.3713
1.3501
1.3856
-0.17409
-3.6652
-0.87435
-1.1309
-1.8074
-1.8997
-1.5536
-1.3801
-1.8849
-2.4054
-2.3102
-2.2627
-0.65012
1.2352
0.6764
1.4145
8.5982
9.0201
5.3254
8.3457
3.8212
2.947
0.66097
0.29285
0.85585
1.107
1.356
-1.069
-0.86325
-0.29386
0.79008
1.2899
2.0599
3.3105
2.5781
2.0565
2.3976
0.90699
-4.0379
-3.2807
-2.4998
-3.5255
-3.8381
-3.8496
-3.2987
-3.372
-2.983
-2.2176
-0.89732
-1.6315
-0.26092
-1.8876
0.59691
6.0003
8.7767
7.4496
6.3705
4.7682
3.6632
2.2333
0.82623
0.93169
1.0201
1.066
0.13861
-0.43651
-0.73276
0.42254
1.2892
1.6153
2.3789
2.3416
1.4488
0.67632
0.42367
-0.2565
-3.982
-2.9878
-3.1109
-3.6905
-2.9712
-3.2318
-2.1907
-2.436
-2.3354
-0.94848
0.077116
-0.13053
0.95595
0.61425
1.5521
7.6481
6.4964
6.1959
8.1079
5.2309
4.3151
2.4438
0.83474
0.77701
1.0235
0.15849
-0.68096
-1.0328
0.11719
0.65937
1.1633
1.4946
2.6528
1.3875
1.8022
0.78895
0.90361
-4.0557
-2.6023
-1.8812
-2.5938
-2.7864
-2.4278
-2.3244
-1.9994
-2.1997
-2.3704
-2.4292
-2.5102
-1.085
-0.42139
0.2845
5.3453
9.878
7.4609
6.041
5.5477
3.4339
1.5871
-0.13883
0.058564
0.80399
1.2574
0.041852
-1.5526
-1.5267
0.22527
0.68762
0.8723
1.1326
3.6112
3.6526
3.216
2.4913
-3.0864
-2.9344
-2.0673
-2.9102
-2.9538
-2.1815
-1.1966
-0.98645
-1.5872
-1.6304
-0.64498
-0.14238
-0.35747
-0.78027
1.4688
3.7903
13.739
8.1785
4.3879
6.3148
3.5224
2.3431
0.37931
-0.030797
0.23778
0.39632
-0.34401
-0.72371
0.32523
1.0515
1.9532
2.2346
3.4167
1.7148
0.78735
0.22922
-0.20535
-3.9927
-2.9802
-2.5626
-4.088
-3.7757
-3.5747
-4.1931
-3.7439
-3.7226
-3.6259
-2.4033
-1.4951
-1.5495
-0.5024
-0.33673
1.1155
5.1193
11.557
7.4288
6.3401
5.6644
3.2742
2.2458
0.38496
0.95297
1.8255
2.4938
1.2356
-0.83989
-0.46704
0.1289
1.189
1.5191
2.2246
2.6428
1.9894
1.3225
1.921
-1.6968
-3.8949
-1.6082
-2.6291
-3.5871
-3.1306
-2.3482
-1.9892
-1.9486
-2.0134
-0.70527
0.88694
-0.0043559
-0.12383
0.17372
3.4682
13.798
7.7791
5.4246
6.1791
3.9997
2.5272
0.58136
0.84076
1.0892
1.2447
-0.45259
-0.68517
-0.74074
0.4201
1.4072
1.46
1.6096
2.8554
1.7628
1.1325
1.1807
-0.060933
-4.3744
-3.5328
-3.8257
-4.3016
-3.9719
-3.6433
-3.426
-2.4627
-2.5721
-1.983
-0.78982
-0.7295
-0.060753
-0.78434
0.44821
4.2878
12.381
9.1944
4.8812
6.4233
3.516
2.7785
1.3452
0.5376
0.60537
1.268
0.13477
-0.42046
-1.2627
-0.37942
1.1664
1.5355
1.6433
1.5245
2.7157
1.9548
0.76211
0.48306
-2.4966
-2.6614
-2.7242
-3.8027
-3.5598
-2.609
-1.917
-1.9863
-2.9001
-1.8209
-1.4882
-1.2821
0.16292
0.23948
2.361
4.7854
8.2887
6.4042
6.7879
4.5262
3.6486
2.036
0.063233
-0.061037
0.2983
0.7209
-0.6423
-1.0302
-1.3172
-0.17755
1.1325
1.1405
1.7206
4.1723
2.3926
2.2099
0.85167
-2.8579
-1.4609
-1.5619
-2.6368
-1.8099
-1.4035
-1.4888
-1.4419
-2.2092
-2.5623
-1.5361
-1.2386
1.3558
-0.80281
2.0511
5.3599
6.8014
5.8089
7.4069
4.8548
2.7565
0.89316
-0.66299
-0.37911
0.49942
0.45026
-1.293
-1.6381
-1.0485
0.35865
0.98811
1.2274
2.6291
2.4562
1.985
1.9834
2.3765
-3.1831
-2.9625
-2.316
-3.7071
-4.0565
-4.1585
-4.3491
-4.1987
-3.9348
-1.809
0.92798
2.8835
1.4661
0.44644
2.1825
5.607
12.433
10.451
4.2845
5.7375
2.6517
1.7597
0.4445
0.79497
1.2482
0.50811
0.043904
-0.8689
-0.069192
1.0338
1.7564
2.0905
2.7205
3.006
1.9176
0.828
0.33909
-3.1227
-3.9519
-2.9799
-3.7509
-3.3979
-3.3124
-3.4041
-3.6526
-3.3962
-2.6932
0.10038
1.5869
-0.87997
-1.0156
1.2645
4.8883
5.6677
10.373
7.5868
6.2285
4.8124
3.8859
2.3123
0.36469
0.96911
2.0281
3.241
-1.0644
-0.24804
-0.29895
0.5548
1.3432
1.6811
3.1868
2.3996
1.8819
1.0487
2.1651
-1.4312
-3.6006
-1.7002
-2.4173
-2.3531
-2.1651
-1.6653
-1.3224
-1.0306
-1.6365
-1.5262
-1.66
-0.87736
0.024849
-0.87494
1.446
1.7313
17.19
6.7115
4.4152
5.4996
3.1542
2.4275
0.69268
1.0055
1.1641
0.80301
0.41487
-0.90727
-1.006
0.15183
0.91174
1.7473
2.2483
2.9296
2.2074
1.4889
1.5369
-2.2139
-2.7097
-1.6439
-2.0507
-1.5961
-1.3126
-1.2713
-1.0324
-1.4861
-2.0037
-0.5058
1.0707
2.2504
2.0398
0.9159
5.6292
8.7958
8.9015
4.6462
6.4855
3.6883
3.0977
1.3179
1.0743
0.77428
1.2733
0.89175
-0.57054
-0.83637
0.45355
1.5047
1.8042
2.1095
2.743
2.1681
1.9558
2.0459
-3.0488
-1.5439
-1.3418
-2.827
-2.7732
-2.6965
-2.3989
-2.8391
-3.2534
-3.4648
-2.9091
-1.8849
1.0391
-0.29968
0.27406
8.2634
6.2673
7.5536
8.2285
4.8714
2.5285
1.6236
0.43457
1.0272
1.5125
0.77318
0.10844
-1.2035
-0.91547
0.84571
1.4192
1.8433
2.8067
2.4526
2.1018
1.7944
2.1627
-4.8202
-2.6663
-2.6248
-3.8974
-3.9907
-3.8238
-3.858
-5.0454
-5.3361
-3.406
-1.3069
-1.4731
-0.1041
-0.006454
2.8933
1.5165
13.185
8.432
3.6371
8.7221
3.0491
2.7324
1.575
0.94232
1.1213
1.5056
0.14393
0.010378
-1.2521
-1.3169
0.28335
1.2751
1.8216
2.9147
4.1012
3.729
2.0292
-3.0103
-0.19014
-1.0279
-1.719
-2.0294
-1.119
-5.3133
-6.6344
-2.5017
-3.7712
-2.4326
-0.52635
0.71598
-0.80824
5.5517
12.248
7.3082
5.4496
6.6159
3.654
2.9993
2.0012
2.159
2.3622
2.1576
1.0854
-0.10633
0.16648
0.59848
0.67255
0.83188
1.5021
2.3413
2.6674
2.3161
2.0595
-2.3892
-0.044037
-0.76318
-1.913
-1.8833
-2.498
-2.521
-3.4027
-3.4831
-3.0839
-2.1412
0.83275
-1.2341
-1.0309
1.3114
5.1904
5.1601
10.9
7.8887
5.2675
5.4066
3.4637
2.1696
1.4093
0.38201
0.36115
0.26129
-0.12463
-0.11327
-0.24954
-0.59227
0.63848
2.3337
2.8399
2.7305
2.1537
3.1857
2.781
-3.3074
-3.3557
-2.4585
-4.685
-5.3743
-4.5136
-3.7032
-2.6679
-2.6106
-2.818
-2.5178
-1.1018
0.25963
-1.7283
0.33805
1.4297
4.027
0.95978
3.9781
4.5836
7.2082
3.0606
4.6027
1.8973
1.275
1.3231
0.70001
0.77695
-0.012998
-0.081549
0.27331
0.36228
-0.043207
0.25425
0.65743
0.95539
1.3118
1.3572
1.3933
1.2708
1.6891
1.7849
2.1703
2.1628
2.1398
2.6067
3.0235
2.8247
1.9144
2.8037
2.751
-0.035983
-2.8236
-3.3287
-3.9345
-4.4812
-5.0974
-5.6835
-6.0039
-5.8521
-5.9519
-5.2804
-5.2751
-5.338
-2.5808
1.7743
-2.8489
-0.60492
0.34173
2.3128
0.98721
3.4384
6.9788
4.4666
4.9091
4.2996
2.956
2.567
2.7774
2.2063
1.1755
0.86238
0.71078
0.87918
0.70103
0.81734
0.75941
0.8678
1.0773
1.0731
1.0202
1.203
1.3596
1.4181
1.4704
1.5481
1.6095
1.726
2.1037
1.8877
1.6744
2.0907
2.7195
2.2213
1.8539
1.9484
2.2752
0.39095
-1.399
-1.061
-1.0462
-1.2555
-2.0988
-2.7055
-3.0516
-3.2382
-3.4041
-3.6433
-3.4631
-2.6514
-1.5858
-0.46699
-0.98898
-1.6078
-3.5025
-2.0229
-1.1149
0.072829
2.2061
3.0524
3.4412
3.4268
3.0041
3.189
4.1999
0.43188
2.4835
2.4582
2.2747
2.1935
1.8124
1.2993
1.2101
1.1577
1.1966
1.1709
1.0142
0.86491
0.64346
0.65633
0.69091
0.87311
0.78651
0.80183
0.77425
0.71061
0.69968
0.64925
0.64295
0.59854
0.59275
0.63651
0.61093
0.50721
0.38937
0.26039
0.22493
0.24096
0.2044
0.11377
-0.054507
-0.14523
-0.19679
-0.31356
-0.39345
-0.63373
-0.48363
-0.41212
-0.34541
-0.22528
-0.24413
-0.28029
-0.39739
-0.28171
-0.00064259
0.42294
0.78277
1.2498
1.5394
1.8635
2.1122
2.2415
2.3726
2.1128
1.9566
1.9313
1.6975
1.4501
1.3156
1.3689
0.96363
1.075
1.4622
1.4864
1.4669
1.4006
1.5792
1.0442
-0.36079
-0.50836
0.35497
2.0177
2.2083
1.7481
1.6662
1.6313
1.6794
1.9191
2.0148
2.1626
1.8046
1.5853
1.315
1.1874
1.056
0.86952
0.71311
0.82982
0.89996
0.95688
1.0581
1.2556
1.4014
1.6036
1.8126
2.0604
2.4148
2.7703
2.818
3.0198
3.0552
2.8613
2.6499
2.6243
2.4684
2.3793
2.3537
2.6591
3.0808
3.6826
3.2987
8.764
9.1165
9.3338
5.3836
1.7126
-3.5817
-8.8796
-13.166
-16.076
-16.474
-15.213
-13.676
-11.377
-8.7078
-6.8318
-5.0651
-3.5522
-2.6304
-0.57377
2.7449
1.3199
1.6968
-1.8554
1.5493
-0.15329
9.085
0.44627
2.286
3.3723
2.7895
1.6161
0.38364
-0.33712
-0.86268
-0.86474
-0.91311
-0.84059
-0.72593
-0.36736
-0.2655
0.126
-0.052405
-0.30797
-0.57009
-0.57701
-0.60573
-0.92852
-1.4158
-1.4887
-1.4988
-1.4564
-1.4733
-1.2647
-1.1314
-1.062
-0.9428
-0.79972
-0.77785
-0.66471
-0.5139
-0.27542
-0.22777
-0.20694
-0.059899
-0.012928
0.12208
0.15838
0.12335
0.019084
-0.14822
-0.1279
-0.38583
-0.44784
-0.7885
-1.5403
-1.8152
-2.3407
-2.729
-1.7721
-0.20684
-0.78446
-1.7825
-1.8597
-1.1584
-0.93088
-1.6894
-1.6159
-1.4482
-1.022
-0.7406
-0.41493
0.027856
0.61316
0.89428
1.3281
0.84104
1.1721
0.77063
2.3843
3.767
2.9945
1.7038
0.72205
0.69369
1.1336
1.8162
1.7561
1.4959
1.3823
