-0.35884
-0.4038
-0.55457
-0.51994
-0.41923
-0.2407
-0.47073
-1.2138
-1.3625
-1.1653
-1.2446
-2.5609
-2.8111
-2.2453
-1.9684
-1.6424
-0.95453
-0.34262
-0.021891
0.2208
0.22662
0.38777
-0.18924
-0.55228
-0.034476
0.15131
0.23895
-0.03861
0.37593
0.58089
0.69845
0.94752
1.02
0.71875
0.011909
-0.56544
-0.25583
0.22066
1.9515
2.2654
2.0039
1.4064
0.5818
-1.0379
-1.723
-1.2271
-0.56024
-0.252
-0.64906
-1.4264
-2.0342
-1.4414
-0.91644
-0.045242
-0.22673
-0.38263
-0.44627
-0.46506
-0.58344
-0.49129
-0.32706
0.11717
0.33838
0.64941
0.47346
0.58937
0.48406
0.044978
0.16226
0.3966
-0.036012
0.13072
-0.004438
-0.19634
-0.14128
-0.10316
0.02659
-0.27987
-0.46718
-0.29852
-0.18527
-0.36796
-0.45995
-0.77217
-0.81835
-0.65062
-0.70624
-0.52838
-0.19212
0.034798
0.20556
0.23263
0.3274
0.57293
0.48445
0.37266
0.18311
0.36693
0.42574
0.27324
0.12705
-0.028672
0.048765
0.024215
0.078511
0.12779
0.032861
0.017465
-0.034276
0.12738
0.062097
0.11038
0.24754
0.36746
0.62257
0.80861
0.44424
-0.4696
-1.111
-0.71044
-0.79225
-1.1652
-2.1476
-2.7927
-3.5354
-3.9604
-4.015
-4.2567
-4.3662
-4.0031
-3.4043
-2.3716
-1.2296
-0.049397
0.61621
1.1543
1.6148
2.0932
2.1202
2.3681
2.774
3.1405
3.1193
2.7374
2.3357
1.6601
0.9067
0.19023
-0.14756
-0.2226
0.030975
0.14086
-0.0018787
-0.36782
-0.49246
-0.079429
0.23596
0.91575
1.0695
0.86973
0.58292
0.70737
0.93864
0.86904
0.74221
0.66599
0.60223
0.60154
0.48609
0.23995
0.089886
-0.028525
-0.041923
-0.3185
-0.33993
-0.18305
0.0037767
0.38244
0.94825
0.98427
0.48449
0.23627
0.25899
0.47194
0.37466
0.31239
0.2431
0.16144
0.1329
0.13337
0.12216
-0.031807
-0.24236
-0.031395
0.071836
0.033122
-0.1858
-0.30546
-0.27485
-0.16218
-0.030401
-0.019311
-0.34693
-0.38033
-0.4289
-0.47471
-0.48475
-0.46549
-0.25983
0.059175
0.19472
0.12965
-0.093349
-0.25329
-0.30065
-0.49168
-0.56994
-0.5866
-0.49791
-0.40178
-0.27007
-0.30607
-0.40609
-0.58955
-0.53159
-0.334
0.026916
0.12889
0.031352
-0.081108
0.065651
0.09924
-0.012607
-0.13165
-0.16765
-0.11587
0.092622
0.11861
0.11332
0.10851
-0.11849
-0.13736
-0.10129
-0.078914
-0.0897
-0.11059
-0.034585
-0.050752
0.026051
0.12539
0.11865
0.10194
0.25157
0.45973
0.54994
0.73542
1.0514
1.3196
1.2926
0.99539
0.99539
1.4128
1.5936
1.5782
1.5117
1.494
1.6149
1.5128
1.2948
0.95795
0.84718
0.99388
1.2935
1.6364
2.1127
2.3606
2.2186
1.7008
1.0372
0.4835
0.34986
0.14158
0.067395
-0.14348
-0.063435
-0.01094
0.15689
0.11478
-0.13018
-0.169
-0.23555
-0.20507
-0.17384
-0.2698
-0.64668
-1.0332
-1.2368
-1.1753
-1.1894
-1.1842
-1.2993
-1.1396
-0.52518
0.45649
1.2768
1.6698
1.6416
1.6511
1.5952
1.563
1.3718
0.91246
0.29123
-0.26993
-0.45402
-0.50332
-0.68547
-0.54401
-0.4086
-0.45311
-0.43792
-0.45069
-0.18055
-0.29501
-0.33376
-0.29149
-0.42592
-0.48934
-0.46636
-0.44874
-0.36308
-0.33563
-0.32357
-0.3638
-0.34271
-0.42283
-0.42699
-0.42195
-0.26673
-0.22306
-0.46359
-0.5776
-0.44757
-0.38097
-0.6092
-0.65443
-0.35649
-0.35175
-0.42347
-0.68954
-0.78797
-0.58292
-0.38187
-0.067629
0.24673
0.3754
0.42514
0.45251
0.57262
0.8754
1.1629
1.3871
1.4873
1.4875
1.4936
1.3528
1.0642
0.80208
0.57505
0.43131
0.28873
0.084259
-0.0041797
-0.21932
-0.43861
-0.4735
-0.55488
-0.51817
-0.43636
-0.30772
-0.25302
-0.27816
-0.39309
-0.54786
-0.49679
-0.44584
-0.29729
-0.37486
-0.4535
-0.47865
-0.23125
-0.15075
-0.12251
-0.17592
-0.35462
-0.29021
-0.29082
-0.14789
0.014814
0.24106
0.48536
0.70256
0.66724
0.6076
0.52419
0.45138
0.4303
0.35365
0.13972
-0.13464
-0.57405
-1.0622
-1.3765
-1.595
-1.4633
-1.3425
-1.25
-1.0439
-0.84194
-0.7062
-0.84441
-0.8761
-0.93163
-0.64149
-0.57522
-0.61141
-0.85056
-0.89683
-0.5312
-0.15062
0.39686
0.84298
1.0397
0.73741
0.27235
-0.38509
-0.8848
-0.97492
-0.76892
-0.36816
0.048484
0.28983
0.37654
0.36207
0.18561
0.29223
0.58894
1.0871
1.3102
1.5066
1.8695
2.7906
3.7592
4.1721
4.1773
3.9597
4.2154
4.4515
4.2331
3.2829
2.5479
2.2375
1.72
0.5721
-0.44017
-1.2427
-2.1621
-2.817
-3.4078
-3.7003
-3.65
-3.304
-2.5945
-1.7269
-0.81822
-0.16094
0.24849
0.45532
0.22709
0.27089
0.24639
0.13194
0.016377
-0.35227
-1.0044
-1.9765
-2.9892
-3.9017
-3.9185
-4.0308
-4.3969
-5.1155
-5.4449
-5.0401
-3.8685
-2.6142
-1.3947
-0.8074
-0.49713
-0.3539
-0.30587
-0.23761
-0.4229
-0.59517
-0.29366
0.71676
2.3962
3.9159
4.9709
5.7007
5.5955
5.0376
4.3201
3.4476
2.7875
2.6134
1.9542
1.7595
1.3733
1.4189
1.573
1.5518
1.4244
1.0382
0.62846
0.070352
-0.45411
-0.91159
-1.2415
-1.1852
-0.91557
-0.52427
-0.319
-0.16794
-0.12485
-0.22785
-0.028026
-0.78217
-1.0343
-1.7242
-1.6922
-0.79312
-0.91557
-0.702
0.31533
0.86393
1.6129
1.9575
2.1956
2.2791
2.1417
2.0017
1.8547
1.6768
1.3442
0.94617
0.59478
0.18697
-0.25105
-0.72598
-1.1276
-1.5892
-1.9245
-2.1845
-2.0922
-1.8775
-1.5984
-1.464
-1.4784
-1.6705
-1.8387
-2.0471
-2.2211
-2.3642
-2.431
-2.2419
-1.7288
-1.0029
-0.078481
0.79113
1.629
2.1683
2.5957
2.8785
3.1475
3.2747
3.476
3.2222
2.5326
1.2576
0.27858
-0.40869
-0.84294
-1.1668
-1.2329
-1.2403
-1.016
-0.65447
-0.3681
-0.16524
-0.038511
-0.028243
-0.050324
-0.013257
-0.072421
-0.043034
0.11308
0.41048
0.75135
0.96972
1.0887
1.0948
0.94894
0.61976
0.24518
-0.060543
-0.16607
-0.1194
0.3587
0.86826
1.2685
1.5385
1.706
1.8041
1.8312
1.7499
1.6365
1.4547
1.3041
1.1111
1.004
0.89293
0.74325
0.52445
0.43831
0.28291
0.14172
0.064941
-0.30183
-0.78355
-1.1086
-1.4547
-1.5544
-1.6709
-1.6407
-1.7137
-1.753
-1.9304
-2.2538
-2.3979
-2.5675
-2.6091
-2.2706
-1.7482
-1.0633
-0.3766
0.36166
0.94925
1.5154
1.8978
1.8659
1.8669
1.5769
1.1907
1.059
1.0613
1.0332
0.8248
0.48432
0.12026
-0.10553
0.0083922
0.3182
0.60392
0.86419
1.0781
1.1402
1.249
1.1308
0.8899
0.49683
-0.075234
-0.54968
-1.0098
-1.0872
-0.61249
0.040913
0.54838
0.91406
0.97041
0.87099
0.61366
0.14314
-0.34707
-0.81091
-0.99024
-0.95756
-0.61799
-0.21086
0.39319
0.82653
1.2052
1.3229
1.4431
1.4167
1.3142
1.268
1.2762
1.2139
0.93942
0.47614
-0.056899
-0.6105
-1.1808
-1.6259
-2.0939
-2.4844
-2.7901
-2.9867
-3.1998
-3.2984
-3.3139
-3.0543
-2.8972
-2.5373
-2.2434
-1.9034
-1.5808
-1.1391
-1.0262
-0.8683
-0.5299
0.01154
0.63227
1.4723
2.136
2.7612
3.1101
3.354
3.567
3.7096
3.1131
2.4242
1.5629
0.92103
0.77576
0.80498
0.67655
0.59881
0.74944
1.0064
1.2268
1.2677
1.1889
1.1622
1.1934
1.4002
1.6585
1.7344
1.3237
0.58414
0.30398
0.48445
0.9679
1.462
1.8888
1.983
1.9477
1.7539
1.4801
1.1225
0.80403
0.50588
0.34493
0.26692
0.48233
0.81969
1.1098
1.3243
1.4235
1.378
1.1455
0.87956
0.61314
0.32384
0.091856
-0.015968
-0.2138
-0.46224
-0.59119
-0.81381
-1.1125
-1.4181
-1.7446
-2.0773
-2.5526
-3.0185
-3.251
-3.3118
-3.1583
-2.9344
-2.8675
-2.727
-2.5106
-2.5621
-2.6049
-2.5222
-2.1869
-1.6516
-1.0001
-0.49709
0.10718
0.57015
1.0279
1.4101
1.8775
2.2996
2.504
2.7228
2.3398
1.8087
1.1709
0.72979
0.36046
0.11345
-0.15974
-0.32812
-0.38136
-0.31172
-0.11429
0.25083
0.67153
0.75918
0.52375
0.22844
0.070529
-0.012522
0.09634
0.55249
0.9231
1.1481
1.244
1.2368
1.1526
1.0503
0.92198
0.82567
0.7981
0.84073
0.94972
1.1219
1.2179
1.2131
1.1561
0.97721
0.80706
0.58643
0.30976
0.012315
-0.29471
-0.65945
-1.0271
-1.2727
-1.4265
-1.4508
-1.3835
-1.4072
-1.6139
-1.9802
-2.4512
-3.0256
-3.3454
-3.3217
-2.8886
-2.2108
-1.762
-1.4929
-1.6246
-1.6451
-1.7898
-1.9955
-1.9433
-1.4086
-0.82753
-0.40867
-0.15455
0.090696
0.51107
0.82809
1.0741
1.2624
1.3589
1.4729
1.6122
1.7198
1.8334
1.9467
1.996
1.8044
1.3968
0.76226
0.078918
-0.49164
-0.93882
-1.1065
-1.1202
-1.0016
-0.80208
-0.51609
-0.50272
-0.66893
-0.80493
-0.96868
-1.0314
-0.97877
-0.69932
-0.20587
0.41866
1.0049
1.2988
1.256
1.0701
0.73126
0.39161
0.20039
0.25826
0.55371
0.86796
1.2433
1.6275
1.904
2.1516
2.2931
2.2871
2.1906
2.0403
1.91
1.8641
1.7519
1.4099
0.83549
0.28402
-0.12316
-0.59379
-1.1092
-1.5562
-2.1044
-2.4977
-2.7425
-2.8988
-2.6138
-2.2972
-2.1649
-2.1426
-2.0255
-2.0797
-2.2794
-2.5144
-2.6309
-2.232
-1.657
-0.86069
-0.059703
0.44922
0.85164
1.1013
1.1819
1.3204
1.383
1.5978
1.7096
1.7922
1.7802
1.6039
0.90531
0.32632
-0.18374
-0.53821
-1.0123
-1.3577
-1.488
-1.4351
-1.1149
-0.64435
-0.19774
-0.2195
0.23697
0.17945
-0.011164
-0.17076
-0.26542
-0.48216
-0.45441
-0.22675
0.15686
0.50635
0.76334
0.78351
0.72425
0.55881
0.27209
-0.12595
-0.46999
-0.64941
-0.57483
-0.21497
0.11611
0.49951
0.94739
1.2925
1.5773
1.7522
1.7563
1.5883
1.4785
1.4598
1.2635
0.58989
-0.31626
-1.2592
-1.87
-2.1816
-2.6111
-3.0879
-3.4876
-3.6387
-3.5884
-3.3951
-3.0615
-2.7961
-2.5749
-2.3939
-2.1749
-2.18
-2.1899
-2.199
-2.1857
-2.0097
-1.5581
-0.8957
-0.15459
0.53449
1.1089
1.6161
1.9309
2.1893
2.2398
2.2994
2.3197
2.3539
2.4266
2.5241
2.559
2.5585
1.8153
0.92968
0.41698
0.22271
0.21908
0.23207
0.054968
-0.09241
-0.26367
-0.29965
-0.1876
-0.10153
-0.13831
-0.096206
-0.19491
-0.23338
-0.26261
-0.15076
0.21087
0.60838
1.0536
1.5404
1.8503
1.9518
1.91
1.723
1.3128
0.76537
0.37307
0.029904
-0.089055
0.011936
0.34386
0.9099
1.3177
1.5843
1.8245
1.9265
1.9285
1.8216
1.6222
1.3209
0.8783
0.23096
-0.2553
-0.74979
-1.0897
-1.5453
-1.9265
-2.3631
-2.8449
-3.2793
-3.6474
-3.9471
-4.0327
-3.8929
-3.448
-2.7747
-2.2098
-1.729
-1.3455
-1.086
-0.98721
-0.81385
-0.72473
-0.55782
-0.26471
0.27041
0.80757
1.4437
2.0615
2.6382
3.1218
3.3878
3.6258
3.6156
3.6315
3.5826
3.1101
2.4049
1.2166
0.13251
-0.5099
-0.77355
-0.94869
-1.1184
-1.3387
-1.3571
-1.1091
-0.74862
-0.46943
-0.15037
0.027416
0.085748
0.21515
0.61543
1.0875
1.4533
1.6641
1.715
1.5363
1.199
0.81013
0.39603
-0.099245
-0.47874
-0.53332
-0.36427
0.0030966
0.56513
1.2595
1.8538
2.2941
2.3641
2.2892
1.9926
1.7008
1.3321
0.95816
0.6176
0.29829
0.11109
-0.025124
-0.14329
-0.21127
-0.2338
-0.44484
-0.82285
-1.3925
-1.9732
-2.3354
-2.3978
-2.117
-1.8563
-1.7062
-1.6375
-1.7789
-1.2853
-1.7405
-1.8322
-1.7727
-1.6113
-1.3367
-1.1317
-0.86121
-0.47051
-0.33356
-0.082865
0.45991
0.88835
1.0201
0.89272
0.66889
0.42017
0.3159
0.13967
-0.15423
-0.46458
-0.92648
-1.495
-1.8659
-2.1618
-2.4565
-2.281
-1.6009
-1.1179
-1.3407
-0.82294
-0.5318
-0.40028
-0.15476
0.084164
0.40568
0.86134
1.262
1.5633
1.6761
1.5922
1.3576
0.9708
0.52341
0.04951
-0.35501
-0.33659
-0.20889
0.18949
0.66227
1.1994
1.6509
2.0937
2.2671
2.4585
2.4435
2.3925
2.342
2.0224
1.5738
1.0889
0.74226
0.29534
-0.16796
-0.64746
-1.3298
-2.069
-2.8941
-3.6428
-4.2813
-4.7077
-4.5973
-4.0646
-3.4127
-2.9161
-2.6592
-2.4192
-2.0448
-1.7683
-1.3831
-0.95765
-0.28126
0.51925
1.1983
1.7507
2.1379
2.4475
2.6021
2.7123
2.7052
2.7683
2.8292
3.0321
2.8428
1.8686
0.86636
-0.080429
-0.46553
-0.49445
-0.53055
-0.74373
-0.7742
-0.71858
-0.66863
-0.71243
-0.64443
-0.52483
-0.32543
0.034809
0.24434
0.58453
0.94843
1.2532
1.5431
1.7478
1.781
1.6514
1.3574
1.0643
0.7536
0.42691
0.13663
-0.13257
-0.25428
-0.3692
-0.35439
-0.14003
0.29599
0.6524
0.96968
1.3079
1.3847
1.4045
1.318
1.263
1.2316
1.3019
1.4168
1.2126
1.0063
0.74983
0.61703
0.33699
0.079576
-0.37032
-0.79762
-1.2932
-1.6956
-2.0587
-2.2451
-2.3302
-2.1766
-1.9003
-1.6603
-1.5356
-1.5462
-1.4676
-1.1709
-0.89419
-0.81619
-0.90073
-1.0756
-1.0685
-0.77922
-0.29633
0.33228
1.0366
1.7548
2.4285
2.8946
3.1755
3.1649
2.9555
2.8219
3.0024
2.8707
2.3481
1.6069
0.57015
-0.40424
-0.84155
-1.161
-0.85904
-0.3287
0.19688
0.55717
1.1027
1.5779
1.7332
2.0997
2.3203
2.647
2.9269
3.1913
3.3299
3.2166
3.0713
3.0051
2.9572
2.9774
3.1502
3.4007
3.8382
4.3385
4.7047
4.8164
4.738
4.4406
3.9971
3.5903
3.4031
3.962
4.1764
4.6999
5.6964
6.8876
7.9606
8.5822
9.3488
9.818
10.78
11.251
11.524
12.296
13.292
13.72
14.267
14.108
13.588
12.26
10.933
9.4864
7.9299
6.2599
4.7627
3.3954
2.2379
1.4076
0.68023
-0.10124
-0.87333
-1.4114
-1.7185
-1.9306
-2.1329
-2.2795
-2.5789
-2.5581
-2.3724
-2.3073
-2.252
-2.1934
-1.9231
-1.613
-1.22
-0.91051
-0.66902
-0.56137
-0.38872
-0.16913
-0.22796
-0.56046
-0.81307
-1.1875
-1.4517
-1.0777
-0.1403
1.1523
1.8844
2.2888
2.516
2.371
1.8319
0.9821
0.20304
-0.073421
-0.065357
0.074131
0.1711
0.10379
-0.022891
-0.18153
-0.19335
-0.27258
-0.35536
-0.41044
-0.30963
-0.32741
-0.42014
-0.28634
0.026639
0.39426
0.67967
1.0484
1.2174
1.224
1.093
0.85255
0.6369
0.54643
0.31477
0.29419
0.45675
0.65313
0.67915
0.57487
0.30211
0.040754
-0.53596
-1.0045
-1.1233
-1.0009
-1.0205
-0.93427
-0.80567
-0.46082
-0.19542
-0.43848
-0.76719
-1.1277
-1.3554
-1.3794
-1.3431
-1.0586
-0.71114
-0.3503
0.11703
0.53189
0.82073
0.6849
0.45999
0.23505
0.10301
0.42379
0.6785
0.78714
0.58976
0.22582
-0.2887
-0.60089
-0.41579
-0.37735
-0.086584
0.41123
0.59833
0.73364
0.75044
0.4477
0.038198
-0.13318
-0.40077
-0.77987
-0.99046
-0.8767
-0.5499
-0.38254
-0.49332
-0.7194
-1.0582
-1.2242
-1.1768
-1.1359
-1.1193
-1.0674
-1.3211
-1.422
-1.1859
-0.74663
-0.33958
0.22633
0.64084
0.88133
1.0415
1.3545
1.8414
2.0699
1.8356
1.7708
1.4814
1.3027
1.2435
1.0924
1.1122
1.0915
0.97656
0.80403
0.77208
0.63924
0.27852
-0.081078
-0.40428
-0.49934
-0.52527
-0.94202
-1.2385
-1.5188
-1.6643
-1.6926
-1.9265
-2.0224
-1.983
-1.9992
-1.8961
-1.6645
-1.3405
-0.99552
-0.83065
-0.81099
-0.78805
-0.74485
-0.56483
-0.38519
-0.30502
-0.2497
-0.49319
-0.38779
-0.12494
0.12404
0.11284
0.012985
0.0022056
-0.18425
-0.42479
-0.93518
-1.2997
-1.9245
-3.0295
-4.4666
-5.5016
-6.6465
-7.8256
-8.8683
-9.3756
-10.278
-10.9
-10.885
-11.035
-12.102
-12.31
-11.815
-11.465
-11.874
-11.41
-9.9868
-8.7285
-9.3085
-9.5977
-9.9738
-10.225
-9.8076
-9.0791
-8.5476
-7.9
-6.6209
-5.376
-4.0375
-2.7843
-1.5966
-1.2269
-0.78411
-0.44722
-0.44021
-0.47211
-0.37084
-0.24292
-0.020765
0.14301
0.645
1.2655
1.7776
2.2655
2.554
2.7604
3.3432
3.6802
3.617
2.0305
1.1287
0.10666
-0.094522
-0.25098
-0.38166
-0.41275
-0.66183
-0.56587
-1.0635
-1.7067
-2.1715
-2.3574
-2.3339
-1.9018
-1.1409
-0.33495
0.30868
0.79152
1.1881
1.3913
1.4526
1.2107
0.86034
0.42416
0.12922
0.12203
0.36496
0.66694
1.0951
1.3886
1.6358
1.7697
1.8031
1.6981
1.3699
1.0565
0.41444
0.26357
0.60435
0.1984
0.18189
0.21982
-0.088103
-0.60868
-1.2225
-1.7129
-2.1479
-2.5982
-2.9925
-3.1903
-3.0595
-2.8414
-2.4354
-2.0008
-1.7341
-1.4795
-1.1548
-0.81615
-0.90021
-0.78675
-0.57613
-0.17485
0.41242
0.18613
1.3072
0.85324
1.434
1.5376
1.788
2.0135
2.1596
2.1918
1.9888
1.6929
1.3086
0.86077
0.45943
0.19905
-0.059747
-0.07088
-0.27198
-0.46627
-0.63664
-0.72996
-0.73183
-0.82835
-0.89358
-0.8761
-0.96254
-1.0264
-0.82264
-0.37445
-0.061989
0.30898
0.59072
0.90808
1.2188
1.4752
1.5349
1.5378
1.4873
1.2482
0.83381
0.34388
-0.12444
-0.32064
-0.22988
0.082883
0.64876
1.2369
1.7969
2.272
2.5808
2.6493
2.5411
2.273
1.9767
1.5816
1.1953
0.77875
0.40848
-0.079182
-0.51722
-1.0049
-1.4188
-1.8294
-2.2957
-2.7962
-3.207
-3.4638
-3.3786
-3.1481
-2.9356
-2.6315
-2.5241
-2.5773
-2.6577
-2.6569
-2.2812
-1.7828
-1.1937
-0.57518
-0.061552
0.35655
0.73161
1.1581
1.4062
1.6212
1.8208
2.0382
2.1514
2.2318
2.2661
2.2266
1.9437
1.6052
1.1495
0.73109
0.35886
-0.0060188
-0.27783
-0.51484
-0.52401
-0.55726
-0.64244
-0.78005
-1.1591
-1.5732
-1.8438
-1.9711
-1.9083
-1.4991
-1.0213
-0.3581
0.29122
0.66846
0.99136
1.2747
1.4279
1.3039
1.0647
0.70192
0.54739
0.67218
0.98855
1.443
1.8635
2.1826
2.3751
2.4695
2.38
2.0443
1.6258
1.1421
0.48692
-0.033396
-0.47965
-0.85878
-1.1699
-1.498
-1.9488
-2.383
-2.8309
-3.2034
-3.5168
-3.4886
-3.2481
-2.9951
-2.8141
-2.7224
-2.4471
-2.1285
-1.841
-1.6306
-1.3498
-1.1055
-0.63837
-0.31105
0.091453
0.51007
0.89042
1.4451
1.8142
1.9466
1.9941
1.9578
1.9668
1.8469
1.6772
1.4757
1.3429
1.0677
0.68161
0.2791
-0.10872
-0.47337
-0.7923
-1.072
-1.3126
-1.5779
-1.696
-1.7606
-1.846
-1.8069
-1.7494
-1.7785
-1.7989
-1.6121
-1.3713
-0.61132
0.45934
1.7882
2.7093
3.0689
2.858
2.3824
1.9657
1.6841
1.7511
2.0706
2.5205
2.794
2.7581
2.5218
2.1252
1.7158
1.3953
1.0448
0.60621
0.23618
0.010897
-0.30719
-0.50272
-0.84658
-1.3099
-1.7892
-2.2678
-2.6587
-2.9821
-3.276
-3.3834
-3.4714
-3.4991
-3.3408
-2.9829
-2.5287
-2.2427
-2.1772
-2.1326
-1.9952
-2.0089
-1.9066
-1.8477
-1.4857
-1.003
-0.29812
0.4071
1.1839
1.7406
2.1288
2.3394
2.4043
2.303
2.1608
2.0263
1.8371
1.7395
1.6239
1.446
1.2526
0.89718
0.53423
0.094206
-0.24787
-0.48951
-0.66711
-0.57396
-0.48151
-0.57422
-0.46692
-0.2791
-0.15523
-0.24669
-0.36424
-0.51518
-0.61314
-0.53916
-0.17668
0.47259
1.2849
2.0961
2.7091
3.202
3.5172
3.647
3.4337
3.0437
2.7272
2.4599
2.059
2.0483
2.1381
2.2781
2.4355
2.351
2.2849
1.9447
1.6071
1.1392
0.64171
0.21506
-0.10226
-0.27487
-0.51276
-0.73057
-0.97414
-1.0351
-0.96219
-1.4292
-1.3859
-1.36
-1.4316
-1.5072
-1.5467
-1.5474
-1.3545
-1.0991
-0.65149
-0.49479
-0.66486
-0.35229
-0.27046
-0.26403
-0.046701
0.049259
-0.50813
-1.0873
-1.4584
-1.3875
-1.1423
-0.81597
0.78316
1.6654
1.9645
2.1831
2.1215
2.0564
2.1733
2.2745
2.2723
2.3352
2.4168
2.4315
2.3552
2.2313
1.8495
1.5913
1.3423
1.2795
1.2404
1.1531
1.0028
0.95249
1.0631
1.083
1.1616
1.3099
1.5858
1.7983
1.8198
1.7528
1.3927
0.87761
0.41521
0.1823
0.13466
0.33922
0.58829
0.77823
0.95877
0.92509
0.7845
0.63746
0.44787
0.24205
0.11041
-0.015734
-0.12674
-0.3233
-0.66534
-1.0996
-1.3589
-1.793
-1.9259
-2.1237
-2.4232
-2.6336
-2.9289
-3.1449
-3.2328
-3.0042
-2.7754
-2.6165
-2.7711
-3.1189
-3.5824
-3.8792
-4.1019
-4.1247
-4.0217
-3.6347
-3.1018
-2.6624
-2.2486
-1.9461
-1.8363
-1.8504
-1.7664
-1.5056
-1.2458
-1.1042
-0.93224
-0.80931
-0.77572
-0.66127
-0.57362
-0.51743
0.010365
-0.254
-0.026813
0.55708
1.2435
2.8147
4.1658
5.0012
5.3176
5.2622
4.5696
3.6907
2.7156
2.0219
1.2951
1.1102
1.2483
1.6542
1.8553
2.0355
2.0771
2.0214
1.6478
1.2517
0.81411
0.61011
0.39351
0.065084
-0.26321
-0.39304
-0.45038
-0.60245
-0.78801
-0.96557
-1.3134
-1.5901
-1.7092
-2.1904
-2.3561
-2.4932
-2.5287
-2.4641
-2.57
-2.768
-2.9652
-2.8568
-2.4716
-2.1228
-1.9833
-1.7774
-1.5487
-1.2624
-0.9628
-0.67807
-0.52198
-0.35673
-0.27278
-0.21386
-0.037456
0.16595
0.18038
0.48596
0.62885
0.86982
1.1788
1.1987
1.1616
1.2545
1.4021
1.5132
1.7318
2.4183
2.9626
3.2599
3.4424
3.3431
3.0886
2.7365
2.334
1.8397
1.395
0.93362
0.57293
0.34588
0.26309
0.23791
0.52124
0.86926
1.1341
1.3035
1.4665
1.4768
1.4901
1.1301
0.57492
-0.11716
-0.3841
-0.49228
-0.54094
-0.72351
-0.76057
-0.83939
-0.85445
-1.106
-1.3963
-2.0048
-2.3056
-2.3335
-2.0084
-1.5531
-1.3341
-1.4014
-1.6226
-1.9894
-2.3331
-2.303
-2.0837
-1.7315
-1.2712
-0.91813
-0.67504
-0.59353
-0.57232
-0.31832
-0.14201
-0.06669
0.011333
0.19972
0.18225
0.35022
0.33097
0.19036
-0.073975
-0.59929
-1.1923
-1.5375
-1.872
-1.7713
-1.4137
-1.1899
-1.1236
-1.1136
-1.1542
-0.94912
-0.4896
0.19255
0.74122
1.1677
1.3283
1.2483
1.1729
0.99504
0.5763
0.33798
0.1798
0.21489
0.42123
0.7484
1.2193
1.987
2.2177
2.7825
2.9444
3.0552
2.9364
2.7091
2.4222
1.8878
1.4995
1.057
0.68763
0.448
0.16936
-0.094985
-0.54245
-0.9873
-1.6815
-2.2768
-2.7069
-2.9421
-3.136
-3.2366
-3.3249
-3.528
-3.4778
-3.6587
-3.8901
-3.8172
-3.5014
-3.1263
-2.529
-1.635
-0.90263
-0.49168
-0.15674
0.31077
0.51419
1.035
1.8849
1.3741
1.5523
1.5655
1.5229
1.3309
0.91259
0.35794
-0.074672
-0.37275
-0.67244
-0.79355
-0.77541
-0.8896
-0.79078
-0.62595
-0.28324
-0.06656
-0.004899
-0.10773
-0.13766
-0.21911
-0.1937
0.22141
0.91419
1.7524
2.2868
2.6046
2.868
2.8779
2.6031
2.2836
1.8602
1.4648
1.1016
1.0013
0.99794
1.156
1.3205
1.6742
1.9446
2.2181
2.393
2.2774
1.9229
1.5271
0.98041
0.65512
0.13004
-0.026623
-0.32376
-0.34264
-0.38622
-0.50847
-0.44437
-1.0206
-1.5397
-2.2172
-2.6215
-2.6394
-2.45
-2.4769
-2.6555
-2.7363
-2.7781
-2.8097
-2.6644
-2.4529
-2.145
-1.8176
-1.5068
-1.0456
-0.42785
0.1918
0.87389
1.2957
1.5475
1.6306
1.7355
1.8351
1.8144
1.8573
1.8589
1.8719
1.7358
1.512
1.1096
0.72087
0.23882
-0.11752
-0.37818
-0.80242
-0.88311
-0.66313
-0.18009
0.14198
0.32635
0.37009
0.24532
0.11156
-0.015912
0.063253
0.27168
0.82324
1.3535
1.6544
1.8266
1.9851
1.8743
1.5479
1.083
0.60604
0.25615
0.028141
0.050233
0.25036
0.66833
1.0466
1.4184
1.7988
2.021
2.0036
1.8256
1.4784
1.2032
0.95223
0.85406
0.6524
0.5866
0.53341
0.21998
-0.31975
-0.92051
-1.5987
-2.1577
-2.7005
-3.1959
-3.6044
-3.7624
-3.9118
-4.2343
-4.2874
-4.2421
-4.1318
-3.8098
-3.4916
-3.164
-2.8059
-2.38
-1.875
-1.3386
-0.77901
-0.10026
0.45458
0.92652
1.2599
1.4641
1.5433
1.5235
1.4073
1.354
1.2389
1.1836
1.1206
1.0331
0.9025
0.65573
0.29125
-0.18696
-0.68529
-1.1886
-1.5274
-1.7576
-1.9111
-1.9195
-1.6645
-1.3334
-1.0504
-0.73148
-0.42812
-0.058626
0.40074
1.0675
1.6193
2.0409
2.3099
2.4947
2.477
2.208
1.8827
1.4871
1.2239
0.94873
0.78688
0.70815
0.94665
1.2316
1.5865
1.9579
2.1983
2.3313
2.2811
2.1469
1.88
1.6425
1.2801
0.74239
0.3217
-0.12393
-0.29472
-0.62205
-1.06
-1.5754
-2.1914
-2.7281
-3.1956
-3.5529
-3.7944
-4.1019
-3.9429
-3.8811
-3.6535
-3.4464
-3.1186
-2.6775
-2.2987
-1.7983
-1.3411
-1.1151
-0.90077
-0.53003
-0.28602
0.19829
0.60846
1.0588
1.2929
1.5204
1.6093
1.6228
1.5758
1.5046
1.4844
1.3941
1.2666
1.1289
0.84995
0.49748
0.070798
-0.37945
-0.81238
-1.206
-1.4625
-1.5532
-1.4177
-1.1444
-0.71685
-0.45584
-0.21668
0.033093
0.087073
0.075827
0.1016
0.16262
0.49865
1.0336
1.6617
2.1667
2.4648
2.667
2.6303
2.427
2.1653
1.9736
1.9542
1.9885
2.1193
2.2182
2.2978
2.331
2.3263
2.3391
2.1829
1.8708
1.5462
1.1824
0.74031
0.39648
-0.16496
-0.60448
-1.2238
-1.9128
-2.5188
-3.0957
-3.6649
-4.0975
-4.3415
-4.2653
-4.0356
-3.6376
-3.1551
-2.6453
-2.1698
-1.7658
-1.9163
-1.8283
-1.7928
-1.607
-1.3984
-0.98249
-0.47965
0.0082311
0.2301
0.55899
0.73901
1.0711
1.251
1.2335
1.1529
1.044
0.8464
0.54604
0.12546
-0.26004
-0.4722
-0.67854
-0.73174
-0.59812
-0.52609
-0.38786
-0.25658
-0.12658
-0.1263
-0.23865
-0.26965
-0.24357
0.034853
0.41941
1.0224
1.8032
2.2991
2.8635
3.1524
3.2442
3.0723
2.7021
2.1793
1.7795
1.438
1.3341
1.3897
1.5758
1.7761
2.055
2.2558
2.3418
2.1973
1.7976
1.4464
1.0393
0.60734
0.22547
-0.37542
-0.77567
-1.2221
-1.4508
-1.7999
-2.0028
-2.333
-2.681
-2.8252
-3.0282
-3.1385
-3.0047
-2.7024
-2.2709
-2.264
-2.3161
-2.3507
-1.9882
-1.6337
-1.4519
-1.1826
-0.721
-0.12295
0.36689
0.73858
1.0734
1.3791
1.7096
1.9148
2.0421
2.1253
2.0842
1.9811
1.8207
1.6636
1.4369
1.24
0.90445
0.48986
0.078269
-0.29193
-0.58401
-0.70737
-0.57617
-0.24604
0.040663
0.1802
0.45307
0.71724
0.96284
1.2699
1.5704
1.8237
1.8551
1.7506
1.6819
1.4608
1.2404
1.0814
1.0692
1.0704
1.1774
1.3545
1.6592
1.7792
1.7257
1.5887
1.4618
1.2113
0.95951
0.74719
0.44173
0.16618
-0.095669
-0.35935
-0.55323
-0.78892
-1.0468
-1.5302
-2.0282
-2.4895
-2.6221
-2.9489
-2.9553
-2.8303
-2.9948
-3.0969
-3.0485
-2.8698
-2.3645
-1.92
-1.6387
-1.3834
-1.0694
-0.6253
-0.35816
-0.11996
0.19728
0.37205
0.48692
0.44969
0.34266
0.27655
0.15885
0.0047679
-0.32214
-0.61136
-0.85618
-1.126
-1.2654
-1.4208
-1.4759
-1.5085
-1.4009
-1.2347
-1.0234
-0.64616
-0.26272
0.1321
0.41139
0.682
0.88951
1.0394
1.2527
1.5897
1.9721
2.3685
2.7493
3.036
3.1074
2.9162
2.7108
2.3896
2.1107
1.9381
1.5653
1.2902
1.1697
1.1238
1.2554
1.4724
1.6971
1.8229
1.8256
1.6908
1.4721
1.134
0.87298
0.5847
0.38717
0.26462
0.13989
0.038364
-0.076407
-0.21555
-0.35365
-0.7088
-0.98626
-1.4491
-1.817
-2.152
-2.3177
-2.22
-2.0024
-1.775
-1.7049
-1.7021
-1.678
-1.4611
-1.2802
-1.2711
-1.1364
-0.82091
-0.34317
0.23531
0.81121
1.2538
1.678
1.9712
2.077
2.0228
2.063
1.9916
1.7334
1.6017
1.5698
1.7015
1.6926
1.7448
1.656
1.3161
0.53064
-0.069806
-0.21504
-0.31492
-0.64456
-0.74892
-0.51293
-0.40873
-0.39701
-0.29948
-0.17202
-0.051501
0.10569
-0.09879
-0.269
-0.60457
-1.457
-1.1317
-0.8129
-0.61985
-0.35522
0.013843
0.33738
0.97288
1.3542
1.716
1.9146
1.8805
1.6464
1.3719
1.0673
0.88687
0.66729
0.41496
0.3408
0.25001
0.22198
0.0061539
-0.22069
-0.69157
-1.1826
-1.8125
-2.3335
-2.7545
-3.1287
-3.3828
-3.4866
-3.4685
-3.4278
-3.0643
-2.7908
-2.5095
-2.2571
-1.8355
-1.255
-0.77178
-0.30491
0.13911
0.43571
0.6907
0.97985
1.2112
1.3594
1.4791
1.4857
1.5043
1.3866
1.3077
1.0263
0.742
0.13847
-0.7813
-1.6293
-1.7861
-1.9552
-1.9217
-1.6119
-1.3666
-1.0713
-0.95561
-0.89813
-0.86272
-0.75273
-0.61837
-0.43562
-0.17098
0.25344
0.67897
0.80229
0.83359
0.84523
0.71888
0.53981
0.32378
0.24187
0.080381
0.12932
0.2765
0.67045
1.0997
1.5444
1.8611
2.1625
2.3021
2.2814
2.2272
2.0054
1.674
1.4292
1.0947
0.76671
0.45536
0.088315
-0.15417
-0.63006
-0.99604
-1.3731
-1.8327
-2.2162
-2.425
-2.6638
-2.9813
-3.3279
-3.4122
-3.2594
-2.8371
-2.3715
-2.1856
-1.8808
-1.4121
-0.99574
-0.51384
-0.078788
0.33405
0.6537
1.0199
1.2938
1.6542
2.0008
2.4665
2.8463
2.9972
3.3263
3.9846
4.3697
4.1523
3.122
1.4364
0.61578
0.54063
0.54297
0.42512
0.13949
-0.29945
-0.23355
-0.0034512
0.28082
0.51929
0.84047
1.0477
0.9989
0.83831
0.6092
0.43636
0.24364
0.016366
-0.042241
0.068486
0.43009
0.68092
0.8313
0.77758
0.74126
0.52605
0.20191
-0.18598
-0.61725
-1.0357
-1.3184
-1.6052
-1.8523
-2.0311
-2.1558
-2.4129
-2.6996
-3.0238
-3.299
-3.634
-3.8389
-3.7654
-3.3172
-2.7736
-2.3594
-2.0095
-1.6713
-1.3048
-0.91981
-0.47185
-0.053544
0.35
0.74247
1.0719
1.2487
1.4879
1.4965
1.45
1.2328
1.0511
0.96531
0.90172
0.73771
0.52938
0.27247
0.029952
-0.22179
-0.50683
-0.78342
-1.0381
-1.2297
-1.4005
-1.3936
-1.2643
-0.99604
-0.63513
-0.3666
-0.29961
-0.25851
-0.10753
0.20219
0.76347
1.3775
1.8506
2.1813
2.4609
2.5082
2.347
1.9324
1.28
0.80667
0.48899
0.42169
0.56968
0.91046
1.3051
1.6156
1.9458
2.1931
2.4045
2.6557
2.8606
3.045
3.152
3.0902
2.8034
2.7356
2.6293
2.2117
1.6765
1.121
0.6598
0.12923
-0.39117
-0.9963
-1.4959
-2.1005
-2.7009
-3.3583
-3.8832
-4.3952
-4.8822
-5.1527
-5.0986
-4.9813
-4.9138
-4.9423
-4.9237
-4.6385
-4.0331
-3.4211
-2.6234
-1.6791
-0.69443
-0.024442
0.40769
0.8509
1.0461
1.2175
1.2548
1.2834
1.3765
1.5549
1.651
1.9038
1.9943
2.101
2.038
2.0029
1.901
1.6695
1.4253
1.2665
1.1787
1.1489
1.0678
0.83991
0.57557
0.17456
-0.16316
-0.37887
-0.50843
-0.4851
-0.18937
0.013358
0.20783
0.32488
0.45372
0.39834
0.24469
0.00058656
-0.33528
-0.60972
-0.69828
-0.49376
-0.16752
0.34354
0.71564
0.93237
1.0453
1.123
1.1496
1.1689
1.0721
1.2612
1.0744
0.82234
0.39593
0.037546
-0.20592
-0.34812
-0.62751
-0.98686
-1.4671
-1.9774
-2.39
-2.6701
-2.8881
-3.0371
-3.188
-3.2326
-3.2211
-3.1703
-2.9996
-3.0304
-2.8969
-2.8336
-2.5961
-2.5377
-2.2184
-1.94
-1.7167
-1.3524
-1.0928
-0.54146
0.25881
1.0504
1.5526
1.8438
1.9284
1.8517
1.6982
1.3911
1.0768
0.95803
0.88454
0.87874
0.97916
1.2238
1.2815
1.0652
0.74269
0.0084069
-0.54704
-0.12139
0.75265
1.7535
1.8266
1.2112
0.32297
0.073512
0.39794
0.52566
0.20115
0.012665
0.4567
0.9979
1.5079
1.9116
2.0807
2.0093
1.7513
1.4384
1.1568
1.1562
1.2184
1.2216
0.93825
0.89207
1.1472
1.5918
2.1689
2.3503
2.3902
2.2145
2.0106
1.9393
1.8831
1.8306
1.6576
1.5545
1.2964
1.0088
0.91648
0.85419
0.51873
-0.18995
-0.99768
-1.6622
-1.96
-2.8097
-4.1438
-5.8444
-6.73
-7.0001
-6.9417
-7.259
-8.2359
-9.3579
-10.253
-10.695
-10.179
-9.7864
-10.114
-10.203
-9.4981
-8.3242
-7.3953
-7.4762
-7.9502
-8.4337
-8.7038
-8.3904
-7.5987
-6.5508
-5.7842
-5.1609
-4.5913
-3.9223
-3.276
-3.0195
-2.9046
-2.6331
-2.0496
-1.4445
-0.69083
0.12193
0.83969
1.5782
2.5471
3.3647
4.1607
5.1116
5.9522
6.6404
6.9456
6.9386
6.8469
6.3015
5.0878
3.6337
2.5497
1.6277
0.87917
0.77208
1.0951
1.897
2.8348
3.6576
4.6346
5.6418
6.3599
6.0491
5.76
2.6547
-1.6131
-5.2406
-7.455
-7.9
-7.0166
-5.521
-4.1569
-3.3088
-3.0066
-3.04
-3.3692
-3.7289
-4.4298
-5.006
-5.183
-4.9423
-3.9939
-2.1867
1.2472
6.0842
10.231
11.72
11.156
9.7409
8.1022
6.0136
3.3353
0.65339
-1.9783
-4.3183
-5.8656
-6.7755
-7.136
-6.5279
-4.4013
-2.5494
-0.21119
2.8632
5.1704
5.8517
5.4834
4.1744
3.2728
2.5868
3.096
4.3117
5.2068
5.5107
5.4245
4.561
3.5844
2.5073
1.4414
0.77251
0.26534
0.059054
-0.079294
-0.10179
-0.13809
-0.3483
-1.3134
-2.3523
-2.6361
-2.5441
-2.1278
-1.9364
-1.6159
-0.71304
0.26919
1.4326
1.8143
1.2363
0.031227
-1.435
-2.4482
-2.4614
-1.8664
-0.95241
0.23325
1.8589
3.4907
4.1591
4.9198
6.0569
5.7877
4.4623
1.4155
-2.4186
-6.0595
-8.8016
-10.951
-12.046
-11.865
-9.0137
-6.263
-4.9068
-2.475
0.49899
0.41926
-1.8691
-5.1345
-8.1039
-9.9595
-9.8184
-7.8589
-6.3019
-4.7276
-4.0668
-2.736
-2.7423
-3.9358
-6.0612
-6.8625
-6.2985
-5.009
-3.2876
-1.7953
-0.25537
0.98851
1.7102
1.9963
1.8804
1.5407
1.3963
1.3985
1.2536
1.4366
1.7514
2.2464
2.6566
3.2403
3.9972
4.9956
5.9539
6.6222
7.6728
9.2185
10.295
10.682
9.9777
9.4124
9.1704
9.0666
8.1489
7.1893
6.849
6.221
4.9562
3.6395
2.1313
0.98093
0.081744
-0.69235
-1.3318
-1.988
-2.0226
-1.6165
-1.0582
-0.036165
0.83987
2.0382
3.1401
3.5384
3.2737
2.8204
1.9806
1.2383
0.86882
0.75684
0.79926
0.65802
0.59349
0.31443
0.1495
-0.28076
-0.7246
-0.94959
-1.0835
-1.2476
-1.2388
-1.0029
-0.86164
-0.84528
-1.1979
-1.2405
-1.4842
-1.7253
-1.233
-0.36106
0.62201
0.67218
0.18923
-0.31827
-0.53964
-0.34801
-0.12516
0.047549
0.18551
0.27613
0.66616
0.73222
0.30387
-0.37838
-0.9041
-1.1375
-0.89462
-0.32001
-0.33583
-0.70949
-0.92029
-0.67014
-0.16505
0.3547
0.11236
0.20318
0.17806
0.2555
0.36754
0.65075
0.87549
1.1815
1.341
1.0172
0.59522
0.50042
0.74611
0.73299
0.54994
0.50246
0.60656
1.0366
1.4316
1.2785
0.78455
0.49817
0.46398
0.60262
0.66608
0.82095
0.92999
1.4663
2.1747
1.9719
0.9521
0.52462
-0.20044
-0.82108
-1.2307
-1.6092
-2.0496
-2.0984
-2.022
-1.8699
-1.517
-0.86666
-0.098132
0.48051
0.9138
1.1963
1.1157
0.63123
0.10115
-0.5489
-0.88042
-0.61184
-0.41334
-0.077122
0.23113
0.086051
0.12335
0.37183
-0.0048103
-0.44831
-0.39757
-0.53258
-0.05918
0.45956
1.0118
1.4333
1.3881
1.6009
1.6086
1.7855
1.6932
1.2317
0.85727
0.57405
-0.31526
-1.272
-1.7862
-1.6838
-2.0196
-1.9007
-1.0017
-0.2751
-0.32201
-0.19274
-0.0058206
0.19323
0.60474
0.77273
0.99634
0.93756
0.78247
0.68612
0.25481
-0.1857
-0.73931
-1.0216
-1.0532
-1.01
-0.99331
-0.68469
-0.69568
-0.78147
-0.32943
-0.61366
-0.4609
0.28961
0.84675
1.2736
1.375
1.5367
1.4841
1.1658
0.83203
0.54985
0.19875
0.12034
0.28008
0.3692
0.10361
-0.19166
-0.1904
-0.030008
0.38724
1.0426
1.2054
0.85346
0.80714
0.48423
0.33435
0.42467
0.53198
0.67616
0.72157
0.86229
0.86848
0.46991
0.10111
-0.21248
-0.68906
-0.95462
-1.0238
-1.1188
-0.96007
-0.63768
-0.31963
-0.34749
-0.91813
-0.85891
-0.63023
-0.47623
-0.023618
0.62102
0.45311
0.72845
1.2859
1.2463
1.0849
0.91735
1.009
0.73563
0.30316
0.12914
-0.17135
-0.37568
-0.64573
-0.60742
-0.78875
-1.1835
-1.8652
-1.5826
-0.89159
-0.045545
-0.14705
-0.23628
0.33943
1.0087
1.0962
0.99535
0.89679
0.3913
-0.15178
-0.8506
-1.6593
-1.8098
-2.1225
-2.4453
-2.9112
-2.9639
-1.8667
-0.98885
0.16574
1.669
3.4924
5.2735
7.449
9.2445
9.5635
8.4735
7.4118
8.2584
8.7861
7.8403
6.3915
5.3375
4.4952
3.4392
2.7752
2.5316
1.8343
0.15958
-0.0097349
0.73745
0.67123
0.9328
0.84662
0.89934
0.97366
1.0078
0.8854
0.88787
0.79814
0.47272
-0.032556
-0.68659
-1.4845
-2.4362
-3.4446
-4.5566
-6.153
-8.3329
-10.611
-12.017
-11.625
-11.056
-9.8383
-8.5579
-6.9659
-5.6799
-5.115
-4.735
-4.5315
-4.4445
-4.5021
-4.5787
-4.6108
-4.4679
-3.7428
-3.0238
-2.3208
-2.5573
-3.5806
-2.994
-2.4673
-0.5644
1.5101
3.205
4.3588
4.9865
5.3847
5.3921
4.957
4.1746
3.2436
2.198
0.99773
-0.045978
-0.83402
-1.6011
-2.2485
-2.9952
-4.0696
-4.9791
-5.3401
-4.1604
-2.4273
-1.3533
-1.1484
-0.654
-0.15118
0.56254
1.1974
1.5592
1.5839
1.2243
0.90601
0.70681
0.68975
0.50034
0.17892
-0.075598
-0.19839
-0.010104
0.13988
0.67577
1.1038
1.5119
2.6024
3.9874
5.1626
6.0119
6.3621
6.2695
6.0699
5.6029
4.8813
3.88
2.6814
1.4689
0.33277
-1.018
-2.176
-3.2261
-4.5108
-6.4244
-8.6744
-10.226
-9.4488
-7.7286
-5.3436
-3.4627
-1.9519
-0.65911
0.11669
0.70122
0.89808
0.68101
0.32332
0.0043835
-0.25196
-0.52518
-0.39909
-0.15419
0.22198
0.55587
0.78403
0.82311
1.3699
1.6823
2.4697
3.0922
3.7067
4.1418
4.3935
4.4839
4.307
4.0609
3.4376
2.5357
1.3205
0.19533
-0.93094
-2.3475
-3.8805
-5.7262
-7.3962
-8.3454
-8.3294
-6.6253
-4.4047
-2.8628
-1.8501
-1.3259
-0.90588
-0.64525
-0.35176
-0.11193
0.20758
0.5699
0.62266
-0.21368
-1.1693
-1.1532
-0.90956
-1.0541
-1.0923
-0.09476
1.3255
2.3236
5.0709
7.4343
8.6657
9.1315
8.7553
7.9013
6.9326
5.8695
4.9956
3.9
2.5664
1.0191
-0.46103
-2.243
-4.0489
-6.0928
-8.7705
-11.269
-12.413
-11.535
-8.6359
-5.7158
-4.093
-3.5831
-3.5511
-3.5356
-3.9443
-4.2087
-4.8393
-5.5825
-6.5746
-7.0308
-6.7339
-5.283
-0.86307
4.2782
8.2896
10.278
11.94
13.254
13.918
13.338
11.666
9.3228
6.8863
4.7588
3.0456
1.3362
-0.4297
-2.5728
-4.3857
-5.4172
-6.0348
-6.4054
-6.7776
-7.5355
-9.4808
-10.808
-9.8401
-7.8606
-5.7041
-4.0818
-4.036
-4.6692
-4.7662
-5.1332
-5.3107
-5.7721
-5.9392
-5.4799
-4.7285
-3.9059
-2.8396
-1.1129
0.22375
-0.24854
0.49895
3.2156
6.682
10.785
13.605
14.634
14.259
13.071
11.415
9.4739
6.8625
3.7359
1.0809
-0.91683
-2.0192
-2.5803
-2.3112
-2.0579
-1.6106
2.2259
5.5708
7.2979
8.1281
6.8304
3.6677
-1.0958
-6.2266
-10.811
-14.34
-16.325
-15.846
-14.876
-12.588
-10.01
-4.8471
1.6574
7.0308
10.166
11.043
9.1419
5.8132
2.8041
1.125
0.20857
0.27191
1.4696
3.5298
5.7669
7.7256
8.7973
9.1843
8.9579
8.4969
7.5728
6.5573
6.4469
6.8019
5.4894
2.8218
-1.095
-6.7521
-11.482
-12.594
-11.576
-10.689
-10.763
-11.426
-11.759
-11.955
-11.767
-11.193
-10.579
-9.7916
-8.8099
-7.6433
-6.3651
-4.8912
-3.2696
-1.8573
-0.53418
0.43032
0.53864
1.6511
2.7721
3.5113
4.451
5.4695
6.3565
6.8374
6.7257
6.1379
5.4189
4.8506
4.5926
4.3214
3.8478
3.1526
2.6843
2.2763
0.43161
-3.377
-5.9452
-5.9911
-5.4851
-5.7743
-5.8028
-4.4471
-2.5511
-1.2586
-0.13591
1.2616
3.325
5.0073
6.1703
6.9577
7.8022
9.3674
11.261
11.898
10.749
9.5258
9.0657
8.4991
8.077
7.813
6.8581
5.6037
4.5722
2.7278
1.2556
0.50163
0.21131
0.59647
2.5553
4.538
4.225
1.6943
-0.585
-2.9811
-6.8097
-9.302
-8.4593
-6.5755
-6.4971
-6.4188
-6.1816
-5.093
-3.4152
-2.421
-2.0857
-2.3118
-3.0498
-3.7629
-4.0885
-4.112
-3.4663
-2.4064
-1.4189
-1.3253
-1.2725
0.3711
2.6121
4.2242
5.1003
6.4261
7.6611
8.1861
7.9857
6.8408
5.4405
4.025
2.9625
1.5518
-0.28496
-2.4979
-4.864
-6.9828
-8.5376
-10.802
-13.873
-14.555
-12.028
-9.0921
-5.7448
-4.477
-4.5268
-3.179
-2.2603
-1.6138
-1.1315
-0.63629
-0.41169
0.19835
0.59232
0.70724
1.012
1.0519
0.94674
0.81727
0.5318
1.3828
4.2739
6.2456
8.9228
11.068
11.763
11.75
11.078
10.219
9.1064
7.7204
5.9898
4.1277
2.1856
0.17786
-1.7376
-3.4959
-5.2176
-6.9724
-8.9051
-10.491
-10.872
-9.5349
-6.3971
-3.0825
-1.9194
-1.731
-1.7576
-2.1806
-2.3313
-2.2421
-2.0794
-1.9774
-1.4042
-0.59561
0.29915
1.166
1.9114
2.2895
2.3744
2.3272
2.3951
2.6744
3.6183
6.4573
8.5675
10.01
10.673
10.567
9.8842
8.7921
7.2044
5.2289
3.146
1.151
-0.87891
-2.9518
-4.9237
-7.104
-9.8409
-12.016
-12.87
-12.932
-10.914
-8.1125
-5.5414
-4.3037
-3.8152
-3.4018
-3.6168
-3.6659
-3.5465
-3.346
-2.8408
-2.9202
-2.0497
-1.4869
-0.8651
-0.33457
0.058959
0.0066993
1.13
4.0954
5.1033
6.7162
9.015
10.205
9.8279
9.8517
10.092
9.6098
8.0493
6.4023
4.6315
2.3621
1.0617
-0.82307
-2.7537
-5.3297
-8.6791
-11.499
-13.015
-12.832
-9.4964
-6.0426
-2.6678
-0.89454
0.15726
0.44251
0.55007
0.32272
0.26781
0.17506
0.24156
-0.092618
-0.16804
0.0376
0.29659
0.56046
0.55336
0.78563
2.7004
3.7343
6.06
9.4496
11.285
11.76
11.591
11.051
9.8119
8.2554
6.5162
4.5207
2.4393
0.71988
-0.96574
-2.725
-4.8185
-7.2377
-9.7942
-11.161
-12.462
-14.199
-9.4314
-5.2198
-4.9761
-4.9051
-4.9891
-4.4303
-3.445
-2.6568
-1.8526
-1.1591
-0.45627
0.032379
0.028076
-0.1023
-0.068495
0.092384
0.83298
1.522
1.8423
3.0582
4.2747
6.1409
8.0056
9.3341
9.5124
9.4401
9.2007
8.4359
7.6013
6.1019
4.2399
2.1975
0.31899
-1.3566
-2.8706
-4.474
-5.8422
-6.9179
-8.3584
-9.8474
-10.21
-8.8354
-6.1249
-3.2871
-1.871
-1.6516
-1.8367
-2.1253
-1.9987
-1.5786
-1.1341
-0.80732
-0.62517
-0.66638
-0.76342
-0.83164
-0.6098
-0.35239
-0.017711
0.055721
0.19386
1.2124
2.1257
3.1613
5.1878
6.8183
7.7312
8.0757
8.2467
7.8801
7.0802
5.9115
4.2159
2.5421
0.87107
-0.40832
-1.9639
-3.9631
-7.0079
-9.6994
-10.91
-11.249
-7.1217
-3.0954
-2.2266
-2.5437
-3.2075
-3.5124
-3.7882
-3.562
-3.26
-3.2363
-3.1587
-3.1066
-2.8814
-2.291
-1.8132
-1.6548
-1.8679
-1.7671
-0.47129
1.2352
2.7276
6.3305
9.4579
11.119
11.891
11.825
11.279
10.406
9.183
7.4265
5.2709
2.8477
0.77528
-1.0765
-3.2447
-5.8877
-8.4515
-9.8318
-10.402
-8.6134
-5.3367
-2.2875
-1.241
-1.9395
-2.1237
-2.4319
-2.4355
-2.08
-1.5585
-1.27
-1.1549
-1.0216
-0.76416
-0.38916
0.053657
0.61106
1.0678
0.90168
1.493
3.3792
3.9292
5.6158
9.0311
10.459
11.322
11.221
11.191
11.201
10.243
9.4276
8.0654
6.385
4.7268
2.9697
0.92605
-0.72854
-2.7045
-5.0648
-7.0975
-8.3298
-7.9758
-6.2231
-4.7848
-3.9951
-4.6263
-4.9735
-5.0778
-5.1852
-4.9272
-4.4874
-3.5714
-2.1896
-0.64166
0.85142
2.1989
3.6012
4.706
4.9709
4.9311
5.2302
5.1198
5.931
8.2156
8.9202
9.3665
9.0951
8.6116
7.8398
6.7698
5.2869
3.4801
1.6438
-0.11608
-1.6769
-3.2846
-4.7324
-6.1028
-7.3481
-8.2692
-9.3951
-9.6457
-9.2276
-7.7373
-6.5153
-6.082
-5.4301
-4.5138
-4.1089
-3.1388
-2.2387
-2.0093
-1.3957
-1.0166
-0.36942
0.3376
0.87216
1.0483
0.95652
0.73217
0.86748
1.563
2.1162
4.0938
6.8945
8.1848
9.1968
9.6284
9.3297
8.9267
7.9874
6.9105
5.4288
3.938
2.2711
0.83173
-0.59699
-2.3404
-3.9597
-5.7574
-8.0264
-10.311
-11.726
-11.97
-10.133
-5.5033
-4.58
-4.5251
-3.9128
-3.8067
-3.6225
-3.4172
-2.8498
-2.4959
-2.0933
-1.7824
-1.4103
-1.0852
-0.6859
-0.33486
0.15112
1.3779
3.249
4.6181
5.7911
7.8481
9.5596
10.273
10.03
9.2142
8.0048
6.5772
5.0025
3.0588
1.4359
-0.048986
-1.2882
-2.5363
-3.9875
-5.8124
-7.7078
-9.5565
-10.763
-10.863
-7.9948
-3.9947
-3.8855
-4.3041
-4.192
-3.9422
-4.0245
-4.0437
-3.7455
-3.4209
-2.9025
-2.1295
-1.2369
-0.12809
0.80909
1.4622
1.8285
2.2358
2.291
2.1193
3.4855
5.5466
6.9365
7.9844
8.6441
8.7934
8.5999
7.8875
6.3435
4.645
2.9395
1.342
-0.32445
-2.04
-3.804
-5.7894
-7.8585
-9.4678
-11.258
-9.5674
-8.8185
-5.1808
-2.4767
-2.912
-2.494
-1.6003
-1.4799
-1.1971
-0.90341
-0.58963
-0.50315
0.41411
1.4618
2.3314
3.1845
3.3277
2.9793
2.7004
3.1761
3.6097
4.5605
7.3914
9.3384
9.5739
9.6388
8.9618
8.0619
6.9049
5.4933
3.5952
1.9142
0.42802
-1.3068
-3.2013
-5.1852
-9.2159
-13.797
-16.593
-16.544
-13.924
-7.9143
-5.9582
-6.1348
-5.6401
-5.3293
-4.8925
-4.0265
-3.2064
-2.3762
-1.4901
-0.57448
0.45532
1.3243
1.598
2.077
3.0183
3.3678
3.6716
4.7519
6.914
9.1878
10.179
10.083
9.7981
9.3895
8.7012
6.7114
5.7634
4.0603
2.5657
1.899
2.0059
2.736
3.3113
4.0996
2.2954
-0.75438
-0.77078
-0.25973
-0.41189
-0.27208
0.0062608
0.18598
-0.1678
-0.54795
-0.73347
-0.64681
-0.32666
-0.033259
0.1019
0.30488
1.3114
2.4053
3.9593
3.4056
1.4089
-1.1035
-1.4472
-0.7955
0.33871
1.0333
1.5237
2.1244
3.2251
3.2794
3.0547
1.6968
1.2482
1.125
0.74122
0.33803
-0.097461
-0.57141
-1.0017
-2.0649
-4.6835
-6.888
-7.1174
-5.7777
-5.1107
-4.6237
-5.1575
-5.5968
-5.4864
-5.3947
-5.27
-5.4466
-5.1665
-5.1133
-4.1187
-3.1691
-2.1958
-1.0988
-0.41543
0.76606
1.7547
1.8528
0.30291
-2.252
-2.2449
0.29117
3.5682
6.1145
8.2156
9.3219
9.2514
8.632
7.8978
6.8906
6.8369
6.9425
7.1637
5.6955
3.0275
2.2801
1.6446
0.33038
-1.9783
-5.3012
-8.445
-9.3973
-8.9661
-8.7735
-8.9492
-9.215
-9.7067
-10.328
-10.407
-10.498
-10.308
-9.7215
-8.8151
-7.5468
-6.1954
-5.0159
-3.8445
-2.6835
-1.7114
-0.56903
0.037883
0.48203
2.8625
4.9518
7.0737
9.1393
10.75
11.862
11.51
10.74
9.5297
8.1316
6.4668
4.5463
2.663
0.97344
-0.73875
-2.5106
-4.4787
-6.7348
-9.9266
-12.198
-13.317
-13.099
-11.444
-7.491
-4.8246
-2.2863
-0.49735
0.46233
0.84757
1.0816
1.3265
1.6583
1.9319
1.9209
1.3569
1.1256
0.99946
0.72858
0.23582
0.049211
1.1897
1.6578
4.0613
6.9936
9.3263
10.782
10.94
10.032
8.8099
7.6446
6.0963
4.0584
1.9379
0.10019
-1.1327
-2.4874
-3.6828
-5.6037
-8.332
-9.65
-9.94
-8.9081
-6.2383
-2.9551
-2.2498
-3.2744
-4.0611
-4.9332
-5.4336
-5.3825
-5.0393
-4.6921
-4.1366
-3.4041
-2.3639
-0.89938
0.90358
2.7038
4.0943
5.0544
5.6055
6.3746
6.5915
6.3158
6.7512
6.6205
6.3184
6.0245
5.7976
5.3522
4.8125
3.8968
2.715
1.336
-0.0098985
-1.2969
-2.7842
-4.854
-7.7026
-10.156
-11.362
-10.49
-8.4194
-4.7237
-2.6894
-1.7095
-0.90047
-0.97795
-1.2264
-1.3877
-1.3634
-1.1585
-0.60509
0.23958
0.78139
0.64729
0.15519
-0.10857
-0.036894
0.17891
0.26362
1.106
2.0507
3.3898
6.0284
8.219
9.6972
10.552
10.595
10.189
9.5068
8.3056
6.624
4.7852
2.8586
1.0603
-0.98331
-3.0209
-5.2626
-7.7541
-10.596
-13.795
-15.353
-14.644
-10.45
-5.6267
-2.6527
-1.7262
-1.7612
-1.8427
-1.8637
-1.7623
-1.6609
-1.6277
-1.8496
-1.9296
-1.8982
-1.6973
-1.4417
-1.4045
-1.1967
-0.31723
1.1674
3.2741
5.9089
8.6796
10.703
11.67
11.766
11.301
10.285
9.0133
7.3992
5.6392
3.6672
1.8137
0.18862
-1.6453
-3.4877
-5.6496
-8.3913
-10.373
-10.402
-9.2133
-6.5915
-4.5229
-4.303
-4.6194
-4.9064
-5.1916
-5.1025
-4.3995
-3.3573
-2.1337
-0.54094
1.016
2.3742
3.3368
3.9762
4.2128
4.0579
3.1077
1.7482
1.3785
1.56
2.9887
5.7911
7.7429
9.3847
10.311
10.772
10.665
10.012
8.783
7.1473
4.8904
2.6007
0.39015
-1.8118
-3.9489
-6.2114
-8.419
-9.6782
-9.7851
-9.141
-7.8684
-6.1625
-5.2336
-4.825
-4.6527
-4.4662
-4.107
-3.7934
-3.3169
-2.7283
-2.0317
-1.3746
-0.71217
-0.050241
0.55981
1.1277
1.6702
2.3682
4.0094
4.8302
5.7877
7.4788
8.3333
8.912
9.0726
8.8549
8.2935
7.4356
6.3686
5.0596
3.4865
1.9209
0.22404
-1.473
-3.2287
-5.1116
-6.7157
-8.3614
-9.7959
-10.159
-8.5735
-8.0433
-4.1257
-1.0642
-2.2675
-2.6153
-2.5343
-3.0293
-2.7725
-2.6737
-2.7283
-2.4041
-1.9465
-1.3724
-0.53873
0.71404
2.526
4.4251
5.5475
5.6029
6.7902
7.8485
8.8406
9.0847
9.0077
8.848
8.5112
7.9134
6.8828
5.6176
4.2363
2.7504
1.1784
-0.30569
-1.8978
-3.2376
-4.7804
-6.4642
-8.548
-10.375
-11.05
-10.549
-7.5299
-4.3541
-3.4864
-3.4522
-3.936
-4.3965
-4.6943
-4.8822
-4.8588
-4.6056
-3.901
-2.7338
-1.3537
-0.056215
1.1891
2.2858
2.9093
3.0818
4.068
5.1726
6.7244
8.6579
9.3981
9.6717
9.6764
9.5981
9.0648
8.1329
6.7633
4.8731
2.8191
0.87237
-0.81156
-2.5632
-4.3718
-6.3842
-8.7778
-10.937
-12.203
-11.54
-9.1523
-5.7405
-4.4909
-4.4047
-4.503
-4.6411
-4.4168
-4.137
-3.8534
-3.4643
-2.9341
-2.2515
-1.4442
-0.82489
0.043575
1.4644
2.5225
3.8585
6.0214
7.9597
9.3981
10.933
11.802
12.125
12.126
11.594
10.245
8.3181
6.1028
3.8882
1.7331
-0.34522
-2.1751
-4.0996
-6.0413
-8.0818
-10.098
-11.53
-11.484
-10.355
-7.7455
-5.0618
-4.0008
-3.4227
-3.1263
-2.5527
-2.3986
-1.9152
-1.234
-0.46121
0.2211
0.89328
1.3191
1.5235
1.3216
0.99353
0.32625
-0.39729
0.68283
1.7215
3.1219
5.6691
7.0386
7.8524
8.1779
8.0896
7.7922
7.0919
5.8158
4.3042
2.7641
1.3308
-0.23208
-1.7789
-3.3286
-4.877
-6.8677
-8.7484
-10.125
-10.526
-8.3368
-4.7636
-3.0585
-3.2542
-3.2738
-3.3331
-2.8608
-2.6207
-2.3556
-1.6065
-1.0411
-0.34502
0.34821
0.77221
0.81493
0.56518
0.010875
-0.62201
-1.0359
-0.030791
0.74356
2.437
6.0275
8.6921
10.147
10.946
10.927
10.537
9.5765
8.2281
6.272
4.0476
1.8396
-0.1607
-2.2134
-4.3614
-6.7114
-9.6721
-13.599
-17.432
-20.084
-17.511
-13.36
-9.0341
-5.1622
-4.7151
-3.7489
-3.2079
-2.7052
-1.8468
-0.95098
0.0010582
1.2081
2.488
3.4087
3.8358
4.0982
4.3368
4.3004
4.0373
3.5268
4.1102
4.4428
5.7834
7.694
9.1873
10.013
10.685
10.557
10.017
9.2535
8.0831
6.6027
4.5895
2.3615
0.23339
-1.7988
-3.7896
-5.7903
-8.2965
-10.756
-11.631
-10.553
-7.1512
-1.9522
0.2849
-0.055353
-0.4073
-0.99963
-1.8442
-1.952
-2.2363
-2.499
-2.7305
-2.8413
-2.8184
-2.7178
-2.1401
-1.3759
-0.22359
1.0646
2.0853
2.8958
4.1107
5.2938
6.9443
8.3463
8.7891
9.2146
9.2025
8.9661
8.3995
7.5455
6.2383
4.6804
3.1188
1.6574
0.29297
-1.0235
-2.4361
-3.9533
-5.4791
-7.4615
-9.2189
-9.5444
-8.1926
-4.8679
-3.7388
-4.461
-5.0388
-5.924
-5.8336
-5.6345
-5.2613
-4.5532
-3.6309
-2.577
-1.5081
-0.67504
-0.0025971
0.45878
0.8213
1.1278
1.5359
2.4496
4.0097
5.6964
7.9277
8.9826
9.5786
9.9388
9.9245
9.3644
8.4839
7.2901
5.8695
4.3463
2.7837
1.3698
-0.14669
-1.8248
-4.0355
-6.5898
-7.8987
-9.0817
-9.2306
-6.1638
-4.8973
-5.2224
-5.6232
-6.0656
-6.3456
-6.0457
-5.634
-4.9761
-4.0118
-2.8239
-1.633
-0.27469
0.75178
1.7433
2.7492
3.2707
3.0121
2.9845
2.6931
4.2313
5.879
6.5616
6.9521
7.2468
7.1771
7.0443
6.5456
5.6509
4.5095
3.5185
2.6586
1.8624
1.1723
0.3399
-0.74871
-2.3829
-4.6424
-7.2806
-8.8848
-8.3216
-5.2544
-2.9319
-3.5892
-4.1598
-4.4402
-4.4385
-4.3316
-4.2113
-3.9832
-3.6421
-3.0932
-2.123
-1.0788
0.053263
1.0922
2.1121
2.9918
3.4205
2.9089
2.0003
1.5885
1.8394
3.3319
4.3532
5.0588
5.4682
5.6648
5.6206
5.1319
4.1612
3.1142
2.1137
1.2193
0.063513
-1.2617
-2.5719
-4.0506
-6.2508
-8.4004
-9.8517
-10.574
-8.9618
-6.024
-4.0743
-3.4044
-2.6461
-2.1191
-1.9166
-1.638
-1.2227
-0.81013
-0.2224
0.50055
1.1218
1.8084
2.3739
2.8462
3.1818
3.3218
2.6648
2.3239
3.1977
3.3592
4.7393
6.4041
6.1145
6.1799
6.0011
5.4877
5.0376
4.3062
3.1937
1.8687
0.77593
-0.25542
-1.301
-2.6147
-4.0641
-5.6163
-7.4096
-9.6327
-11.015
-11.266
-8.1104
-4.5921
-3.3335
-3.5986
-3.6722
-3.7989
-3.4565
-2.9528
-2.3237
-1.684
-0.71603
0.29895
1.184
1.9625
2.6521
3.1662
3.5738
3.5587
3.3093
3.9341
4.5692
5.4388
7.3884
8.4129
8.9618
8.6757
8.0879
7.2408
6.3842
5.2847
3.855
2.331
0.60959
-1.2486
-3.1548
-5.3042
-7.997
-10.679
-11.92
-11.841
-9.4838
-5.9617
-3.6753
-3.6387
-3.7875
-3.833
-3.9613
-3.7139
-3.226
-2.7039
-2.0971
-1.3309
-0.52908
0.19158
0.90306
1.6783
2.1327
2.0504
2.4515
3.1968
2.6943
4.6514
7.0512
7.9368
8.5523
8.7423
8.6839
8.0835
7.0373
5.454
3.441
1.5884
-0.22295
-2.1035
-3.9473
-6.0444
-8.516
-10.602
-11.142
-10.108
-7.2862
-2.7346
-1.1349
-1.6929
-1.9268
-2.4027
-2.9282
-2.9835
-2.8364
-2.4728
-2.1634
-1.7456
-0.9041
0.11869
1.1789
2.466
3.6941
3.8796
3.3403
2.254
1.2331
2.6432
4.8185
6.1889
7.2836
7.8935
7.9533
7.5295
6.927
5.9517
4.4515
3.0792
1.6181
0.027862
-1.8373
-3.7101
-4.9869
-5.5596
-6.3474
-6.508
-5.6241
-2.0016
1.4165
0.55946
-0.83588
-2.0581
-2.9006
-3.2294
-3.6482
-3.7898
-3.7811
-3.4723
-2.8937
-2.1516
-1.3196
-0.50704
0.48142
1.5435
2.0362
1.5197
1.895
3.5954
5.9768
8.6783
9.0782
9.1453
9.0224
8.4973
7.7
6.9278
5.6886
3.8584
2.0316
0.19628
-1.5332
-3.1077
-4.4727
-5.463
-6.1868
-6.8915
-7.7173
-7.5633
-5.8946
-1.8521
-0.041394
-1.056
-2.0016
-2.8086
-3.3547
-3.588
-3.657
-3.6452
-3.4478
-2.8401
-2.1817
-1.3405
-0.59444
0.24476
0.88726
1.2589
1.5636
2.6363
4.1799
6.0954
8.0212
8.993
9.4639
9.5808
9.1475
8.3779
7.3434
6.1526
4.6216
2.9569
1.4612
-0.20757
-2.1741
-4.2172
-6.8205
-8.9341
-10.201
-9.7669
-7.5594
-4.9631
-3.6512
-3.5165
-3.0682
-2.9612
-2.862
-2.7823
-2.7866
-2.917
-2.808
-2.4487
-1.8208
-1.0729
-0.25255
0.42676
0.96626
1.5645
2.9192
5.1743
7.1088
9.1804
10.195
10.475
10.225
9.5951
8.6579
7.6213
6.2374
4.4567
2.5835
0.8516
-0.87835
-2.4522
-4.1824
-5.5249
-6.7659
-8.2874
-10.053
-9.9885
-7.6909
-4.3913
-1.8394
-2.0564
-2.4854
-2.9224
-3.1891
-3.3934
-3.4698
-3.4324
-3.0333
-2.4085
-1.5798
-0.68248
0.45393
1.7044
2.3133
3.0954
3.8829
4.4367
5.6635
6.5989
7.0213
7.5516
7.958
8.1857
8.3168
7.9801
7.2477
5.9418
4.4458
2.7839
0.82801
-1.5976
-4.1773
-6.8451
-9.7275
-12.331
-13.023
-11.126
-6.9027
-1.206
-1.407
-2.5626
-3.4708
-4.438
-4.7289
-4.6177
-4.5908
-4.1732
-3.4153
-2.68
-1.8782
-1.1286
-0.3503
0.67062
1.7487
2.4932
2.8954
4.0759
4.9579
6.8616
8.7601
9.18
9.9136
10.213
9.65
8.7939
7.6187
6.0019
4.1208
2.2133
0.28567
-1.5614
-3.5777
-5.7929
-8.1671
-10.671
-12.075
-12.353
-10.807
-6.4032
-2.2166
-2.1299
-2.5586
-2.6891
-2.9218
-2.7637
-2.3258
-1.7919
-1.2071
-0.59162
-0.041453
0.48774
0.89804
1.3883
1.8668
2.1125
2.2523
2.62
4.6432
5.9002
7.7715
9.2475
9.3964
9.4076
8.97
8.2645
7.5624
6.6642
5.4687
3.9705
2.5022
0.98699
-0.60232
-2.2631
-4.4796
-7.2888
-9.9942
-12.349
-13.155
-10.898
-6.6794
-4.48
-4.159
-4.4398
-5.115
-5.3237
-5.1172
-4.7138
-4.0631
-3.2759
-2.5533
-1.6875
-0.89687
-0.096838
0.7394
1.3789
1.7135
1.763
2.9077
4.4441
5.4951
7.249
8.4424
9.0116
9.3964
9.3315
9.2492
8.9787
8.2069
7.0841
5.4959
3.819
2.155
0.5035
-1.5214
-3.8466
-6.5201
-9.7669
-11.858
-11.371
-9.3146
-6.2872
-3.4562
-2.9411
-3.1796
-3.1843
-3.2938
-3.103
-3.0159
-2.8701
-2.9093
-2.9459
-2.5349
-2.1355
-1.2378
-0.23244
0.8819
1.7997
2.0495
1.9396
3.341
4.538
6.7525
9.0137
9.405
9.3981
8.8982
8.1338
7.3187
6.3058
5.0181
3.318
1.5703
-0.17353
-1.989
-4.0765
-6.5504
-9.0042
-10.82
-11.079
-10.002
-8.3255
-5.7466
-3.5658
-3.0965
-2.8174
-3.1735
-3.5755
-3.7054
-3.9882
-3.9513
-3.3226
-2.578
-1.7515
-0.69733
0.32832
1.1547
1.8155
2.3777
3.3744
4.8068
6.1898
7.3936
8.3878
9.3315
10.172
10.297
10.048
9.541
8.6021
7.1897
5.4037
3.4698
1.4921
-0.65257
-2.6711
-4.6389
-6.4062
-7.8641
-9.115
-9.9729
-10.036
-8.8895
-5.521
-1.1206
-0.71031
-1.2281
-1.9281
-2.627
-3.0678
-3.1174
-3.1229
-2.9946
-2.4678
-1.674
-0.80576
0.18036
1.2783
2.1877
2.2447
1.0391
-0.62452
-1.5919
-1.3935
1.2259
2.7899
1.8172
0.9112
0.13659
-0.4964
-0.98184
-1.5054
-2.0261
-2.2695
-2.2591
-2.2053
-2.276
-2.789
-3.524
-3.9362
-3.5451
-2.5312
-1.8418
-1.8427
-2.3113
-2.8266
-2.7377
-2.4557
-2.1968
-2.1124
-2.1331
-2.06
-2.1866
-2.5202
-2.335
-1.5819
-0.081472
1.7695
3.8928
6.2136
8.351
10.197
9.8946
8.3562
6.0885
3.7681
4.741
5.4115
5.1657
4.2856
3.4437
2.9387
2.3662
1.629
0.71854
-0.42184
-1.5439
-2.7788
-3.9309
-5.2851
-6.8157
-8.8601
-10.494
-11.211
-10.721
-8.6372
-5.0808
-2.8152
-2.8701
-2.546
-2.0121
-1.2861
-0.28803
0.91865
1.7866
2.5263
3.1626
3.8587
4.4675
4.8951
5.4037
6.2621
6.9832
6.8404
6.469
6.9992
7.2066
8.2411
9.1916
8.8631
8.8501
8.4138
7.8957
7.2364
6.3469
5.0211
3.2569
1.2491
-0.81909
-2.9634
-5.022
-6.6547
-7.8576
-9.4509
-11.089
-12.925
-13.271
-9.979
-4.5203
-3.0702
-3.8649
-3.9999
-4.4376
-4.2631
-3.9094
-3.7143
-2.9968
-2.0403
-1.1037
-0.022378
0.73356
1.1285
1.5016
2.0506
2.4121
2.5376
3.2877
5.3328
6.2127
9.9517
11.51
11.994
11.99
11.359
10.184
9.0566
7.6312
5.5786
3.1563
0.68789
-1.7904
-3.9702
-5.9755
-7.5866
-8.9692
-10.554
-12.006
-12.655
-11.848
-8.4705
-3.0636
-1.9724
-2.9896
-2.9748
-2.7971
-2.1931
-1.4298
-0.47207
0.042442
0.47458
0.86939
1.4525
1.6908
1.7963
2.3083
2.6701
3.1099
3.3566
4.7116
5.9898
7.8546
9.3704
10.111
10.193
10.011
9.4237
8.7484
7.8126
6.3859
4.7155
2.89
1.1466
-0.54769
-2.0925
-3.7447
-5.7898
-8.1654
-10.435
-11.994
-11.446
-8.6463
-4.9073
-3.5655
-4.4164
-6.0201
-6.9599
-7.3035
-6.9824
-6.1833
-5.0436
-3.5239
-1.6688
-0.17473
0.77139
1.1484
1.7228
2.3742
3.1178
3.9972
5.4414
6.8079
7.1096
8.5636
8.9432
8.6406
8.3
7.6663
7.0421
6.4759
5.5475
4.3783
2.8593
1.2465
-0.3405
-1.9439
-3.835
-6.1167
-8.3809
-10.439
-11.378
-11.518
-10.339
-8.0896
-4.7783
-3.1405
-2.2667
-1.6735
-1.5422
-1.3034
-0.90739
-0.56453
0.020514
0.38978
0.77373
0.87064
0.8261
0.75477
0.67677
0.47822
0.36445
1.3492
3.123
4.5121
7.7195
9.8327
11.118
12.241
12.283
11.635
10.614
8.9644
7.0793
4.8774
2.6187
0.65114
-1.2152
-3.0824
-5.0163
-7.1611
-9.1973
-10.216
-10.287
-9.0055
-6.0284
-3.5249
-3.6362
-4.5341
-5.1094
-5.1371
-4.8172
-4.1139
-3.382
-2.6093
-1.7513
-0.84857
0.13982
0.8532
1.2986
1.6116
1.7881
1.7981
2.0679
3.7466
5.4479
7.3823
9.3747
9.9141
10.283
10.271
9.9491
9.0397
7.8883
6.3582
4.4134
2.5918
0.7494
-0.97033
-2.9222
-5.3812
-8.1818
-11.578
-14.42
-14.797
-13.005
-10.063
-4.3185
0.069512
0.10627
-0.3101
-0.69451
-1.2207
-1.5321
-1.7085
-1.6729
-1.3361
-1.0514
-0.78117
-0.46302
0.018938
0.53947
0.92388
0.93557
1.677
3.1052
4.4476
7.1343
9.3514
10.358
10.912
10.775
10.03
8.8947
7.4611
5.6907
3.5445
1.2953
-0.92094
-3.015
-5.4102
-8.0156
-11.076
-13.891
-14.228
-13.758
-9.6704
-2.7422
-0.74412
-1.8002
-2.4197
-3.2948
-3.8807
-3.915
-3.8527
-3.2907
-2.335
-1.3729
-0.77745
-0.27205
0.36337
1.1661
2.1848
2.9506
4.2993
6.3452
8.0433
10.546
11.722
11.388
11.291
10.934
10.235
9.0337
7.6849
6.0881
4.39
2.5994
1.0024
-0.60725
-2.3722
-4.6216
-7.2014
-9.9729
-11.82
-11.645
-11.206
-8.0069
-4.0309
-3.5019
-4.2146
-4.0965
-4.2446
-4.1409
-3.7241
-2.9744
-2.0621
-1.1169
-0.50393
0.17562
0.77368
1.4166
2.5198
3.4201
4.4558
5.6288
5.9634
6.3413
7.1542
7.871
8.7791
9.3492
9.4747
8.8384
8.0792
7.0144
5.5375
3.6713
1.6171
-0.34121
-2.4039
-4.3883
-6.7594
-9.5219
-12.309
-13.505
-12.691
-11.64
-5.6596
-1.8485
-1.5678
-1.6603
-2.2509
-3.0684
-3.515
-3.6225
-3.2936
-2.1421
-1.013
-0.04207
0.79606
1.6979
2.8185
4.103
4.9648
5.3661
6.1266
6.4266
7.4901
8.6709
8.883
9.1025
9.2103
8.6112
7.9437
7.3139
6.3712
4.9999
3.3313
1.7076
-0.029941
-1.6287
-3.4249
-5.6725
-8.4779
-10.695
-11.574
-9.9916
-8.0346
-4.5657
-3.2117
-3.2522
-3.5845
-3.9292
-4.2627
-4.312
-4.1947
-4.1627
-3.9412
-3.3568
-2.5305
-1.5783
-0.94907
-0.59829
-0.8387
-1.4149
-0.40946
0.27571
1.7856
3.1869
3.8296
4.2597
4.5458
4.4458
4.132
3.8248
3.0531
1.811
0.82402
-0.067486
-0.28474
-0.3522
-0.67798
-0.76992
-1.0038
-1.6583
-1.7031
-1.3383
-0.22093
0.95319
2.1744
2.8516
2.7409
1.903
1.084
0.93431
1.2137
1.2906
1.3508
1.3304
1.1892
0.9905
0.76065
0.18425
-0.54907
-1.7696
-2.1015
-1.7307
-0.90834
0.068053
0.90817
0.37983
0.080476
1.5318
2.7783
3.6679
3.6768
2.423
0.63859
-0.18103
-0.28053
-0.33371
-0.73001
-1.6434
-2.5433
-3.1405
-2.8955
-2.6121
-2.3544
-2.3513
-2.5049
-2.9939
-3.1938
-2.6721
-1.6419
-0.68551
0.67404
1.7509
1.9731
1.7415
1.4722
0.89531
0.37496
-0.069373
-0.48021
-1.0494
-1.9778
-2.6173
-2.8734
-2.8066
-2.4799
-1.1942
0.067322
0.88016
1.4765
1.6076
1.7249
1.5671
1.2363
0.96613
0.62508
0.31434
-0.12223
-0.59435
-0.86679
-0.56899
-0.024043
0.4638
0.53531
0.1992
0.17531
0.21454
0.33337
0.49259
1.223
1.8994
2.2162
2.0587
1.5012
0.80121
-0.15818
-1.0017
-1.726
-2.1743
-2.8635
-3.6349
-3.9272
-3.4471
-2.9383
-2.3449
-0.99188
-0.048164
0.32941
0.72386
1.2779
1.3396
0.94626
0.98349
1.223
1.2068
1.0129
0.7894
0.54176
0.067746
-0.28375
-0.36129
-0.65486
-1.3088
-1.5945
-1.0209
-0.6372
0.080493
1.1611
2.351
2.53
1.7149
0.73927
0.46099
0.75239
0.87614
0.70482
0.054401
-0.565
-1.2748
-1.7967
-2.0553
-1.9788
-1.6123
-1.061
-0.025196
0.34431
-0.2414
-0.43822
-0.6008
-0.45216
-0.26504
-0.34881
-0.43484
-0.60154
-0.81437
-1.1484
-1.4242
-1.4182
-1.1107
-1.0767
-0.69902
-0.15491
0.45164
0.90947
1.2305
1.7714
2.6286
2.9287
2.8128
2.4918
2.1923
1.8689
