219
186
157
143
130
119
140
355
881
1092
379
67
19
83
94
108
107
118
116
115
135
151
161
184
204
240
271
330
383
455
507
566
587
589
536
460
374
301
252
221
187
180
173
177
180
184
183
188
187
190
193
198
189
194
189
190
185
194
186
188
182
179
167
170
178
189
202
231
237
290
278
285
250
204
161
149
150
138
113
281
687
1266
593
136
8
57
88
97
102
100
101
117
119
134
140
156
169
203
231
282
335
399
451
512
541
550
500
433
351
276
210
176
141
134
119
121
120
114
116
126
118
118
119
116
112
115
115
115
109
109
101
104
101
111
96
100
104
104
110
154
162
199
225
232
200
167
121
98
86
81
53
123
376
1006
909
255
-13
-17
30
46
46
49
58
64
68
76
80
95
114
136
154
193
238
301
361
414
459
483
465
408
323
242
165
114
75
54
47
47
40
43
40
35
36
39
39
54
44
34
26
32
24
24
21
30
50
44
17
20
14
18
18
25
47
69
84
128
123
125
83
41
3
-6
-13
-17
-34
150
585
1083
381
-46
-130
-73
-48
-47
-41
-35
-31
-20
-25
-3
15
29
50
79
118
167
226
293
355
403
442
454
414
341
260
181
120
84
59
48
43
42
40
44
44
47
51
55
56
56
60
62
61
60
58
55
54
53
52
52
53
59
52
56
77
92
125
139
178
194
202
172
131
96
76
75
67
49
184
504
1149
675
121
-34
9
48
60
67
73
83
86
99
106
126
135
159
185
221
272
325
393
459
514
553
579
560
487
405
334
267
222
193
178
167
167
167
164
172
174
177
171
177
183
182
177
182
178
174
173
169
175
167
162
165
161
165
157
155
163
165
180
207
221
261
266
271
234
183
145
137
123
102
95
252
664
1223
559
104
-14
35
67
68
71
68
73
82
87
86
105
119
143
166
199
240
299
365
423
474
513
525
497
427
345
259
192
146
118
103
92
88
88
89
91
90
89
84
95
94
93
91
87
79
81
76
74
69
70
65
67
62
59
61
74
109
124
157
174
176
143
96
49
29
24
9
-26
97
415
1078
612
37
-130
-96
-55
-41
-38
-45
-40
-38
-33
-27
-2
5
22
44
75
114
170
234
297
345
389
406
382
314
228
144
76
27
-3
-22
-28
-29
-31
-30
-26
-27
-24
-24
-19
-17
-12
-19
-19
-24
-28
-30
-22
-27
-21
-23
-19
-14
-26
-21
-13
-12
-2
38
57
81
118
114
88
47
7
-18
-17
-16
-34
51
316
937
740
108
-117
-104
-61
-47
-43
-45
-36
-26
-20
-16
-4
11
32
52
89
129
186
244
307
365
412
433
420
355
292
204
128
79
44
10
3
2
3
1
3
7
13
1
10
9
17
10
12
1
9
-2
-9
-10
2
-8
-6
-4
-10
-11
8
14
53
66
104
119
144
97
66
16
1
1
4
-29
96
412
1066
623
82
-101
-76
-39
-10
-11
-5
-6
-1
6
23
30
43
57
92
123
168
221
288
348
404
437
465
447
390
301
219
140
93
56
37
19
23
15
15
11
15
8
3
6
15
-1
2
-7
-7
-18
-16
-24
-31
-37
-29
-35
-33
-33
-16
15
32
60
81
77
47
-1
-39
-60
-65
-74
-105
24
370
1029
529
-28
-185
-154
-109
-102
-93
-93
-86
-83
-71
-35
-41
-40
-11
8
64
100
158
217
287
341
376
392
372
300
219
135
74
22
-1
-19
-24
-34
-28
-31
-23
-24
-18
-21
-12
-14
-5
-11
-6
-14
-11
-19
-12
-18
-14
-19
-10
-11
-7
-6
2
47
68
95
115
120
89
45
14
-8
-11
-20
-37
91
424
1067
566
18
-129
-95
-60
-55
-46
-47
-39
-41
-29
-26
-11
-1
24
43
85
116
174
232
295
340
386
400
378
307
228
136
74
17
10
-13
-15
-28
-22
-24
-21
-29
-20
-18
-14
-15
-15
-21
-16
-23
-17
-26
-25
-33
-32
-37
-29
-37
-31
-34
-28
-24
10
34
56
93
100
90
59
3
-20
-33
-27
-32
-34
151
612
1021
338
-63
-135
-78
-41
-41
-28
-40
-26
-21
-10
-4
16
22
51
79
116
161
230
284
354
404
445
461
422
344
262
185
129
88
68
54
50
45
51
48
65
67
84
76
77
78
77
63
84
74
85
71
79
77
83
78
82
77
83
77
98
131
148
177
199
203
177
125
85
67
64
40
19
111
430
1085
720
130
-74
-75
-11
-1
5
5
16
5
16
20
39
43
67
84
125
156
210
263
336
377
423
445
432
367
283
188
128
68
40
9
4
-2
7
-3
7
-2
5
1
13
9
11
-1
11
-3
3
-15
-6
-18
2
-5
2
-7
-1
2
34
56
82
108
132
112
92
36
12
-2
5
-17
-23
167
671
1088
361
-40
-106
-56
-25
-22
-11
-14
-2
0
15
21
40
54
83
100
148
187
254
310
382
425
467
469
431
346
264
178
124
77
56
30
36
30
33
29
35
27
32
28
33
21
26
18
22
7
14
0
2
-11
-5
-13
-7
-14
-2
-4
16
45
62
90
110
113
86
35
4
-24
-26
-35
-53
74
403
1059
564
-3
-151
-126
-77
-75
-67
-76
-60
-65
-49
-48
-30
-26
0
16
54
89
151
210
279
314
354
359
335
256
177
84
23
-34
-62
-87
-93
-104
-99
-114
-108
-116
-117
-125
-118
-134
-123
-134
-133
-147
-150
-172
-158
-173
-172
-187
-181
-194
-197
-202
-202
-210
-175
-170
-149
-125
-126
-152
-183
-247
-265
-285
-300
-331
-254
-10
601
436
-207
-450
-448
-418
-401
-415
-411
-419
-418
-429
-418
-421
-408
-404
-370
-354
-317
-275
-209
-159
-104
-66
-36
-61
-134
-240
-309
-398
-451
-501
-510
-538
-538
-559
-550
-559
-556
-574
-560
-569
-571
-590
-575
-585
-585
-609
-612
-627
-622
-628
-638
-652
-649
-666
-661
-657
-626
-621
-589
-567
-577
-605
-620
-685
-708
-723
-720
-753
-741
-519
59
213
-497
-825
-860
-824
-795
-792
-787
-805
-792
-795
-781
-776
-758
-752
-724
-710
-670
-625
-570
-499
-439
-404
-363
-391
-434
-524
-613
-703
-756
-805
-824
-835
-841
-857
-844
-862
-863
-873
-874
-873
-869
-882
-882
-893
-894
-904
-902
-917
-917
-928
-931
-940
-933
-944
-932
-912
-885
-870
-829
-841
-841
-894
-939
-964
-971
-983
-992
-992
-759
-217
53
-703
-1052
-1104
-1056
-1038
-1037
-1040
-1021
-1014
-1004
-1005
-996
-993
-971
-948
-908
-883
-830
-776
-700
-650
-593
-566
-560
-619
-693
-781
-854
-913
-941
-971
-969
-985
-979
-987
-978
-980
-972
-968
-956
-957
-953
-960
-951
-957
-945
-946
-945
-947
-955
-948
-935
-943
-928
-937
-921
-907
-867
-854
-813
-804
-792
-826
-856
-901
-908
-916
-907
-940
-787
-446
224
-327
-874
-1020
-960
-935
-920
-922
-906
-910
-894
-894
-871
-867
-843
-826
-793
-761
-713
-659
-581
-525
-464
-419
-390
-419
-479
-577
-646
-718
-753
-786
-786
-800
-792
-799
-786
-786
-778
-782
-773
-776
-766
-770
-758
-763
-752
-762
-753
-759
-751
-758
-746
-752
-747
-751
-742
-747
-732
-730
-694
-677
-650
-614
-605
-614
-648
-681
-708
-725
-722
-732
-733
-569
-163
413
-249
-717
-812
-764
-724
-723
-715
-707
-692
-691
-674
-671
-653
-636
-606
-582
-539
-504
-434
-367
-295
-257
-205
-196
-225
-298
-379
-461
-516
-561
-576
-587
-583
-599
-592
-585
-577
-580
-564
-561
-548
-553
-540
-543
-532
-537
-530
-537
-530
-532
-525
-529
-519
-516
-502
-499
-499
-488
-471
-444
-411
-389
-325
-336
-345
-381
-413
-441
-442
-443
-446
-448
-213
302
593
-130
-482
-551
-479
-448
-431
-430
-413
-408
-391
-375
-353
-342
-319
-292
-261
-232
-168
-112
-40
19
80
106
115
72
13
-81
-150
-210
-234
-266
-278
-286
-284
-288
-283
-286
-268
-274
-256
-265
-253
-262
-253
-249
-246
-256
-251
-248
-248
-249
-244
-248
-242
-245
-237
-236
-217
-182
-163
-136
-119
-114
-137
-180
-218
-246
-242
-253
-275
-162
172
830
386
-188
-356
-319
-276
-270
-263
-258
-245
-253
-230
-227
-205
-195
-169
-147
-108
-79
-20
55
123
175
224
246
233
162
89
-14
-71
-124
-148
-168
-167
-179
-170
-176
-165
-172
-161
-167
-155
-160
-151
-155
-149
-153
-152
-158
-152
-157
-152
-159
-152
-157
-147
-151
-142
-142
-125
-93
-71
-58
-15
-12
-26
-65
-100
-133
-131
-144
-153
-93
165
766
703
21
-217
-216
-165
-156
-144
-145
-132
-132
-116
-108
-84
-67
-46
-27
9
43
101
150
223
278
336
365
358
298
220
135
64
-2
-37
-64
-74
-72
-75
-78
-72
-79
-77
-81
-77
-80
-72
-72
-73
-84
-91
-91
-86
-100
-100
-112
-100
-98
-100
-101
-90
-87
-50
-29
-10
23
30
19
-3
-54
-81
-92
-95
-111
-91
114
627
897
205
-146
-202
-150
-116
-110
-104
-101
-98
-84
-78
-69
-49
-39
-9
23
53
97
164
221
290
338
376
383
350
274
184
105
46
8
-5
-22
-24
-26
-14
-17
-9
-15
-9
-9
-1
1
-2
2
3
-7
-11
-4
-5
-19
-14
1
2
2
-1
3
20
46
60
92
124
117
101
54
9
-7
-11
-28
-57
53
378
1040
639
56
-138
-120
-74
-71
-60
-58
-56
-49
-34
-26
-13
0
20
38
79
105
161
228
295
343
388
411
396
328
250
162
99
46
14
-11
-13
-18
-17
-18
-6
-9
-13
-11
-4
-6
0
-5
-3
-9
-2
-7
-14
-14
-12
-15
-9
-12
-9
-5
2
35
67
73
122
103
115
83
41
3
-2
-9
-15
-10
201
709
1032
305
-53
-101
-46
-25
-24
-21
-9
-4
10
19
30
38
63
81
112
144
191
246
315
368
421
451
453
402
324
237
167
105
69
43
30
13
15
20
25
22
23
23
26
19
24
20
23
16
15
5
4
-5
1
-3
4
-8
-1
2
4
10
19
43
74
84
134
129
131
89
52
20
9
1
-8
4
195
681
1042
327
-43
-105
-45
-23
-20
-10
-4
2
14
25
36
50
71
93
119
155
204
263
333
390
443
480
488
446
369
290
212
159
121
95
86
78
86
84
87
90
90
98
98
106
110
113
114
105
99
94
89
95
88
86
89
92
95
88
87
93
98
100
135
154
165
205
197
186
148
104
74
62
55
44
92
304
854
963
279
-20
-40
8
22
21
29
34
39
39
50
56
77
96
117
137
183
232
289
365
423
461
505
503
450
379
282
213
155
121
95
84
83
84
87
89
89
92
95
96
103
104
98
94
90
90
94
92
92
91
92
89
87
93
96
100
107
109
141
161
183
229
233
233
204
171
131
115
115
103
86
268
698
1235
544
106
-12
43
83
92
94
95
99
109
118
126
136
156
172
195
237
283
336
398
459
510
552
563
537
455
376
302
236
183
144
146
137
135
137
139
137
137
134
141
148
149
143
144
139
133
133
137
129
130
126
127
129
132
122
120
123
132
139
182
194
218
255
257
232
198
153
136
124
119
92
175
440
1054
905
270
29
33
77
94
93
102
104
113
121
126
144
165
182
202
235
285
323
387
451
521
555
590
579
530
443
363
287
231
193
170
160
156
151
149
150
153
152
153
152
157
155
154
144
158
141
149
146
142
138
137
137
140
135
146
130
129
125
131
138
174
186
212
249
243
220
191
149
126
116
108
89
148
385
967
972
291
21
13
58
78
85
87
90
96
100
108
109
143
148
176
203
240
284
347
403
469
514
556
549
505
425
345
264
209
168
146
136
126
123
133
131
135
133
151
132
145
132
142
140
146
135
135
134
134
125
125
121
128
122
119
112
131
125
131
126
139
160
189
203
243
240
248
210
173
128
115
112
109
97
278
701
1226
527
108
14
66
85
100
94
109
112
120
123
138
144
165
184
217
247
298
348
415
473
519
552
587
556
492
403
330
259
219
185
173
160
164
161
166
164
171
164
174
174
181
177
183
179
174
170
173
163
177
175
175
170
172
172
170
176
178
183
185
180
198
223
247
249
303
285
297
256
213
181
169
165
156
181
408
946
1099
412
102
65
124
137
149
143
157
155
166
172
187
199
218
231
284
305
349
400
475
527
584
608
636
586
517
425
353
276
245
211
192
180
189
178
189
186
190
186
192
185
196
184
186
175
177
177
178
168
172
163
173
168
164
166
168
151
160
164
169
205
229
245
280
272
262
223
180
150
142
131
118
175
466
1084
903
281
44
35
97
105
101
103
114
117
129
134
146
164
183
196
237
267
319
369
443
494
548
577
577
525
457
354
289
217
185
156
154
135
144
141
142
139
141
145
150
145
147
143
139
136
141
136
143
141
139
128
140
136
139
132
147
145
159
189
209
227
255
253
233
191
146
119
122
114
82
221
592
1247
693
139
-8
27
64
73
83
79
89
87
102
104
124
133
150
172
210
237
298
355
422
475
526
543
522
455
371
286
223
159
134
109
105
92
97
96
103
101
112
106
114
105
110
102
115
104
107
101
104
97
105
98
106
98
103
98
111
99
112
144
165
179
226
219
219
174
142
102
100
86
82
130
382
977
965
279
1
1
52
62
65
64
76
71
88
92
110
122
150
167
203
233
287
344
416
469
517
540
547
489
417
315
239
185
150
120
114
107
110
105
114
107
118
108
117
106
116
109
114
109
113
102
105
97
108
95
102
95
109
93
100
92
102
89
111
142
166
186
216
206
189
151
113
78
81
69
57
169
476
1128
764
151
-30
4
51
54
62
60
68
69
80
82
101
111
136
158
191
226
293
351
418
463
510
536
535
472
400
300
233
171
151
120
120
99
106
98
104
97
111
96
89
105
104
93
96
87
92
81
90
78
85
61
74
75
75
62
77
64
71
63
88
123
130
153
180
182
151
97
68
47
51
26
7
152
554
1162
576
58
-67
-42
12
9
13
6
24
34
44
50
66
72
104
110
161
188
256
310
382
425
471
487
475
414
322
230
169
110
83
56
58
46
59
46
61
56
58
44
54
54
52
45
49
37
36
26
36
22
30
16
22
22
25
15
21
13
33
59
79
90
128
120
101
54
10
-19
-27
-38
-61
4
318
968
741
87
-147
-153
-102
-93
-87
-78
-67
-87
-64
-62
-36
-43
-5
6
36
68
132
182
256
303
355
384
391
330
257
162
100
33
4
-29
-31
-47
-38
-44
-32
-41
-40
-51
-34
-39
-28
-36
-27
-32
-30
-35
-36
-47
-36
-42
-27
-33
-26
-28
-25
-36
-25
-17
28
37
62
105
107
82
51
9
-12
-30
-33
-50
0
237
847
886
189
-107
-100
-61
-42
-42
-32
-29
-20
-26
-9
-2
21
36
60
83
130
176
238
298
363
399
442
437
405
319
234
145
96
48
34
13
14
6
3
-1
23
18
26
20
28
22
32
24
34
24
30
22
25
15
26
14
19
13
17
9
14
10
19
11
30
61
83
105
147
141
132
87
58
23
19
12
-1
70
338
961
833
165
-65
-64
0
6
20
19
34
36
53
56
77
85
113
134
171
205
257
312
389
432
486
515
519
465
392
296
228
166
138
105
104
86
92
83
93
84
92
89
101
93
101
93
100
94
91
77
89
89
96
85
95
93
91
83
91
86
95
90
99
96
141
146
172
206
211
190
160
110
81
65
72
55
113
345
930
935
266
-20
-23
18
45
47
48
50
66
51
69
70
92
94
120
157
190
222
294
342
405
445
491
484
451
365
286
203
136
83
57
42
35
24
32
19
25
32
32
19
30
17
29
14
17
6
13
-3
11
4
12
2
-1
2
8
1
7
2
5
15
64
75
90
147
145
128
101
41
18
16
17
-4
57
310
918
878
218
-60
-72
-10
21
15
31
31
42
50
70
64
93
106
131
160
214
242
305
373
440
479
514
523
492
415
324
238
187
139
129
104
108
95
102
95
96
96
102
99
102
95
107
92
96
79
84
76
79
68
72
68
79
68
71
61
74
75
120
121
159
179
184
148
106
57
46
32
30
-4
132
464
1149
648
87
-84
-42
-8
10
8
17
17
25
31
47
56
81
90
124
152
196
247
312
374
432
466
497
480
429
333
257
176
129
94
81
65
67
62
70
64
70
62
69
68
68
50
64
55
62
56
59
51
53
49
57
48
55
49
55
53
71
96
111
131
172
163
153
104
70
39
42
32
19
111
393
1038
771
129
-66
-45
-2
5
13
14
27
27
43
50
59
60
93
116
151
185
239
294
365
417
465
486
488
427
376
249
179
121
93
71
71
58
60
59
68
64
72
67
77
73
79
77
79
67
66
59
64
56
56
45
52
45
49
43
51
49
84
102
130
167
163
144
107
61
34
15
15
-10
56
293
885
856
181
-80
-74
-36
-17
-12
-7
-3
1
11
24
34
51
66
95
121
164
209
281
343
405
446
480
478
434
349
265
180
128
101
83
69
72
64
68
72
80
76
85
89
92
86
94
89
88
86
90
84
90
88
94
91
92
89
97
91
98
100
141
149
176
216
219
188
157
110
85
72
68
47
114
357
958
891
231
-28
-25
19
38
32
46
52
61
49
66
78
96
113
134
162
207
257
316
369
437
489
511
514
468
390
315
231
177
133
119
108
100
99
98
96
103
106
106
103
107
96
87
102
95
91
97
89
97
99
91
82
81
86
85
81
94
122
137
152
197
183
176
136
94
56
54
46
31
70
305
895
936
246
-48
-74
-34
-20
-13
-12
-13
-32
4
2
12
19
33
66
89
132
183
235
302
360
410
430
435
384
304
216
138
75
39
6
-10
-11
-10
-9
-8
0
0
-4
-1
-2
1
-7
-1
-13
-1
-2
-1
-6
-9
-7
-9
-18
-8
-8
3
22
43
71
118
118
101
86
28
-1
-5
-9
-25
2
223
778
973
255
-83
-107
-56
-34
-32
-29
-26
-19
-12
3
14
22
49
66
92
132
177
233
301
361
410
442
448
400
321
236
154
87
42
22
15
3
-1
5
5
4
4
4
0
-2
-4
-10
-8
-14
-17
-24
-28
-34
-40
-46
-46
-50
-51
-53
-53
-54
-48
-21
3
20
59
54
53
14
-28
-61
-76
-85
-99
-84
109
588
982
259
-123
-180
-130
-107
-106
-99
-99
-88
-88
-74
-62
-50
-33
-7
20
56
101
163
229
291
342
374
387
351
280
200
116
56
15
-11
-28
-32
-35
-30
-26
-22
-18
-26
-25
-18
-20
-20
-29
-31
-38
-36
-39
-35
-35
-47
-46
-47
-52
-45
-44
-44
-53
-36
-6
15
40
83
68
64
19
-15
-41
-49
-56
-72
-19
219
798
823
142
-143
-144
-100
-81
-82
-79
-76
-77
-61
-55
-39
-32
-15
16
50
89
135
192
262
311
361
399
396
348
278
179
118
49
9
-18
-32
-38
-39
-41
-34
-37
-44
-44
-40
-52
-42
-40
-50
-57
-61
-67
-70
-70
-69
-75
-72
-83
-92
-86
-88
-102
-88
-51
-28
-13
26
23
14
-29
-77
-109
-110
-119
-140
-93
167
779
750
102
-180
-192
-172
-151
-134
-137
-128
-122
-106
-103
-87
-81
-50
-39
-7
26
81
136
217
260
307
337
351
296
210
120
49
-6
-46
-78
-76
-83
-78
-85
-82
-83
-90
-89
-86
-92
-87
-89
-92
-100
-108
-113
-102
-118
-112
-120
-107
-118
-121
-127
-116
-109
-57
-48
-5
-1
4
-20
-70
-112
-131
-141
-140
-172
-33
315
1006
501
-80
-253
-219
-182
-165
-164
-156
-157
-146
-138
-125
-115
-99
-83
-54
-24
25
75
144
204
255
295
330
311
242
155
76
-10
-59
-86
-99
-112
-117
-119
-114
-121
-116
-120
-113
-120
-121
-133
-123
-124
-118
-133
-135
-140
-132
-138
-135
-144
-137
-148
-134
-130
-96
-73
-54
-17
-14
-14
-36
-96
-120
-138
-139
-153
-158
30
508
978
253
-178
-248
-203
-168
-170
-160
-164
-153
-152
-138
-134
-118
-114
-76
-50
-10
25
89
144
218
266
312
315
292
209
132
46
-10
-57
-80
-94
-100
-108
-104
-109
-103
-103
-100
-102
-97
-100
-95
-99
-93
-105
-101
-109
-105
-115
-106
-109
-106
-111
-103
-103
-99
-96
-39
-28
12
30
39
7
-31
-71
-84
-96
-90
-121
-8
282
947
630
17
-186
-145
-111
-89
-94
-72
-73
-56
-55
-30
-19
7
22
57
84
133
179
254
308
377
417
459
443
398
307
227
140
112
76
60
47
53
46
49
51
63
58
67
68
78
75
85
77
81
72
75
64
71
61
66
62
69
61
72
69
100
126
144
185
200
192
155
102
83
62
57
53
33
188
552
1185
606
87
-46
-2
41
35
47
49
67
59
78
86
95
105
131
160
197
225
294
345
419
468
524
530
523
453
371
280
216
174
151
129
123
113
118
117
120
115
122
111
114
115
120
100
116
106
105
96
101
91
95
82
79
79
100
119
139
165
197
189
190
134
80
50
50
40
36
31
255
790
1073
341
-5
-68
-11
2
10
6
21
17
27
31
49
49
79
99
131
146
217
271
341
395
448
478
488
441
372
283
212
141
110
82
72
66
77
63
77
74
82
73
84
76
83
73
81
64
67
59
59
58
64
51
58
49
58
62
96
104
143
172
178
145
103
52
30
14
11
-9
33
252
833
956
230
-81
-85
-46
-20
-28
-18
-18
-10
-9
11
14
34
44
76
95
142
183
249
307
370
408
453
442
405
317
242
156
109
63
45
29
32
11
24
28
37
33
41
38
48
39
46
32
46
39
37
27
38
23
27
17
21
14
29
38
83
86
129
131
142
92
49
12
3
-12
-14
-38
115
459
1115
521
0
-135
-73
-51
-36
-48
-36
-31
-14
-16
-1
12
36
51
87
110
161
205
273
327
385
418
443
410
361
273
200
129
90
50
38
33
42
36
47
37
46
42
50
45
54
44
54
43
45
39
40
34
39
36
23
22
35
32
45
41
79
84
125
147
158
115
80
32
19
-2
8
-28
119
428
1096
593
61
-108
-61
-34
-19
-31
-13
-15
-2
-4
29
30
51
62
97
119
171
214
286
345
406
430
458
445
395
304
236
158
114
69
58
47
53
40
52
48
50
47
58
54
65
63
55
53
55
44
52
30
39
30
42
33
38
22
35
65
84
99
153
148
128
71
34
3
-1
-21
-35
1
266
864
860
184
-101
-135
-71
-51
-48
-46
-55
-44
-31
-35
-15
-11
16
22
72
95
161
203
283
336
386
401
414
354
293
205
122
61
34
2
3
-5
7
-2
3
-16
6
-1
-1
-1
7
7
12
-5
-6
-14
-4
-18
-4
-13
-2
-9
-4
10
56
69
104
100
106
68
14
-27
-29
-49
-57
-86
128
627
1081
324
-94
-187
-124
-107
-98
-108
-90
-95
-88
-76
-65
-57
-45
-22
16
43
94
149
215
268
326
357
373
331
250
149
76
7
-19
-60
-62
-73
-68
-78
-70
-74
-69
-74
-66
-71
-63
-69
-60
-65
-61
-76
-70
-71
-64
-75
-70
-73
-62
-55
-19
-7
25
58
76
44
18
-43
-57
-73
-71
-97
-67
154
716
937
211
-144
-169
-127
-91
-104
-93
-94
-76
-80
-60
-53
-26
-26
8
20
66
104
176
233
295
329
364
360
322
241
157
72
21
-24
-48
-71
-62
-68
-70
-72
-60
-74
-64
-66
-55
-62
-53
-60
-51
-58
-57
-67
-66
-72
-71
-74
-68
-76
-60
-59
-25
-10
21
53
59
54
23
-28
-53
-70
-69
-78
-75
108
579
1035
320
-106
-169
-129
-94
-94
-80
-79
-67
-61
-47
-43
-24
-9
20
42
82
121
185
238
303
344
384
382
347
272
190
104
49
-2
-15
-36
-32
-43
-35
-45
-34
-39
-28
-29
-23
-21
-17
-15
-12
-23
-25
-35
-30
-35
-27
-35
-32
-41
-33
-43
-24
-20
20
34
76
87
102
71
40
-13
-21
-33
-30
-53
69
356
1019
652
67
-129
-82
-50
-26
-31
-30
-29
-15
-13
5
17
33
45
80
126
150
189
272
325
380
418
443
422
378
284
207
128
78
39
36
20
26
14
23
12
13
24
25
25
34
28
28
25
27
23
31
16
10
7
15
12
11
7
13
15
22
49
81
94
132
111
130
95
36
12
13
5
1
3
211
727
1061
343
-28
-91
-32
-16
-9
-6
-5
10
23
22
48
62
80
91
125
158
215
268
332
380
441
464
485
433
362
276
197
133
89
59
47
22
15
19
22
22
23
21
21
10
13
4
4
-9
-7
-13
-12
-25
-23
-32
-18
-38
-35
-43
-40
-21
13
21
72
63
75
41
-13
-48
-60
-69
-79
-109
77
511
1085
382
-96
-208
-155
-138
-116
-122
-117
-108
-109
-106
-92
-80
-67
-44
-13
17
57
106
177
231
282
317
327
291
223
132
52
-23
-62
-91
-107
-126
-134
-129
-132
-121
-125
-131
-128
-133
-133
-135
-147
-158
-150
-160
-164
-178
-166
-173
-163
-167
-166
-172
-162
-147
-114
-110
-70
-55
-48
-81
-119
-165
-178
-191
-194
-223
-82
245
923
421
-141
-300
-259
-221
-215
-208
-200
-196
-188
-188
-173
-154
-129
-110
-84
-50
-3
47
115
165
234
272
300
275
218
133
55
-15
-60
-83
-93
-100
-104
-108
-96
-98
-92
-99
-88
-87
-85
-86
-76
-83
-81
-86
-90
-86
-88
-94
-84
-90
-87
-85
-79
-76
-70
-50
-17
-1
43
41
39
-1
-36
-73
-81
-95
-99
-110
69
491
1020
318
-121
-205
-154
-136
-137
-130
-123
-124
-117
-113
-97
-80
-56
-42
-16
20
59
122
187
244
301
337
355
314
245
155
82
16
-23
-56
-63
-70
-67
-72
-69
-63
-60
-56
-55
-56
-52
-52
-49
-54
-53
-61
-55
-61
-55
-59
-58
-64
-54
-57
-54
-48
-44
-16
16
32
79
72
78
38
0
-32
-36
-41
-49
-39
160
645
1009
303
-69
-121
-73
-68
-57
-44
-41
-36
-37
-22
-12
2
21
42
71
100
150
214
271
333
383
407
420
386
305
221
144
79
38
10
6
-5
-3
2
-8
3
8
3
9
0
3
-2
-4
-6
-6
-13
-14
-23
-29
-11
-14
-15
-19
-15
-14
-8
26
57
65
111
118
110
72
31
-5
-15
-18
-22
-25
170
628
1069
382
-29
-113
-60
-19
-32
-19
-13
-17
0
9
20
41
57
76
101
137
180
242
296
351
418
455
469
432
365
275
205
138
97
73
62
51
46
47
48
41
40
35
41
41
44
35
40
36
30
26
29
22
21
19
20
17
14
14
15
23
34
69
82
124
138
142
102
55
28
7
6
-3
-30
114
468
1123
566
33
-105
-63
-29
-22
-19
-9
-5
1
13
22
40
54
78
108
137
183
238
299
365
417
461
478
457
390
303
222
155
107
82
62
55
50
51
43
55
60
64
63
63
62
69
71
68
64
61
59
59
55
50
48
44
43
45
46
49
46
55
85
114
129
178
170
166
127
86
54
45
40
31
29
217
659
1126
426
21
-58
-3
8
14
24
29
35
44
51
64
79
98
119
150
181
237
286
351
410
459
495
511
480
414
325
252
190
149
124
105
95
99
96
99
97
109
105
109
107
108
108
107
110
106
107
99
94
99
96
99
97
101
110
112
107
110
128
171
183
216
237
253
222
189
145
121
115
109
85
148
387
978
966
326
44
20
70
95
93
105
111
116
123
147
153
167
183
208
225
268
303
361
434
488
530
567
572
532
451
362
314
227
184
165
147
131
125
133
142
124
129
135
137
141
129
134
127
129
123
113
115
121
116
118
111
118
110
105
121
132
170
199
229
229
222
189
135
105
92
88
85
56
221
655
1241
570
91
-28
6
51
54
60
62
62
67
85
102
116
124
146
178
205
241
305
369
439
480
530
535
509
450
360
282
215
166
141
116
118
100
113
111
118
109
109
107
112
109
108
101
109
103
97
91
99
88
97
92
88
84
108
135
157
193
222
219
217
161
118
95
79
68
53
73
303
875
1093
370
10
-40
12
32
39
33
41
40
52
64
81
92
108
125
164
202
245
295
369
425
473
497
508
458
386
295
221
157
121
94
86
71
68
65
67
60
65
60
65
54
62
59
60
52
54
47
47
43
48
35
32
36
41
36
55
88
110
133
171
171
161
116
69
32
28
19
11
30
252
819
1007
294
-48
-85
-33
-12
-14
-16
-11
-7
2
11
24
32
56
74
109
142
195
247
316
368
419
442
455
416
345
254
176
113
78
53
46
35
41
39
44
40
45
41
53
51
50
47
47
42
39
33
38
29
35
34
38
33
40
31
38
37
67
95
117
161
172
165
138
80
49
22
27
26
11
169
569
1189
543
36
-73
-25
2
7
10
7
11
11
29
39
55
65
89
110
147
187
254
307
373
422
467
483
459
381
303
212
156
106
82
57
56
56
50
45
50
37
44
46
49
45
51
44
47
34
30
29
23
21
34
20
22
14
27
30
60
81
106
141
148
146
120
64
37
11
10
0
-9
152
580
1156
496
6
-89
-51
-15
-11
3
-2
12
9
18
36
53
67
97
120
165
190
256
316
379
421
486
490
468
396
316
232
170
120
105
83
85
65
78
75
89
83
89
88
94
81
87
89
95
88
87
76
80
79
74
79
83
69
90
136
148
181
192
200
187
127
83
59
51
49
27
119
432
1117
803
166
-53
-39
6
11
25
28
34
37
53
57
81
77
101
125
169
198
255
317
383
432
481
499
489
421
353
255
189
145
121
95
98
88
94
86
101
98
105
103
111
106
113
109
117
103
120
108
110
105
111
99
118
112
129
135
180
193
236
227
239
208
148
106
96
85
91
52
197
551
1236
666
116
-45
6
30
45
39
44
42
59
60
78
79
106
114
155
176
224
270
342
403
459
487
521
488
431
338
266
188
154
121
110
96
105
105
106
103
112
103
119
113
122
116
120
113
117
109
122
114
115
102
110
105
114
106
112
114
141
167
184
215
228
232
210
152
122
99
95
86
72
199
532
1213
720
150
-6
24
62
60
66
65
76
72
87
90
107
113
140
159
196
220
277
337
404
450
496
510
493
423
346
258
197
146
121
95
95
80
87
79
86
72
81
77
84
82
89
83
88
81
86
74
79
70
71
261
224
198
135
93
46
47
21
20
16
25
5
17
10
27
11
24
11
16
18
10
5
13
7
13
-1
15
3
20
22
25
19
55
100
97
77
75
46
30
31
26
10
25
24
21
26
457
1357
1563
639
169
78
63
46
63
48
64
62
71
65
77
68
74
90
104
126
175
203
259
276
297
290
268
204
172
111
77
49
39
26
29
18
37
33
28
25
34
21
27
13
16
-1
14
2
16
-1
11
5
18
-3
11
15
17
14
54
87
84
61
61
25
18
14
11
-4
12
2
5
10
415
1305
1551
623
147
45
38
18
25
23
30
22
39
29
37
36
48
48
75
94
127
168
213
235
264
253
227
178
130
72
45
13
3
-16
-5
-16
-10
-18
-6
-15
-5
-10
-2
-20
-5
-12
-7
-21
-7
-20
-8
-12
-14
-23
-10
-15
-8
0
40
59
66
52
35
-6
-5
-15
-23
-25
-16
-36
-40
60
542
1407
1400
397
87
21
20
2
8
-10
14
8
25
12
26
26
32
44
66
88
127
166
203
232
254
244
221
159
107
60
37
4
-9
-13
-23
-21
-15
-20
-20
-28
-3
-13
-3
4
6
-1
2
-13
13
-2
13
-3
17
7
11
10
34
80
93
76
82
56
31
28
30
8
32
33
40
-11
243
906
1607
1159
303
111
98
82
71
74
91
76
90
81
94
84
103
107
116
138
176
217
261
292
319
323
302
270
228
174
130
99
87
72
62
69
76
64
54
67
70
65
70
57
63
56
53
57
62
55
55
55
45
52
46
40
59
83
132
98
103
98
77
50
57
49
44
54
53
32
90
530
1462
1532
556
161
99
80
70
74
68
76
88
78
78
67
79
57
88
101
133
153
201
228
277
274
272
228
188
131
86
49
30
9
3
-8
-3
-12
-6
-20
-12
-16
-15
-23
-17
-23
-29
-46
-26
-43
-27
-41
-37
-45
-39
-55
-42
-44
6
29
18
-5
-5
-42
-52
-52
-65
-66
-67
-73
-99
27
554
1435
1330
330
30
-34
-45
-55
-49
-47
-38
-44
-31
-37
-31
-32
-21
-11
3
37
76
114
155
179
200
181
154
84
49
1
-29
-56
-60
-76
-74
-74
-74
-74
-69
-78
-66
-73
-70
-77
-79
-79
-85
-94
-76
-85
-81
-79
-80
-85
-85
-91
-86
-57
-14
-8
-16
-18
-39
-86
-76
-86
-97
-90
-85
-84
-137
139
844
1488
1005
155
-22
-55
-60
-64
-59
-51
-59
-50
-45
-48
-41
-43
-35
-23
3
36
83
120
155
168
189
162
127
67
21
-26
-50
-77
-81
-88
-91
-89
-89
-87
-84
-85
-70
-81
-72
-83
-87
-86
-79
-80
-88
-80
-67
-81
-67
-78
-68
-58
-14
17
8
-7
-17
-54
-55
-63
-73
-66
-68
-66
-89
22
485
1361
1382
393
54
-4
-4
-21
-13
-18
-6
-12
7
1
8
17
23
25
52
80
107
161
200
229
245
230
211
163
113
64
39
14
7
1
14
4
7
15
9
11
18
27
19
27
28
41
37
22
32
34
40
50
48
49
59
77
131
130
129
126
108
75
85
81
61
78
67
80
28
226
868
1653
1321
391
172
136
122
101
126
119
129
137
147
135
143
143
166
170
188
226
270
292
333
360
372
348
306
249
210
172
141
116
107
100
101
98
107
106
105
108
100
103
98
92
90
93
88
81
83
86
89
89
73
87
83
90
127
166
149
138
126
105
85
92
80
77
79
74
55
110
543
1457
1569
610
193
116
95
94
92
87
91
105
91
99
104
102
105
121
136
158
177
236
271
294
316
310
276
226
175
133
87
68
57
56
48
41
39
48
53
45
58
49
43
44
44
44
41
34
33
38
41
44
46
40
50
43
41
45
73
113
120
116
110
95
55
50
46
39
42
45
45
9
202
763
1573
1346
372
122
75
65
60
57
63
72
68
66
76
76
79
86
96
114
148
188
228
265
288
305
289
246
197
144
98
64
35
21
17
16
13
16
22
20
20
21
20
23
12
6
0
10
9
5
7
5
7
3
-1
3
24
68
93
84
74
55
17
3
4
2
-15
3
-3
-13
75
527
1403
1443
466
108
41
19
14
13
15
28
22
35
21
36
20
30
39
66
85
122
162
181
223
233
220
198
135
104
49
15
-17
-23
-34
-30
-30
-31
-32
-30
-35
-31
-25
-20
-31
-18
-21
-21
-26
-25
-26
-25
-13
-20
-22
-17
4
56
61
48
46
39
-4
3
1
-8
-9
-1
-6
-59
156
774
1550
1214
298
87
38
29
26
31
29
29
35
32
38
45
48
48
56
90
109
144
194
227
247
255
241
203
154
105
47
35
10
7
-6
1
-11
-9
-17
-4
-9
-7
-7
-4
-11
-9
-14
-10
-12
-15
-6
-10
-10
-1
-3
0
11
68
79
68
43
38
0
2
1
-10
-17
5
-14
-61
192
885
1587
1153
260
64
18
3
4
5
8
8
6
11
-4
7
9
15
28
46
72
112
147
187
208
220
188
155
104
52
2
-23
-48
-54
-64
-58
-76
-65
-71
-74
-76
-72
-75
-67
-77
-82
-83
-77
-86
-86
-87
-80
-86
-83
-92
-83
-93
-83
-59
-5
-25
-25
-43
-64
-81
-79
-92
-102
-96
-107
-95
-128
210
1059
1487
726
79
-39
-70
-72
-78
-78
-68
-62
-66
-55
-54
-58
-51
-49
-36
-6
21
64
103
133
159
162
131
93
34
-10
-53
-77
-100
-101
-116
-114
-118
-112
-117
-110
-119
-99
-111
-111
-117
-112
-115
-117
-117
-117
-134
-119
-133
-131
-136
-140
-138
-102
-79
-58
-66
-67
-88
-120
-128
-126
-149
-128
-141
-129
-171
-21
487
1353
1215
233
-52
-101
-118
-116
-119
-107
-126
-109
-114
-110
-101
-100
-103
-80
-74
-47
-1
44
74
110
116
105
64
19
-37
-83
-105
-128
-150
-148
-160
-150
-166
-150
-163
-151
-169
-160
-160
-157
-164
-156
-165
-171
-166
-153
-166
-152
-165
-156
-158
-151
-115
-75
-82
-82
-87
-122
-139
-124
-135
-134
-149
-118
-143
-86
346
1255
1339
394
-14
-69
-102
-96
-118
-95
-113
-97
-109
-95
-91
-82
-85
-69
-62
-32
7
54
80
114
114
116
91
43
-19
-55
-94
-116
-135
-137
-151
-137
-155
-130
-137
-131
-141
-135
-148
-144
-147
-152
-157
-151
-165
-155
-165
-154
-164
-148
-148
-142
-138
-69
-92
-93
-106
-120
-167
-157
-154
-165
-165
-171
-174
-210
122
966
1428
680
12
-112
-149
-153
-171
-153
-161
-153
-161
-150
-158
-140
-143
-137
-128
-104
-82
-37
-6
37
46
57
27
-18
-77
-122
-167
-190
-213
-212
-227
-225
-229
-222
-235
-217
-232
-222
-226
-227
-230
-225
-239
-229
-234
-228
-237
-226
-233
-221
-222
-226
-224
-193
-165
-134
-152
-152
-173
-200
-209
-211
-217
-208
-234
-207
-266
-26
595
1366
1037
102
-122
-146
-182
-166
-177
-161
-165
-153
-161
-150
-151
-140
-137
-120
-101
-66
-37
19
46
75
78
72
19
-29
-81
-116
-156
-167
-189
-186
-196
-184
-192
-183
-189
-189
-185
-170
-185
-175
-183
-177
-185
-176
-175
-174
-177
-173
-181
-171
-180
-175
-164
-114
-118
-104
-117
-127
-173
-153
-170
-171
-181
-169
-178
-192
-83
394
1267
1260
261
-56
-128
-127
-134
-127
-131
-118
-127
-119
-120
-115
-122
-100
-102
-69
-59
-11
24
71
83
118
99
74
18
-27
-79
-110
-140
-138
-168
-154
-163
-155
-167
-153
-166
-149
-159
-149
-158
-145
-158
-142
-151
-132
-146
-126
-136
-126
-135
-120
-126
-107
-65
-47
-50
-49
-81
-95
-112
-98
-112
-111
-111
-101
-133
16
537
1403
1257
294
-1
-43
-53
-53
-49
-47
-57
-34
-41
-30
-33
-21
-10
1
17
74
87
144
170
213
215
213
167
127
72
35
4
-2
-37
-26
-34
-30
-28
-25
-40
-15
-29
-19
-22
-25
-39
-14
-30
-18
-35
-20
-29
-32
-24
-22
-20
-8
-5
63
57
54
35
28
-16
-5
-4
-18
-15
-11
-12
-74
203
947
1592
1033
208
59
7
11
1
9
2
13
-1
14
5
18
12
30
35
63
78
132
157
192
212
231
186
164
101
58
16
-9
-40
-39
-60
-56
-74
-55
-75
-61
-69
-66
-81
-69
-83
-88
-85
-85
-97
-85
-98
-89
-100
-98
-105
-92
-108
-89
-86
-18
-37
-37
-55
-67
-108
-96
-105
-114
-114
-104
-115
-160
93
803
1483
1037
143
-31
-82
-86
-100
-93
-97
-85
-96
-78
-95
-83
-94
-73
-73
-42
-23
24
54
116
114
135
109
83
6
-35
-86
-105
-142
-145
-163
-154
-158
-160
-161
-150
-159
-151
-167
-158
-162
-152
-166
-159
-166
-164
-171
-153
-171
-166
-177
-165
-183
-162
-177
-149
-128
-85
-101
-93
-129
-136
-165
-154
-174
-164
-176
-156
-188
-144
249
1166
1335
395
-48
-128
-154
-149
-166
-140
-159
-137
-138
-134
-155
-126
-135
-111
-112
-67
-50
4
32
79
81
99
58
21
-46
-80
-130
-143
-170
-182
-176
-174
-188
-173
-175
-172
-191
-168
-182
-175
-185
-169
-185
-182
-187
-178
-186
-180
-188
-177
-198
-188
-201
-173
-150
-108
-122
-122
-138
-151
-186
-175
-187
-184
-195
-164
-186
-196
145
1007
1374
580
-20
-109
-145
-138
-142
-139
-154
-135
-165
-132
-139
-125
-142
-111
-101
-71
-58
-7
30
69
75
94
46
13
-41
-72
-117
-134
-159
-159
-167
-154
-160
-151
-165
-145
-158
-131
-149
-136
-145
-137
-140
-124
-132
-109
-128
-109
-117
-108
-109
-102
-96
-62
-24
-24
-38
-29
-63
-72
-87
-65
-93
-88
-83
-73
-141
207
1017
1520
754
119
-30
-36
-60
-51
-60
-31
-54
-44
-50
-36
-61
-36
-45
-10
5
46
73
123
136
167
157
153
96
62
-8
-34
-71
-66
-113
-84
-102
-84
-108
-96
-108
-91
-105
-83
-108
-95
-108
-96
-103
-95
-114
-100
-108
-102
-111
-110
-117
-85
-60
-22
-55
-42
-76
-94
-110
-106
-122
-114
-118
-114
-160
-10
521
1412
1253
266
-33
-76
-102
-98
-113
-96
-111
-90
-104
-88
-103
-86
-98
-71
-70
-34
-5
49
66
112
110
118
65
31
-32
-66
-117
-130
-150
-147
-163
-149
-162
-149
-166
-148
-163
-146
-169
-153
-168
-156
-175
-161
-162
-150
-166
-153
-159
-156
-167
-151
-168
-140
-132
-60
-81
-71
-92
-98
-144
-128
-141
-141
-156
-146
-150
-192
67
790
1453
978
94
-74
-131
-115
-140
-122
-139
-119
-123
-107
-119
-97
-115
-94
-103
-58
-48
12
41
91
102
117
88
65
-10
-37
-93
-110
-152
-138
-162
-149
-159
-148
-159
-143
-158
-146
-154
-141
-160
-141
-157
-134
-162
-131
-147
-137
-140
-126
-141
-125
-132
-113
-106
-55
-46
-30
-58
-60
-103
-99
-119
-111
-121
-112
-127
-113
-113
282
1164
1426
497
28
-77
-79
-103
-81
-92
-74
-92
-63
-76
-61
-69
-47
-49
-21
-1
54
88
143
154
190
177
160
101
61
6
-23
-65
-68
-95
-70
-92
-80
-101
-80
-92
-92
-100
-84
-94
-91
-97
-80
-103
-88
-110
-96
-107
-90
-112
-87
-105
-88
-99
-52
-28
-11
-30
-18
-47
-68
-79
-71
-80
-73
-93
-61
-126
76
620
1458
1202
268
15
-16
-46
-43
-43
-23
-28
-16
-28
-16
-21
2
-12
27
32
74
91
152
180
225
226
218
195
156
88
67
17
20
-11
-12
-10
7
-19
10
-10
17
-3
17
8
26
1
27
6
32
22
39
36
48
33
48
36
55
47
90
121
130
112
116
81
78
60
82
47
81
65
76
30
351
1152
1701
976
302
139
132
102
115
95
118
98
122
117
131
118
143
133
171
169
213
252
293
312
347
334
333
273
241
172
146
98
89
71
72
56
79
64
72
55
66
57
63
45
64
37
61
39
47
34
54
39
56
30
50
36
48
39
74
108
127
97
99
62
43
26
48
10
35
19
52
-39
258
985
1649
1095
280
79
68
37
52
37
63
32
58
46
63
48
70
59
100
90
144
162
227
244
276
271
274
210
178
113
83
51
39
12
28
6
18
7
15
10
27
11
29
6
25
3
17
7
24
9
26
8
22
16
25
16
22
14
34
38
100
90
112
84
78
30
51
27
31
19
37
24
11
134
664
1522
1443
417
138
74
80
59
70
73
94
86
96
87
107
108
122
116
150
160
217
238
297
309
342
323
304
233
193
143
121
80
73
58
73
57
68
60
70
50
80
52
70
51
70
50
63
50
61
52
69
52
69
59
76
46
64
61
109
123
136
110
121
68
65
48
57
34
60
36
54
25
403
1248
1616
753
209
97
94
73
86
68
86
75
96
72
86
83
109
100
132
138
187
216
258
293
318
311
303
237
206
139
123
79
83
47
71
50
64
43
70
44
70
54
75
45
77
58
78
55
75
67
85
72
94
76
92
76
104
104
183
161
175
152
143
106
123
105
114
101
109
106
65
268
910
1675
1343
411
213
145
162
132
150
134
154
145
155
145
156
143
171
181
220
230
290
312
361
377
395
376
350
290
265
192
189
143
158
130
143
129
144
133
146
132
156
133
157
138
155
139
156
140
164
140
165
141
174
153
168
158
191
221
266
227
239
215
199
172
188
170
181
172
188
141
246
713
1642
1636
652
285
232
191
209
191
216
198
223
196
217
194
218
206
233
226
275
290
351
371
420
409
425
379
339
269
238
185
186
152
157
143
158
138
161
149
159
148
168
152
167
148
162
141
168
142
171
156
177
152
182
162
167
157
184
184
237
257
261
239
247
196
201
182
203
178
194
187
189
222
654
1562
1725
741
334
242
233
213
228
212
246
228
250
234
254
234
262
251
286
298
343
370
429
443
479
460
446
379
342
272
260
208
213
186
199
185
195
188
204
188
207
185
204
183
200
180
198
178
193
182
198
184
199
176
200
174
192
178
217
246
269
260
238
211
192
174
184
154
170
155
169
128
259
730
1622
1551
560
235
197
166
175
164
181
159
191
173
191
174
195
184
216
210
253
273
337
355
400
395
404
352
328
250
225
172
159
131
138
110
131
111
123
113
122
105
121
105
125
106
119
107
115
89
105
84
100
83
100
75
90
75
108
118
166
137
159
128
114
74
100
73
81
70
95
67
93
440
1332
1601
749
215
135
109
120
88
126
105
126
111
126
110
137
129
152
155
196
214
279
307
355
364
371
333
304
239
212
151
150
124
129
113
128
105
126
106
126
107
147
103
136
117
137
113
133
121
133
122
145
115
143
129
149
140
174
201
225
188
206
165
153
142
149
120
155
130
152
79
408
1159
1765
1116
381
199
203
172
184
175
185
186
202
178
197
193
205
197
239
236
280
310
368
377
418
394
407
346
306
258
219
170
185
152
163
139
160
143
152
146
156
131
151
130
135
120
128
116
126
106
122
104
132
111
120
98
113
122
184
170
170
146
138
94
105
96
82
70
92
70
33
229
878
1646
1350
376
162
103
101
80
104
90
106
96
101
92
115
95
123
113
143
157
211
228
294
304
327
297
276
204
174
102
95
53
53
17
40
25
33
17
29
14
36
21
32
6
20
8
15
6
20
-3
18
-1
15
2
11
-4
6
28
95
74
84
52
58
8
28
-7
6
-15
8
-10
-45
157
786
1535
1244
273
58
10
13
-8
14
3
27
3
29
16
36
20
47
36
76
82
145
174
231
238
270
235
217
159
113
58
40
3
8
-18
0
-24
0
-14
2
-19
-6
-22
-5
-19
-6
-23
-6
-26
-8
-22
-10
-30
-13
-36
-15
-31
-10
-2
55
51
70
41
46
1
9
-16
-24
-38
-14
-35
-42
40
506
1380
1421
421
82
2
16
-13
-3
-13
8
-13
12
-5
18
-3
22
18
56
70
120
151
207
216
253
222
217
156
111
45
34
-9
-3
-30
-12
-30
-13
-36
-11
-31
-19
-36
-14
-35
-16
-34
-27
-37
-15
-33
-6
-22
-9
-29
-13
-16
35
67
74
50
61
20
19
-5
19
-11
19
-2
22
-48
292
1065
1601
882
214
68
57
34
40
28
52
34
54
31
59
51
59
60
88
89
142
165
221
242
265
254
255
184
152
89
70
26
25
-2
-2
-12
10
-19
1
-8
0
-8
-10
-20
4
-18
-6
-22
-6
-20
-3
-27
-7
-15
-13
-15
12
50
76
44
44
24
7
-16
6
-25
-3
-32
-7
-75
129
708
1543
1254
307
45
16
-19
-5
-38
-7
-22
-17
-14
1
-10
10
7
31
28
80
93
163
176
218
222
223
169
129
60
34
-11
-31
-49
-40
-54
-50
-59
-46
-64
-43
-68
-49
-67
-74
-76
-57
-69
-66
-78
-57
-73
-60
-75
-59
-68
-66
-63
-14
9
7
-14
-5
-54
-57
-71
-55
-85
-60
-74
-62
-95
286
1153
1515
666
105
-20
-25
-54
-34
-43
-22
-32
-7
-39
-11
-26
3
-7
25
31
88
115
175
193
233
217
216
149
113
46
28
-12
-18
-40
-28
-42
-27
-37
-20
-38
-19
-31
-17
-22
-15
-31
-14
-30
-7
-24
-13
-29
-15
-29
-10
-26
-6
-31
22
34
74
49
56
18
-2
-19
-6
-34
-18
-32
-14
-51
51
484
1393
1422
447
75
22
-10
-1
-11
4
-4
13
1
13
-1
16
12
27
27
69
88
141
167
213
219
225
179
158
82
47
-6
-11
-48
-29
-56
-38
-52
-45
-59
-43
-54
-47
-62
-39
-53
-44
-61
-39
-53
-41
-50
-37
-50
-41
-45
-36
-31
36
30
35
15
16
-30
-16
-33
-33
-32
-18
-32
-62
103
677
1492
1281
304
77
8
16
4
12
14
15
0
23
9
27
17
39
37
75
87
128
168
210
216
252
228
205
142
103
51
19
-11
-5
-21
-16
-30
-9
-27
-6
-28
-9
-28
-11
-26
-8
-22
-16
-33
-16
-26
-18
-30
-8
-28
-13
-13
16
52
62
41
57
24
2
-9
7
-17
-5
-10
8
-70
212
896
1608
1110
264
73
44
10
28
20
38
22
36
22
34
30
48
47
80
72
124
145
196
222
261
254
248
195
151
86
65
26
13
-21
-10
-26
-11
-28
-17
-26
-18
-27
-21
-37
-24
-33
-27
-45
-35
-39
-28
-45
-25
-39
-27
-38
-32
-45
-10
7
54
26
29
15
-14
-40
-25
-52
-35
-46
-26
-47
-6
390
1312
1497
562
89
16
-21
-13
-23
-16
-18
-3
-21
-2
-11
8
6
24
30
71
94
156
178
225
235
243
206
161
99
61
9
-8
-41
-32
-47
-41
-64
-40
-53
-41
-44
-42
-50
-42
-59
-40
-51
-54
-56
-48
-60
-59
-62
-46
-62
-51
-62
-53
-58
-13
16
20
2
5
-40
-53
-67
-74
-86
-74
-87
-74
-126
193
955
1495
853
128
-30
-45
-61
-46
-58
-47
-61
-48
-57
-44
-60
-43
-39
-12
-12
35
54
113
132
166
161
148
85
53
-19
-58
-85
-102
-136
-121
-141
-128
-145
-133
-145
-136
-148
-151
-155
-137
-152
-139
-158
-140
-152
-140
-154
-141
-151
-136
-157
-129
-120
-61
-75
-68
-91
-100
-139
-132
-152
-162
-144
-145
-155
-191
52
740
1420
957
95
-80
-122
-126
-139
-125
-130
-121
-130
-112
-130
-103
-120
-98
-96
-65
-36
7
44
84
94
117
89
56
-8
-48
-102
-120
-140
-152
-172
-156
-163
-164
-167
-168
-172
-162
-167
-160
-163
-149
-165
-162
-167
-166
-167
-162
-153
-159
-160
-158
-155
-119
-82
-84
-110
-89
-133
-142
-144
-138
-159
-142
-150
-149
-183
160
999
1450
665
30
-93
-95
-124
-108
-102
-106
-118
-104
-108
-91
-100
-84
-88
-56
-49
-1
19
83
99
132
121
115
51
14
-42
-79
-115
-127
-147
-137
-148
-152
-157
-144
-160
-144
-167
-150
-161
-150
-168
-167
-172
-170
-172
-160
-177
-164
-167
-169
-169
-168
-175
-142
-109
-86
-118
-118
-152
-173
-186
-170
-201
-189
-185
-191
-256
47
780
1421
884
61
-123
-139
-170
-159
-172
-152
-156
-136
-145
-134
-135
-132
-127
-106
-100
-57
-17
31
55
100
80
79
26
-24
-78
-109
-158
-156
-187
-179
-197
-181
-195
-177
-184
-173
-178
-175
-175
-170
-181
-167
-182
-171
-191
-172
-179
-179
-178
-171
-181
-165
-180
-162
-162
-119
-100
-89
-104
-107
-141
-153
-156
-153
-174
-164
-158
-156
-188
165
1007
1411
613
10
-115
-121
-143
-135
-131
-119
-120
-104
-112
-95
-109
-91
-84
-59
-43
-9
40
92
120
153
142
135
80
33
-34
-61
-94
-111
-125
-111
-123
-116
-123
-110
-125
-118
-112
-122
-119
-117
-122
-112
-123
-115
-126
-111
-107
-102
-111
-97
-100
-89
-77
-23
-24
-24
-28
-60
-94
-87
-102
-103
-116
-84
-98
-143
74
678
1422
1127
183
-23
-70
-71
-79
-77
-80
-63
-75
-59
-64
-44
-51
-31
-20
3
26
77
116
156
178
200
182
143
93
48
-3
-36
-53
-48
-74
-62
-74
-55
-71
-57
-58
-61
-53
-46
-59
-49
-55
-47
-54
-36
-46
-36
-43
-37
-34
-30
-31
14
44
46
27
29
-8
-9
-14
-8
-23
-14
-13
-11
5
418
1327
1513
586
136
58
43
39
37
43
60
54
65
57
66
76
89
95
108
133
169
209
253
287
305
299
283
217
182
137
98
75
59
52
57
41
62
50
57
47
58
44
57
50
51
45
47
44
47
34
29
43
38
36
38
29
54
113
108
91
85
59
29
19
19
5
9
-3
13
-65
235
988
1605
1041
221
45
11
-6
-11
-10
-2
-11
-4
-9
2
-4
1
-1
20
37
50
96
143
169
198
192
182
144
90
33
-8
-44
-63
-70
-79
-87
-79
-81
-78
-78
-79
-92
-82
-80
-87
-96
-93
-99
-96
-106
-100
-100
-106
-106
-98
-102
-98
-98
-97
-81
-22
-26
-43
-42
-72
-106
-101
-116
-117
-121
-109
-115
-158
151
932
1471
855
91
-57
-91
-97
-98
-93
-102
-98
-92
-82
-95
-86
-88
-65
-71
-37
-13
30
72
112
135
146
121
80
22
-27
-75
-112
-140
-142
-152
-152
-158
-153
-160
-155
-158
-162
-165
-158
-161
-172
-167
-167
-164
-160
-164
-162
-161
-155
-162
-150
-157
-151
-138
-95
-64
-73
-82
-81
-115
-132
-133
-143
-148
-144
-144
-151
-148
216
1077
1393
567
21
-86
-99
-107
-100
-88
-77
-74
-72
-72
-65
-68
-48
-47
-21
6
42
96
130
163
189
195
158
109
70
17
-21
-49
-58
-67
-67
-64
-62
-62
-51
-54
-54
-47
-39
-42
-27
-37
-35
-24
-17
-25
-12
-8
-4
7
11
13
16
40
90
101
107
97
90
53
61
52
54
59
60
67
44
179
742
1576
1406
448
180
132
126
117
118
129
132
136
139
147
139
152
164
174
205
227
266
312
353
382
393
385
356
305
252
203
188
147
147
140
138
138
145
150
139
141
148
148
149
152
152
142
156
158
159
145
162
153
161
166
168
164
179
232
262
242
230
219
189
178
192
183
185
196
202
150
309
866
1738
1559
559
280
233
218
217
223
215
217
216
221
223
223
231
241
248
262
297
333
373
405
432
444
432
395
346
285
244
208
185
166
163
157
157
151
152
155
154
146
150
148
147
146
141
137
138
132
134
137
130
130
131
126
133
127
138
161
210
207
194
185
163
132
135
127
117
129
121
123
81
413
1242
1731
1021
324
185
163
146
143
151
155
160
156
167
168
167
171
179
189
216
244
288
336
362
384
392
372
325
261
215
169
137
119
105
100
96
93
95
95
93
91
95
96
90
88
85
83
80
85
82
78
76
77
79
79
76
74
79
89
123
157
148
135
128
88
76
68
68
58
59
57
46
55
435
1323
1585
687
188
92
73
66
66
73
70
77
69
76
77
83
83
89
111
135
172
206
253
285
300
300
269
221
160
116
71
41
27
16
11
15
10
9
8
0
-2
5
-1
-2
-5
-5
-8
-12
-14
-8
-10
-10
-17
-5
-3
-2
5
-4
16
72
64
66
54
23
-10
-5
-14
-25
-26
-16
-17
-67
181
809
1519
1124
236
42
13
-3
-13
-18
3
-7
1
-3
-3
-1
10
18
25
52
68
115
153
194
209
229
209
167
128
73
16
-7
-26
-37
-40
-36
-39
-40
-45
-35
-51
-45
-41
-37
-46
-42
-40
-46
-47
-51
-50
-39
-48
-36
-40
-40
-30
-7
48
40
32
25
-3
-18
-16
-16
-35
-11
-17
-21
-57
305
1139
1560
781
176
52
39
29
27
41
31
41
53
48
52
55
65
66
97
113
156
196
238
267
293
292
270
219
174
118
92
58
40
29
28
24
22
26
34
27
36
30
29
34
31
33
32
28
32
24
33
20
30
22
28
17
38
62
117
88
75
65
35
19
24
18
3
0
5
0
7
403
1323
1534
632
136
42
19
14
8
12
16
16
7
18
13
19
23
38
50
77
110
145
186
220
231
230
198
146
93
42
3
-22
-42
-50
-65
-59
-84
-55
-66
-69
-78
-74
-83
-75
-87
-94
-86
-96
-103
-102
-104
-101
-105
-102
-112
-103
-112
-114
-114
-80
-29
-42
-59
-62
-102
-124
-124
-126
-138
-132
-136
-132
-165
194
1052
1433
638
34
-87
-104
-122
-115
-120
-107
-109
-99
-105
-101
-110
-87
-89
-75
-53
-17
18
65
90
121
120
101
42
1
-71
-103
-136
-154
-170
-169
-178
-174
-182
-180
-188
-175
-187
-182
-184
-184
-194
-190
-196
-194
-202
-197
-200
-197
-206
-201
-206
-204
-211
-202
-164
-121
-139
-142
-152
-183
-211
-204
-215
-220
-211
-220
-224
-251
89
918
1326
587
-53
-163
-197
-198
-200
-208
-208
-204
-205
-197
-215
-194
-196
-188
-166
-141
-120
-66
-34
13
21
29
11
-30
-94
-125
-182
-201
-234
-230
-237
-230
-231
-223
-236
-227
-227
-227
-236
-222
-230
-223
-241
-216
-227
-222
-223
-209
-222
-212
-220
-208
-204
-177
-139
-116
-129
-126
-155
-170
-185
-178
-189
-187
-180
-175
-217
-40
512
1337
1117
170
-89
-126
-132
-141
-146
-136
-141
-132
-142
-121
-126
-120
-118
-102
-92
-42
-17
36
71
102
110
116
69
26
-36
-71
-114
-123
-149
-139
-142
-137
-145
-137
-137
-127
-134
-124
-120
-127
-138
-125
-129
-120
-128
-129
-124
-114
-125
-109
-113
-107
-94
-31
-24
-19
-41
-34
-77
-79
-82
-85
-95
-87
-83
-112
24
581
1445
1291
299
27
-36
-39
-61
-45
-46
-37
-42
-32
-40
-42
-34
-29
-11
5
22
67
105
151
158
180
172
138
77
34
-21
-51
-79
-86
-100
-99
-104
-100
-105
-88
-100
-89
-99
-87
-101
-87
-102
-96
-102
-97
-118
-99
-108
-107
-117
-111
-109
-99
-84
-17
-43
-53
-62
-75
-118
-113
-118
-125
-124
-121
-129
-169
143
933
1463
838
87
-60
-96
-98
-109
-101
-102
-90
-92
-79
-79
-74
-72
-61
-52
-16
10
56
94
128
147
161
139
107
50
-12
-51
-73
-102
-107
-122
-114
-117
-120
-116
-112
-120
-118
-114
-107
-120
-117
-126
-115
-123
-115
-121
-112
-119
-113
-114
-108
-114
-107
-98
-54
-21
-20
-28
-34
-69
-86
-82
-91
-99
-86
-102
-97
-79
309
1191
1430
519
50
-49
-57
-71
-61
-68
-56
-56
-44
-56
-31
-36
-16
-12
23
43
78
116
165
182
212
207
190
132
87
23
-2
-37
-43
-62
-52
-59
-50
-75
-55
-62
-59
-60
-50
-63
-54
-70
-52
-82
-56
-65
-55
-69
-53
-70
-56
-80
-47
-36
24
12
9
-3
-11
-51
-43
-60
-68
-68
-52
-63
-109
134
788
1490
1056
194
18
-23
-37
-52
-43
-56
-38
-42
-27
-43
-30
-27
-15
-11
19
44
86
118
163
176
188
170
140
81
39
-13
-43
-74
-75
-90
-77
-83
-71
-85
-70
-81
-73
-82
-72
-67
-75
-70
-74
-80
-70
-75
-69
-64
-57
-68
-54
-63
-17
33
14
0
3
-44
-54
-52
-54
-71
-50
-60
-68
-25
451
1347
1396
419
59
-16
-12
-35
-31
-32
-20
-23
-20
-22
-19
-7
-1
-6
27
44
92
122
164
182
205
193
166
110
60
12
-22
-55
-57
-81
-72
-92
-75
-77
-75
-88
-78
-87
-81
-92
-87
-100
-86
-103
-97
-112
-103
-111
-102
-110
-110
-111
-83
-65
-16
-45
-47
-55
-83
-108
-97
-115
-111
-118
-105
-137
-54
393
1305
1346
386
7
-64
-79
-82
-92
-77
-88
-76
-80
-70
-71
-50
-57
-36
-27
-2
34
86
114
160
161
181
120
89
21
-11
-64
-80
-105
-102
-118
-100
-109
-96
-110
-98
-109
-98
-108
-102
-116
-104
-116
-104
-117
-114
-121
-108
-117
-106
-119
-104
-115
-95
-65
-13
-37
-32
-51
-75
-108
-95
-122
-117
-128
-114
-130
-101
266
1170
1388
514
15
-63
-95
-98
-106
-92
-99
-84
-89
-79
-90
-76
-82
-65
-54
-16
-1
70
95
133
141
151
111
69
-6
-43
-96
-109
-151
-140
-155
-149
-165
-154
-177
-161
-179
-166
-177
-164
-174
-169
-193
-174
-192
-181
-194
-186
-201
-183
-194
-197
-205
-156
-121
-116
-134
-127
-163
-186
-192
-191
-208
-193
-202
-191
-243
89
866
1368
664
12
-139
-151
-181
-164
-179
-163
-174
-156
-162
-148
-163
-137
-146
-118
-114
-57
-30
27
41
76
58
70
5
-37
-98
-120
-173
-182
-201
-190
-206
-178
-199
-194
-198
-197
-198
-186
-201
-183
-196
-202
-198
-192
-198
-189
-201
-176
-188
-185
-192
-169
-152
-84
-109
-105
-125
-132
-178
-159
-178
-175
-189
-159
-173
-201
133
985
1407
640
11
-100
-130
-125
-134
-106
-120
-107
-120
-101
-105
-101
-97
-76
-75
-36
-18
37
65
109
112
128
104
68
-6
-34
-84
-108
-134
-128
-152
-139
-151
-136
-159
-134
-154
-143
-157
-143
-161
-157
-181
-153
-176
-166
-181
-172
-191
-179
-198
-175
-195
-163
-132
-86
-121
-117
-137
-165
-184
-170
-198
-194
-196
-178
-215
-116
341
1253
1261
298
-69
-121
-147
-135
-157
-132
-143
-122
-132
-111
-124
-104
-110
-84
-78
-37
-17
48
68
116
115
128
85
45
-25
-63
-107
-115
-153
-140
-151
-135
-148
-132
-155
-139
-153
-140
-153
-141
-155
-148
-166
-152
-162
-143
-164
-154
-168
-147
-163
-149
-176
-154
-133
-69
-82
-82
-95
-103
-159
-145
-157
-156
-170
-155
-164
-204
81
814
1396
867
59
-95
-134
-127
-142
-127
-132
-121
-130
-111
-127
-105
-114
-92
-93
-60
-28
33
53
100
107
123
88
62
-11
-49
-105
-134
-159
-157
-184
-170
-182
-178
-187
-178
-192
-182
-185
-173
-185
-190
-217
-187
-209
-184
-199
-184
-190
-184
-197
-179
-204
-167
-138
-111
-126
-127
-149
-173
-185
-188
-209
-201
-206
-186
-226
-79
383
1271
1178
234
-98
-137
-170
-156
-181
-156
-169
-141
-163
-143
-151
-125
-145
-115
-115
-66
-42
13
34
81
69
87
41
4
-60
-96
-144
-155
-186
-177
-192
-177
-194
-178
-188
-170
-180
-171
-189
-171
-178
-164
-184
-172
-189
-173
-189
-173
-186
-175
-186
-148
-114
-78
-112
-107
-125
-154
-169
-160
-184
-167
-185
-165
-225
-24
557
1391
1097
169
-81
-114
-133
-126
-133
-110
-128
-115
-120
-117
-131
-105
-112
-81
-74
-36
-15
40
65
97
95
94
30
8
-63
-90
-140
-146
-183
-174
-191
-176
-197
-183
-200
-173
-210
-179
-205
-186
-204
-197
-210
-201
-213
-203
-210
-206
-217
-210
-229
-209
-202
-127
-140
-151
-163
-163
-218
-206
-222
-224
-231
-222
-248
-259
-65
551
1318
1041
90
-131
-192
-186
-203
-186
-199
-181
-193
-175
-181
