-175
-181
-242
-193
-199
-176
-174
-155
-144
-122
-119
-97
-95
-73
-47
-14
24
61
87
116
118
102
59
11
-33
-76
-110
-107
-131
-133
-147
-137
-148
-141
-150
-143
-150
-133
-144
-135
-141
-143
-155
-145
-158
-148
-160
-153
-161
-138
-106
-91
-94
-25
-96
-118
-139
-164
-181
-183
-180
-174
-182
-177
-188
-188
-100
88
187
194
-42
-168
-294
-204
-135
-119
-123
-106
-109
-92
-88
-69
-58
-24
-7
34
58
96
120
138
146
152
129
89
36
-1
-45
-71
-101
-121
-130
-134
-151
-136
-144
-155
-136
-137
-144
-141
-151
-141
-146
-148
-156
-156
-163
-166
-171
-168
-181
-160
-123
-110
-132
-49
-87
-144
-163
-181
-209
-205
-211
-212
-213
-201
-210
-201
-155
25
142
161
-16
-191
-351
-290
-168
-157
-156
-145
-143
-131
-126
-104
-91
-65
-47
-9
9
41
68
100
101
111
93
66
4
-35
-90
-118
-149
-160
-180
-191
-196
-193
-200
-190
-193
-185
-192
-184
-189
-197
-219
-184
-187
-199
-205
-193
-198
-207
-196
-155
-137
-158
-90
-106
-179
-192
-220
-227
-242
-233
-240
-236
-238
-232
-241
-208
-31
110
139
35
-168
-326
-319
-199
-182
-171
-160
-153
-156
-148
-139
-92
-96
-70
-45
-11
5
44
56
83
76
71
30
-10
-63
-97
-138
-161
-179
-186
-205
-199
-205
-194
-201
-192
-196
-193
-198
-196
-202
-198
-198
-195
-210
-198
-203
-202
-199
-174
-145
-153
-96
-98
-168
-173
-201
-219
-229
-229
-240
-225
-235
-232
-231
-214
-42
126
142
75
-166
-311
-313
-205
-184
-166
-162
-153
-153
-130
-121
-92
-85
-62
-47
-8
17
47
53
60
90
82
38
1
-52
-86
-126
-150
-174
-177
-193
-192
-201
-195
-211
-200
-213
-199
-215
-211
-218
-216
-220
-222
-231
-221
-230
-235
-249
-235
-206
-160
-194
-133
-116
-189
-223
-231
-286
-269
-272
-282
-272
-275
-277
-266
-259
-91
61
114
65
-228
-354
-364
-254
-217
-222
-200
-199
-191
-189
-162
-150
-122
-107
-72
-50
-19
9
28
47
61
39
25
-31
-70
-121
-157
-192
-187
-219
-211
-224
-227
-230
-225
-224
-221
-218
-218
-225
-217
-224
-218
-230
-231
-234
-228
-241
-227
-232
-209
-167
-187
-150
-107
-191
-214
-228
-269
-278
-277
-280
-277
-274
-265
-282
-273
-140
23
106
98
-184
-289
-386
-283
-225
-208
-200
-188
-184
-177
-158
-140
-121
-90
-75
-49
-20
23
36
58
57
55
29
-5
-64
-102
-138
-171
-196
-208
-223
-221
-230
-222
-246
-232
-217
-228
-233
-225
-234
-237
-246
-234
-251
-244
-255
-252
-254
-229
-195
-196
-182
-111
-187
-213
-228
-267
-270
-268
-279
-269
-267
-262
-256
-259
-173
-8
97
96
-143
-234
-383
-312
-235
-194
-204
-193
-195
-177
-168
-144
-133
-108
-93
-63
-39
-2
14
39
54
57
25
-1
-64
-93
-143
-157
-189
-199
-217
-208
-221
-217
-223
-207
-218
-209
-215
-205
-216
-205
-223
-229
-212
-204
-220
-208
-189
-164
-177
-105
-104
-185
-202
-207
-245
-239
-241
-240
-248
-252
-242
-238
-230
-56
109
156
102
-139
-269
-318
-219
-174
-167
-137
-141
-126
-116
-103
-94
-76
-71
-20
4
27
47
75
85
95
78
47
6
-38
-86
-117
-153
-168
-184
-180
-191
-188
-197
-189
-193
-183
-196
-184
-186
-184
-193
-201
-193
-190
-196
-190
-187
-141
-129
-140
-74
-113
-167
-174
-215
-216
-232
-223
-234
-218
-223
-216
-222
-197
-12
158
159
67
-187
-321
-284
-175
-165
-150
-148
-132
-132
-109
-104
-82
-70
-47
-14
13
40
73
85
103
106
88
30
-6
-28
-86
-124
-146
-167
-170
-183
-175
-178
-172
-173
-172
-178
-175
-179
-178
-177
-177
-183
-176
-183
-183
-189
-180
-180
-155
-126
-128
-103
-58
-132
-154
-180
-206
-213
-213
-222
-223
-228
-186
-201
-192
-101
67
174
171
-102
-221
-337
-229
-174
-162
-152
-138
-135
-120
-109
-93
-87
-63
-40
-4
17
52
77
102
105
118
88
58
-4
-45
-87
-116
-145
-146
-179
-175
-159
-163
-175
-166
-167
-164
-164
-166
-167
-167
-173
-168
-173
-170
-176
-168
-174
-167
-172
-165
-167
-139
-100
-109
-85
-29
-109
-131
-154
-179
-184
-181
-191
-181
-183
-176
-177
-179
-157
54
191
210
68
-134
-293
-231
-132
-112
-105
-89
-87
-67
-47
-37
-25
-1
18
51
79
112
138
169
180
187
181
157
107
61
13
-20
-55
-57
-67
-68
-77
-68
-74
-79
-72
-59
-69
-59
-59
-59
-67
-62
-71
-64
-58
-59
-70
-65
-66
-57
-64
-47
-34
24
-4
31
72
6
-20
-23
-69
-69
-77
-56
-64
-48
-56
-46
-58
10
180
321
307
138
17
-158
-109
-3
10
31
30
43
53
67
69
104
122
148
171
207
228
261
283
306
308
299
269
223
183
142
102
86
69
61
54
57
52
62
66
64
62
71
46
82
70
63
61
77
70
80
73
76
60
82
106
150
116
189
193
128
111
102
78
77
66
78
68
74
75
84
80
241
409
478
433
169
59
-5
94
144
160
151
169
199
201
220
227
248
264
300
324
363
378
405
417
439
423
409
364
319
268
232
194
173
147
146
142
138
132
133
123
129
126
129
118
116
107
112
106
104
88
83
103
94
92
107
137
146
127
206
154
115
87
66
37
36
28
37
33
38
28
25
77
250
377
380
210
42
-112
-47
39
60
67
73
80
88
93
111
126
143
143
166
221
235
265
283
283
290
261
220
173
133
75
41
-3
-13
-32
-41
-47
-53
-62
-62
-65
-65
-77
-69
-76
-80
-92
-90
-99
-98
-98
-100
-112
-105
-110
-84
-50
-71
-40
-14
-75
-111
-133
-169
-181
-177
-180
-178
-189
-186
-184
-175
-33
124
191
153
-132
-250
-299
-180
-148
-134
-132
-124
-115
-97
-89
-79
-63
-34
-17
23
44
77
97
120
134
134
101
65
29
-33
-74
-95
-120
-135
-142
-136
-147
-140
-147
-139
-145
-146
-141
-145
-148
-142
-143
-141
-147
-144
-148
-145
-145
-126
-80
-73
-68
9
-58
-89
-101
-126
-134
-141
-143
-135
-154
-145
-124
-136
-66
93
217
241
26
-91
-241
-169
-87
-70
-58
-60
-46
-33
-26
-9
3
25
45
73
97
145
161
181
192
205
182
139
96
49
3
-23
-45
-55
-68
-71
-93
-91
-70
-78
-71
-77
-79
-69
-69
-69
-70
-74
-78
-77
-83
-71
-49
-11
-38
12
36
-42
-68
-76
-110
-112
-124
-106
-113
-114
-122
-105
-105
22
193
281
263
-16
-118
-231
-145
-79
-44
-53
-53
-29
-25
-10
-1
26
36
58
98
131
151
174
187
206
201
179
134
90
42
6
-34
-47
-65
-74
-82
-74
-83
-79
-78
-82
-84
-77
-84
-88
-92
-92
-101
-112
-85
-98
-98
-70
-41
-52
-16
12
-60
-75
-97
-132
-139
-139
-137
-122
-127
-125
-130
-114
24
201
262
237
-68
-170
-232
-121
-70
-63
-55
-38
-31
-14
-3
15
31
55
75
94
148
176
190
203
218
220
190
163
114
74
30
1
-24
-27
-38
-31
-36
-37
-33
-25
-22
-33
-31
-25
-20
-24
-29
-30
-34
-33
-37
-39
-27
26
34
14
85
73
3
-28
-25
-46
-56
-52
-51
-46
-46
-43
-37
-17
152
303
336
254
-2
-138
-122
3
14
27
38
58
56
66
77
100
112
135
160
202
226
249
269
298
303
295
247
211
158
102
79
62
30
22
11
12
11
15
9
15
12
17
17
21
24
20
14
23
15
18
11
21
38
83
100
79
151
134
55
44
23
22
8
1
-4
12
8
14
11
13
194
355
382
322
67
-62
-74
45
69
85
92
97
114
129
139
160
177
192
225
254
285
308
332
354
358
349
312
274
209
176
142
113
95
96
84
88
87
89
77
80
88
101
92
95
95
88
86
88
85
83
78
100
135
146
127
212
162
114
97
69
63
53
48
53
48
55
55
59
63
253
393
431
364
131
-11
-30
72
111
113
114
134
165
154
171
178
200
219
255
288
320
345
374
380
393
385
343
301
264
218
189
156
150
130
127
126
125
122
121
120
121
122
128
128
123
123
118
117
114
111
104
144
190
153
215
228
148
117
109
69
81
73
67
59
64
65
66
66
164
336
444
437
185
57
-54
27
111
120
128
134
144
150
167
183
207
220
243
270
302
330
348
365
410
387
362
321
272
227
188
162
141
124
110
104
109
95
94
95
96
97
104
98
101
95
92
89
77
82
82
68
77
83
129
146
125
197
176
107
100
75
52
31
64
51
59
57
67
58
62
205
369
440
408
107
-12
-71
45
93
97
107
114
121
133
139
149
167
190
215
240
270
294
314
343
348
349
316
268
213
169
127
86
60
77
57
50
48
47
44
41
42
41
42
34
35
32
23
18
17
10
5
10
6
8
12
46
73
41
119
99
32
11
-8
-33
-34
-43
-46
-39
-41
-39
-46
-39
53
236
351
334
51
-60
-162
-60
1
12
26
36
44
49
53
78
90
107
137
164
197
222
246
266
282
276
249
218
166
113
70
48
25
6
-9
-10
-15
-17
-18
-17
-29
-27
-9
-21
-8
-11
-16
-13
-20
-27
-38
-41
-42
-33
-17
28
31
11
85
49
-4
-25
-46
-57
-64
-69
-68
-58
-64
-54
-59
-46
115
265
316
273
12
-113
-170
-62
-24
-27
8
13
11
21
37
55
67
86
100
129
152
185
203
225
238
230
196
153
105
59
14
-16
-25
-43
-54
-55
-66
-70
-73
-73
-74
-64
-60
-50
-52
-59
-66
-62
-67
-82
-60
-49
-43
-8
-28
22
54
-26
-44
-56
-97
-87
-106
-103
-103
-98
-104
-107
-100
-2
177
282
262
20
-92
-222
-146
-70
-70
-65
-54
-41
-35
-17
-8
16
27
56
79
100
127
178
182
200
191
170
130
81
28
-1
-32
-55
-64
-67
-70
-78
-81
-81
-82
-93
-91
-86
-88
-85
-94
-90
-86
-94
-88
-104
-111
-106
-84
-48
-39
-40
26
-26
-69
-90
-135
-126
-128
-136
-145
-133
-136
-129
-131
-93
84
219
231
84
-127
-269
-214
-106
-97
-93
-76
-72
-60
-47
-34
-8
2
28
50
83
108
134
159
181
182
169
130
86
37
-8
-57
-84
-72
-96
-105
-106
-105
-111
-106
-108
-108
-108
-100
-109
-112
-106
-114
-115
-122
-114
-117
-119
-123
-91
-48
-66
-28
15
-56
-93
-109
-140
-141
-147
-149
-144
-138
-140
-143
-137
-60
95
241
239
-3
-144
-271
-184
-95
-86
-77
-63
-54
-44
-33
-22
-3
17
44
73
92
124
152
169
187
192
174
131
92
47
2
-37
-55
-60
-69
-84
-83
-93
-85
-95
-100
-100
-102
-73
-90
-97
-93
-103
-93
-94
-99
-99
-98
-76
-41
-27
-37
36
-15
-60
-90
-120
-126
-127
-129
-141
-138
-129
-124
-132
-108
65
200
218
103
-95
-238
-219
-115
-102
-84
-78
-99
-69
-54
-46
-32
-14
15
36
65
91
113
135
147
162
148
110
65
14
-24
-54
-89
-102
-117
-121
-122
-127
-127
-130
-129
-138
-136
-132
-129
-131
-132
-137
-145
-151
-153
-149
-118
-98
-105
-49
-54
-126
-141
-159
-186
-193
-199
-201
-199
-194
-188
-192
-198
-66
102
193
161
-111
-210
-316
-229
-163
-149
-147
-135
-125
-124
-109
-99
-84
-69
-42
-22
7
33
65
77
74
95
55
8
-35
-77
-120
-150
-172
-190
-199
-209
-208
-209
-221
-220
-213
-219
-216
-226
-227
-221
-228
-234
-234
-235
-239
-214
-180
-189
-165
-109
-193
-221
-236
-282
-283
-292
-288
-298
-311
-294
-299
-303
-240
-62
67
70
-130
-297
-424
-346
-256
-252
-238
-230
-218
-221
-203
-183
-170
-144
-125
-101
-64
-37
-10
16
29
36
7
-29
-79
-118
-159
-199
-213
-223
-245
-249
-261
-257
-235
-251
-239
-235
-241
-240
-241
-245
-248
-249
-240
-250
-254
-257
-246
-217
-181
-200
-152
-121
-208
-224
-247
-277
-283
-284
-284
-289
-289
-271
-276
-271
-175
0
116
110
-152
-278
-409
-312
-217
-209
-202
-196
-184
-169
-157
-147
-129
-100
-77
-55
-35
-2
21
44
58
64
42
-3
-36
-84
-124
-156
-181
-192
-212
-211
-213
-208
-208
-215
-212
-207
-212
-204
-213
-210
-220
-225
-201
-209
-220
-224
-215
-195
-160
-174
-135
-95
-179
-195
-214
-247
-248
-258
-261
-260
-253
-258
-261
-254
-194
-23
93
108
-91
-220
-381
-311
-216
-197
-202
-183
-170
-164
-148
-133
-123
-115
-83
-51
-36
6
24
44
52
55
38
7
-43
-90
-136
-170
-188
-197
-215
-215
-217
-216
-219
-224
-215
-219
-211
-210
-221
-224
-222
-229
-223
-227
-229
-224
-185
-165
-199
-114
-141
-210
-220
-225
-261
-268
-278
-280
-280
-268
-264
-274
-265
-100
69
125
96
-171
-293
-360
-264
-220
-212
-200
-190
-176
-175
-156
-140
-119
-99
-70
-36
0
29
52
63
77
69
44
7
-51
-110
-116
-150
-179
-178
-193
-196
-186
-184
-180
-178
-178
-174
-176
-177
-175
-172
-170
-178
-171
-156
-122
-111
-135
-55
-70
-137
-154
-160
-194
-201
-211
-212
-206
-209
-201
-200
-189
-26
146
185
163
-114
-248
-283
-166
-133
-122
-115
-106
-97
-78
-65
-50
-29
-8
16
42
80
111
139
153
156
149
121
80
32
-10
-40
-62
-86
-89
-93
-93
-98
-92
-94
-88
-90
-88
-103
-109
-84
-100
-93
-96
-93
-91
-90
-52
-23
-44
14
42
-37
-46
-61
-94
-99
-96
-97
-92
-99
-93
-96
-93
42
202
302
282
-9
-124
-203
-86
-33
-20
-17
-6
4
14
27
28
67
94
105
145
165
197
216
240
254
243
224
182
128
93
59
29
18
6
-4
-6
-15
-11
-21
-7
-13
-12
-4
-6
-12
-2
-7
-3
-2
-8
-4
-8
15
63
73
54
126
96
38
15
-20
-18
-35
-27
-29
-22
-20
-12
-14
-9
161
314
360
306
43
-98
-102
14
44
49
53
70
74
88
105
115
132
158
182
209
240
268
287
306
311
311
259
221
196
140
104
73
59
55
43
48
37
47
33
37
39
46
44
42
43
48
49
41
35
33
35
51
97
100
97
169
108
62
37
12
11
6
-7
-10
1
4
5
9
18
200
365
377
269
72
-91
-55
39
58
57
65
84
104
100
115
132
138
166
199
217
244
267
300
318
323
297
277
222
179
127
102
86
81
68
55
54
63
57
67
56
46
50
69
51
59
59
58
57
58
53
67
83
117
102
147
165
98
76
67
19
19
15
15
13
17
30
28
21
113
287
417
397
165
50
-80
-10
81
80
91
94
102
96
136
138
159
178
204
224
262
289
315
341
341
353
329
286
235
180
150
120
105
83
80
72
78
75
80
81
80
75
82
80
91
83
83
81
80
75
72
67
95
130
126
145
196
133
93
76
40
37
27
15
21
21
28
22
29
61
240
389
407
291
70
-82
-34
72
74
81
99
95
109
111
126
132
152
168
199
221
254
280
301
316
316
287
288
225
181
134
100
68
48
37
30
24
27
23
25
14
27
16
29
21
18
9
14
10
6
15
11
-1
13
49
71
46
139
97
50
25
5
-15
-25
-25
-28
-50
-46
-25
-32
-29
117
267
347
312
22
-94
-156
-46
7
4
24
29
42
46
60
69
93
115
132
159
191
209
244
246
263
256
236
190
137
90
55
20
5
-16
-22
-28
-47
-22
-22
-47
-39
-34
-37
-41
-40
-49
-39
-60
-58
-64
-67
-60
-2
4
-19
66
36
-28
-47
-86
-91
-101
-102
-108
-105
-108
-105
-109
-101
58
220
259
217
-28
-156
-210
-107
-87
-32
-48
-31
-28
-23
-25
1
13
52
72
91
119
153
161
190
197
192
150
108
61
19
-19
-41
-68
-70
-83
-83
-100
-87
-80
-78
-82
-81
-83
-83
-95
-85
-93
-87
-105
-108
-75
-33
-40
-48
20
-10
-62
-76
-116
-122
-124
-127
-135
-129
-131
-132
-132
-126
41
208
252
207
-53
-190
-234
-127
-91
-90
-81
-66
-54
-42
-42
-17
-13
23
44
75
97
129
146
185
174
164
133
102
39
-2
-30
-57
-87
-90
-104
-105
-114
-103
-103
-102
-103
-92
-99
-99
-106
-97
-104
-99
-109
-106
-102
-58
-42
-67
26
-2
-71
-81
-106
-123
-139
-146
-158
-140
-128
-134
-145
-125
39
204
252
207
-104
-209
-242
-116
-89
-79
-79
-65
-46
-38
-28
-10
2
27
51
95
119
143
169
186
195
189
157
111
69
25
-13
-42
-58
-67
-85
-92
-66
-75
-75
-71
-76
-65
-79
-71
-87
-69
-77
-68
-78
-78
-85
-83
-69
-18
-17
-15
49
-5
-48
-66
-90
-97
-107
-103
-104
-104
-112
-105
-107
-87
78
231
262
204
-79
-220
-189
-67
-61
-54
-41
-26
-21
2
10
19
36
63
92
115
140
175
198
215
222
223
180
139
94
51
12
-7
-30
-54
-58
-53
-49
-46
-56
-52
-60
-53
-59
-59
-68
-80
-64
-46
-72
-60
-67
-65
-55
-6
-11
-5
59
6
-34
-57
-93
-87
-101
-94
-99
-88
-94
-95
-101
-73
97
243
274
180
-34
-170
-175
-60
-40
-30
-37
-6
-11
7
15
20
36
89
88
124
143
172
196
216
213
204
164
124
88
49
3
-27
-36
-51
-69
-55
-63
-60
-58
-58
-58
-50
-54
-45
-49
-45
-58
-48
-46
-50
-53
-7
14
1
66
79
-29
-8
-43
-65
-77
-66
-88
-75
-75
-74
-77
-68
63
240
301
286
33
-63
-169
-87
-33
-15
-7
-1
4
25
34
48
58
95
110
143
172
208
224
251
250
249
224
178
119
102
54
25
-12
-14
-21
-31
-26
-21
-25
-18
-24
-22
-23
-16
-22
-7
-21
-15
-22
-2
35
55
18
98
71
21
-9
-22
-36
-51
-57
-53
-51
-47
-47
-30
-39
139
286
341
286
4
-129
-137
-50
-6
0
9
18
26
43
60
59
78
92
115
137
181
199
227
241
254
229
197
151
102
44
13
-10
-12
-39
-39
-57
-44
-47
-53
-60
-59
-74
-37
-58
-57
-58
-53
-59
-53
-67
-46
-15
11
-12
64
21
-25
-45
-60
-86
-91
-100
-99
-99
-98
-95
-91
-89
83
235
282
238
-55
-174
-182
-73
-40
-37
-32
-39
-14
-19
19
29
40
55
84
109
145
168
208
221
233
222
201
142
105
53
10
-16
-32
-48
-51
-54
-53
-66
-70
-58
-59
-61
-66
-59
-58
-70
-70
-76
-66
-82
-88
-76
-37
-34
-33
29
31
-53
-69
-94
-109
-119
-118
-122
-124
-123
-111
-127
-114
-19
156
258
248
-24
-144
-257
-154
-87
-75
-64
-51
-44
-30
-19
-6
5
29
39
66
109
128
140
171
166
178
165
117
53
15
-24
-56
-81
-98
-108
-121
-124
-115
-125
-126
-123
-121
-136
-115
-118
-116
-132
-127
-138
-128
-149
-131
-119
-80
-94
-72
-20
-85
-125
-125
-178
-169
-186
-187
-204
-190
-180
-188
-195
-155
17
160
171
53
-131
-284
-282
-172
-160
-155
-161
-149
-138
-123
-117
-97
-83
-66
-45
-14
9
36
48
73
71
50
17
-24
-75
-111
-157
-182
-204
-204
-237
-232
-209
-228
-240
-232
-225
-236
-227
-222
-227
-219
-231
-230
-238
-220
-198
-170
-191
-135
-120
-197
-217
-235
-266
-264
-273
-269
-288
-283
-278
-271
-270
-177
-6
102
82
-148
-255
-389
-330
-247
-217
-211
-209
-200
-199
-175
-166
-144
-140
-105
-89
-50
-37
-12
13
28
23
4
-48
-79
-126
-172
-197
-214
-239
-242
-250
-241
-246
-229
-235
-240
-234
-226
-238
-232
-239
-234
-250
-260
-235
-220
-189
-184
-174
-103
-180
-212
-227
-257
-264
-272
-280
-291
-287
-277
-283
-283
-247
-52
79
90
-30
-244
-386
-341
-231
-223
-222
-207
-199
-182
-180
-163
-149
-126
-110
-91
-78
-17
9
30
38
34
20
-16
-65
-103
-153
-174
-207
-213
-225
-234
-233
-222
-229
-217
-223
-215
-226
-220
-228
-222
-231
-225
-230
-225
-239
-227
-194
-155
-191
-121
-129
-197
-220
-243
-283
-280
-276
-285
-291
-288
-287
-279
-293
-162
-11
95
75
-194
-313
-408
-301
-240
-242
-223
-219
-203
-195
-177
-173
-149
-142
-104
-89
-56
-35
-2
3
30
25
10
-42
-82
-118
-161
-198
-229
-225
-241
-246
-249
-252
-254
-256
-246
-255
-248
-243
-232
-243
-241
-243
-235
-248
-247
-242
-191
-181
-207
-134
-140
-213
-229
-250
-271
-283
-279
-294
-277
-293
-284
-284
-281
-201
-24
84
82
-132
-252
-410
-317
-240
-225
-230
-217
-201
-185
-176
-154
-142
-121
-104
-69
-54
-16
2
30
37
52
30
0
-54
-103
-149
-166
-196
-205
-231
-227
-218
-216
-214
-204
-216
-211
-219
-220
-238
-199
-216
-208
-213
-217
-218
-202
-166
-152
-169
-90
-154
-189
-211
-236
-249
-247
-261
-254
-268
-249
-254
-241
-233
-62
84
140
73
-153
-288
-318
-228
-184
-183
-165
-167
-155
-147
-141
-139
-88
-89
-54
-37
-1
19
45
55
64
47
21
-28
-64
-109
-136
-167
-176
-201
-210
-214
-202
-212
-221
-220
-210
-216
-205
-221
-214
-224
-225
-224
-224
-219
-203
-167
-165
-173
-105
-169
-182
-210
-247
-265
-266
-267
-261
-261
-251
-263
-265
-256
-68
69
103
27
-226
-360
-361
-258
-217
-216
-203
-205
-184
-175
-155
-150
-131
-130
-104
-71
-26
-15
14
26
44
18
-14
-71
-106
-131
-170
-200
-220
-234
-243
-249
-238
-252
-242
-250
-241
-251
-246
-260
-251
-256
-247
-257
-247
-254
-251
-231
-185
-200
-187
-136
-191
-234
-253
-298
-289
-305
-303
-307
-306
-320
-295
-301
-283
-125
44
66
2
-279
-401
-392
-270
-257
-244
-241
-231
-231
-210
-200
-180
-172
-140
-122
-90
-62
-33
-10
20
14
10
-24
-64
-113
-150
-198
-223
-260
-264
-270
-278
-283
-283
-296
-288
-297
-302
-307
-272
-281
-285
-293
-286
-294
-291
-302
-285
-269
-222
-242
-220
-165
-237
-283
-293
-332
-329
-338
-339
-340
-337
-335
-328
-335
-312
-142
10
42
-37
-292
-431
-419
-306
-292
-272
-273
-265
-265
-249
-246
-229
-194
-178
-157
-118
-85
-57
-44
-26
-24
-30
-73
-112
-161
-188
-234
-257
-274
-286
-285
-284
-295
-277
-295
-289
-288
-279
-283
-287
-292
-281
-293
-276
-283
-275
-286
-258
-232
-210
-240
-143
-196
-255
-260
-283
-304
-307
-322
-311
-327
-309
-306
-297
-307
-169
-11
95
73
-204
-307
-400
-318
-254
-249
-226
-235
-217
-212
-204
-185
-165
-147
-122
-104
-68
-39
-15
-15
10
0
-22
-79
-112
-168
-206
-231
-232
-258
-256
-271
-264
-269
-264
-272
-250
-267
-262
-266
-266
-276
-260
-270
-282
-285
-285
-278
-245
-216
-232
-196
-157
-249
-249
-277
-298
-312
-318
-337
-332
-339
-333
-328
-332
-272
-85
34
36
-171
-290
-449
-376
-294
-278
-275
-258
-256
-246
-237
-219
-207
-184
-166
-130
-109
-80
-60
-37
-21
-14
-36
-77
-129
-169
-215
-243
-267
-278
-293
-300
-312
-303
-302
-305
-313
-298
-308
-293
-308
-297
-313
-324
-308
-326
-320
-322
-327
-331
-322
-281
-273
-284
-215
-256
-306
-324
-361
-370
-373
-372
-377
-373
-376
-368
-380
-358
-201
-34
17
-22
-320
-428
-467
-346
-310
-298
-302
-286
-286
-266
-262
-243
-238
-218
-174
-157
-129
-88
-79
-57
-61
-60
-97
-129
-175
-214
-266
-293
-310
-309
-331
-320
-333
-332
-323
-316
-315
-313
-326
-317
-332
-317
-319
-317
-318
-314
-318
-316
-318
-318
-315
-250
-244
-271
-202
-214
-268
-280
-318
-328
-332
-328
-332
-332
-339
-324
-332
-317
-199
-32
56
38
-233
-323
-448
-349
-285
-277
-278
-251
-253
-238
-233
-211
-201
-187
-166
-132
-109
-88
-62
-39
-29
-13
-51
-84
-140
-181
-205
-224
-270
-268
-288
-282
-294
-283
-285
-281
-283
-276
-281
-272
-281
-275
-288
-280
-291
-289
-294
-286
-288
-236
-219
-238
-180
-164
-250
-248
-281
-317
-317
-307
-317
-312
-312
-308
-318
-304
-223
-53
79
65
-170
-271
-420
-344
-272
-252
-259
-243
-237
-213
-218
-194
-189
-166
-140
-111
-87
-58
-34
-8
-10
6
-22
-51
-96
-139
-184
-218
-251
-249
-266
-261
-269
-262
-269
-263
-254
-267
-269
-275
-254
-255
-265
-254
-257
-250
-263
-257
-258
-238
-195
-172
-207
-128
-154
-218
-245
-250
-280
-273
-280
-272
-281
-270
-267
-265
-271
-100
47
110
76
-217
-337
-371
-272
-203
-213
-195
-194
-184
-186
-165
-128
-121
-95
-69
-51
-8
13
36
53
72
55
45
5
-43
-94
-116
-153
-163
-183
-191
-192
-189
-188
-188
-188
-181
-180
-179
-197
-189
-197
-191
-192
-184
-196
-184
-196
-185
-194
-178
-157
-115
-129
-65
-136
-172
-193
-207
-228
-222
-232
-226
-232
-221
-233
-222
-203
-12
124
158
55
-181
-337
-295
-185
-157
-153
-144
-133
-124
-114
-103
-88
-62
-40
-10
10
47
72
100
111
106
103
104
47
3
-52
-81
-116
-129
-145
-144
-157
-159
-163
-155
-153
-155
-152
-156
-159
-150
-155
-150
-157
-167
-163
-156
-164
-167
-144
-94
-87
-109
-24
-65
-111
-140
-155
-168
-177
-174
-192
-194
-158
-169
-172
-159
-2
156
201
167
-116
-232
-278
-177
-121
-108
-110
-91
-89
-80
-66
-46
-43
-15
3
41
57
94
105
134
139
130
99
68
15
-17
-61
-87
-109
-114
-143
-139
-156
-126
-140
-132
-133
-141
-128
-118
-131
-126
-127
-129
-134
-136
-145
-144
-136
-93
-73
-90
-29
-18
-106
-132
-142
-148
-169
-170
-179
-184
-183
-175
-177
-166
-47
137
213
195
-62
-147
-276
-204
-117
-112
-104
-96
-88
-68
-66
-59
-45
-24
-5
43
60
94
109
129
141
147
132
83
31
-11
-43
-73
-103
-112
-126
-121
-129
-118
-130
-117
-127
-115
-120
-116
-125
-125
-130
-129
-140
-120
-137
-134
-124
-89
-70
-87
-27
-20
-102
-113
-143
-152
-166
-169
-181
-170
-176
-167
-164
-158
-35
139
221
208
-79
-179
-288
-187
-137
-123
-122
-110
-109
-87
-77
-61
-49
-23
-14
11
56
76
90
113
121
136
103
71
21
-23
-68
-96
-116
-131
-150
-146
-148
-144
-144
-146
-139
-138
-137
-136
-151
-140
-155
-145
-151
-156
-147
-147
-149
-134
-104
-68
-104
-32
-37
-110
-137
-125
-180
-174
-184
-173
-175
-167
-166
-165
-165
-42
118
217
204
-91
-194
-287
-194
-133
-117
-102
-107
-79
-73
-62
-47
-25
-12
16
35
74
91
116
137
162
150
139
88
44
-16
-41
-59
-85
-91
-102
-111
-111
-102
-93
-105
-93
-100
-100
-104
-102
-102
-94
-106
-107
-115
-103
-118
-109
-112
-98
-73
-35
-66
4
-3
-68
-81
-89
-128
-129
-133
-134
-134
-123
-141
-137
-115
-7
159
255
235
-26
-135
-248
-152
-86
-73
-64
-59
-40
-37
-24
-13
9
19
42
67
96
132
152
169
184
187
176
124
76
22
-4
-44
-58
-72
-94
-88
-86
-98
-115
-96
-79
-105
-98
-95
-109
-111
-105
-103
-111
-109
-119
-129
-111
-71
-56
-92
2
-36
-90
-111
-154
-160
-158
-172
-165
-161
-167
-164
-164
-170
8
160
223
173
-79
-197
-256
-159
-117
-124
-87
-87
-79
-71
-59
-44
-29
-13
19
35
74
101
116
129
148
140
115
72
32
-27
-64
-91
-87
-117
-125
-137
-122
-132
-135
-136
-131
-138
-137
-147
-136
-129
-143
-153
-148
-166
-155
-133
-103
-84
-111
-38
-51
-117
-136
-173
-179
-187
-187
-187
-199
-193
-191
-197
-188
-42
130
193
165
-133
-235
-305
-189
-144
-128
-141
-114
-108
-104
-98
-87
-65
-37
-23
2
17
50
88
102
112
108
82
40
-5
-56
-99
-131
-152
-161
-180
-174
-181
-175
-183
-182
-181
-177
-182
-183
-178
-183
-184
-190
-191
-192
-201
-190
-172
-118
-137
-133
-70
-127
-162
-181
-216
-231
-215
-232
-233
-219
-223
-221
-215
-180
-5
142
150
15
-199
-336
-282
-174
-171
-153
-151
-146
-135
-127
-121
-95
-87
-63
-37
-10
12
38
61
74
78
64
26
-6
-61
-100
-139
-167
-161
-176
-192
-187
-191
-192
-190
-186
-186
-176
-179
-182
-182
-180
-176
-179
-179
-182
-187
-183
-176
-119
-114
-126
-55
-101
-155
-167
-201
-208
-213
-208
-208
-210
-211
-197
-208
-181
-5
123
174
109
-158
-305
-289
-169
-154
-145
-126
-125
-119
-107
-85
-74
-65
-29
-13
23
48
79
104
124
122
118
82
49
2
-46
-90
-107
-133
-140
-154
-152
-153
-151
-154
-156
-153
-158
-157
-139
-149
-139
-149
-136
-155
-155
-160
-143
-139
-82
-79
-85
-17
-73
-118
-131
-163
-170
-182
-168
-172
-175
-177
-163
-173
-141
20
155
178
65
-115
-277
-259
-154
-134
-124
-105
-108
-113
-64
-49
-55
-36
-9
17
46
77
111
118
137
140
137
110
59
21
-18
-64
-89
-111
-121
-135
-141
-139
-130
-141
-140
-142
-142
-144
-133
-136
-140
-139
-143
-156
-153
-143
-103
-88
-111
-22
-35
-116
-130
-149
-180
-179
-189
-193
-192
-187
-189
-179
-181
-42
136
201
176
-98
-196
-297
-212
-139
-121
-122
-106
-96
-83
-73
-56
-46
-24
6
36
59
86
106
141
136
126
110
57
12
-33
-69
-98
-120
-128
-147
-145
-147
-151
-151
-152
-151
-145
-152
-145
-144
-146
-150
-146
-153
-159
-166
-146
-110
-87
-118
-48
-85
-128
-155
-177
-197
-195
-200
-202
-208
-208
-219
-197
-190
-4
142
175
108
-174
-299
-285
-185
-155
-138
-135
-128
-118
-113
-95
-76
-53
-33
-6
30
55
86
91
116
120
117
87
37
-2
-50
-88
-117
-127
-147
-158
-166
-163
-174
-168
-146
-162
-165
-159
-168
-170
-174
-165
-171
-172
-174
-187
-184
-173
-129
-123
-132
-61
-116
-158
-183
-209
-225
-229
-235
-236
-231
-224
-229
-222
-197
-25
117
146
72
-192
-339
-308
-202
-194
-186
-154
-154
-154
-133
-125
-112
-93
-73
-42
-22
11
43
53
76
76
67
40
-14
-54
-97
-132
-159
-185
-194
-203
-205
-207
-208
-203
-207
-215
-204
-201
-199
-195
-203
-201
-202
-201
-213
-216
-193
-193
-153
-135
-157
-63
-103
-160
-182
-205
-219
-230
-227
-218
-224
-223
-213
-215
-208
-46
106
147
91
-151
-276
-326
-218
-176
-175
-173
-151
-147
-145
-121
-118
-83
-67
-42
-20
5
22
67
91
92
67
51
4
-53
-85
-126
-147
-161
-197
-202
-196
-199
-196
-201
-196
-199
-197
-186
-193
-198
-190
-185
-191
-190
-188
-188
-183
-133
-131
-132
-61
-121
-166
-176
-211
-204
-227
-241
-235
-205
-230
-217
-215
-185
-4
149
150
77
-137
-284
-289
-190
-168
-156
-155
-139
-130
-112
-105
-77
-79
-61
-25
-5
25
60
77
94
86
86
61
20
-31
-74
-98
-122
-144
-147
-157
-180
-158
-151
-167
-153
-157
-153
-154
-161
-164
-156
-154
-157
-172
-171
-162
-134
-101
-132
-53
-76
-148
-163
-185
-209
-211
-215
-220
-217
-211
-212
-206
-197
-48
113
175
150
-144
-247
-321
-203
-169
-166
-133
-133
-124
-122
-101
-84
-70
-51
-30
-5
19
53
80
98
115
105
71
29
-21
-68
-100
-138
-149
-168
-175
-178
-186
-187
-181
-182
-186
-176
-180
-181
-178
-176
-175
-180
-177
-185
-186
-197
-153
-139
-107
-130
-94
-63
-136
-153
-173
-203
-211
-210
-220
-220
-215
-219
-214
-213
-130
42
157
164
-64
-201
-330
-253
-167
-151
-149
-146
-135
-114
-111
-84
-63
-59
-31
-15
21
53
57
79
116
109
90
60
19
-39
-71
-106
-132
-140
-144
-158
-164
-165
-160
-152
-164
-158
-150
-153
-150
-147
-143
-144
-143
-148
-143
-149
-155
-136
-124
-75
-83
-44
-6
-72
-101
-111
-145
-136
-144
-164
-130
-136
-141
-131
-129
-95
82
216
237
112
-64
-223
-190
-89
-70
-54
-49
-42
-39
-25
-12
2
19
50
71
104
128
154
167
180
189
182
155
113
68
24
-13
-29
-60
-65
-74
-86
-59
-71
-69
-73
-74
-64
-69
-74
-67
-75
-76
-77
-76
-78
-83
-76
-49
-10
-27
-11
47
-36
-51
-64
-104
-118
-115
-125
-126
-123
-126
-122
-122
-88
96
237
234
97
-49
-215
-196
-109
-69
-70
-65
-54
-45
-38
-22
-15
7
24
50
61
97
120
138
155
157
134
103
66
16
-33
-56
-79
-111
-112
-122
-137
-138
-137
-136
-132
-138
-137
-139
-144
-151
-146
-148
-156
-168
-154
-156
-159
-134
-100
-121
-77
-53
-123
-151
-159
-196
-202
-201
-207
-206
-210
-221
-209
-213
-125
48
1.8343
0.15958
-0.0097349
0.73745
0.67123
0.9328
0.84662
0.89934
0.97366
1.0078
0.8854
0.88787
0.79814
0.47272
-0.032556
-0.68659
-1.4845
-2.4362
-3.4446
-4.5566
-6.153
-8.3329
-10.611
-12.017
-11.625
-11.056
-9.8383
-8.5579
-6.9659
-5.6799
-5.115
-4.735
-4.5315
-4.4445
-4.5021
-4.5787
-4.6108
-4.4679
-3.7428
-3.0238
-2.3208
-2.5573
-3.5806
-2.994
-2.4673
-0.5644
1.5101
3.205
4.3588
4.9865
5.3847
5.3921
4.957
4.1746
3.2436
2.198
0.99773
-0.045978
-0.83402
-1.6011
-2.2485
-2.9952
-4.0696
-4.9791
-5.3401
-4.1604
-2.4273
-1.3533
-1.1484
-0.654
-0.15118
0.56254
1.1974
1.5592
1.5839
1.2243
0.90601
0.70681
0.68975
0.50034
0.17892
-0.075598
-0.19839
-0.010104
0.13988
0.67577
1.1038
1.5119
2.6024
3.9874
5.1626
6.0119
6.3621
6.2695
6.0699
5.6029
4.8813
3.88
2.6814
1.4689
0.33277
-1.018
-2.176
-3.2261
-4.5108
-6.4244
-8.6744
-10.226
-9.4488
-7.7286
-5.3436
-3.4627
-1.9519
-0.65911
0.11669
0.70122
0.89808
0.68101
0.32332
0.0043835
-0.25196
-0.52518
-0.39909
-0.15419
0.22198
0.55587
0.78403
0.82311
1.3699
1.6823
2.4697
3.0922
3.7067
4.1418
4.3935
4.4839
4.307
4.0609
3.4376
2.5357
1.3205
0.19533
-0.93094
-2.3475
-3.8805
-5.7262
-7.3962
-8.3454
-8.3294
-6.6253
-4.4047
-2.8628
-1.8501
-1.3259
-0.90588
-0.64525
-0.35176
-0.11193
0.20758
0.5699
0.62266
-0.21368
-1.1693
-1.1532
-0.90956
-1.0541
-1.0923
-0.09476
1.3255
2.3236
5.0709
7.4343
8.6657
9.1315
8.7553
7.9013
6.9326
5.8695
4.9956
3.9
2.5664
1.0191
-0.46103
-2.243
-4.0489
-6.0928
-8.7705
-11.269
-12.413
-11.535
-8.6359
-5.7158
-4.093
-3.5831
-3.5511
-3.5356
-3.9443
-4.2087
-4.8393
-5.5825
-6.5746
-7.0308
-6.7339
-5.283
-0.86307
4.2782
8.2896
10.278
11.94
13.254
13.918
13.338
11.666
9.3228
6.8863
4.7588
3.0456
1.3362
-0.4297
-2.5728
-4.3857
-5.4172
-6.0348
-6.4054
-6.7776
-7.5355
-9.4808
-10.808
-9.8401
-7.8606
-5.7041
-4.0818
-4.036
-4.6692
-4.7662
-5.1332
-5.3107
-5.7721
-5.9392
-5.4799
-4.7285
-3.9059
-2.8396
-1.1129
0.22375
-0.24854
0.49895
3.2156
6.682
10.785
13.605
14.634
14.259
13.071
11.415
9.4739
6.8625
3.7359
1.0809
-0.91683
-2.0192
-2.5803
-2.3112
-2.0579
-1.6106
2.2259
5.5708
7.2979
8.1281
6.8304
3.6677
-1.0958
-6.2266
-10.811
-14.34
-16.325
-15.846
-14.876
-12.588
-10.01
-4.8471
1.6574
7.0308
10.166
11.043
9.1419
5.8132
2.8041
1.125
0.20857
0.27191
1.4696
3.5298
5.7669
7.7256
8.7973
9.1843
8.9579
8.4969
7.5728
6.5573
6.4469
6.8019
5.4894
2.8218
-1.095
-6.7521
-11.482
-12.594
-11.576
-10.689
-10.763
-11.426
-11.759
-11.955
-11.767
-11.193
-10.579
-9.7916
-8.8099
-7.6433
-6.3651
-4.8912
-3.2696
-1.8573
-0.53418
0.43032
0.53864
1.6511
2.7721
3.5113
4.451
5.4695
6.3565
6.8374
6.7257
6.1379
5.4189
4.8506
4.5926
4.3214
3.8478
3.1526
2.6843
2.2763
0.43161
-3.377
-5.9452
-5.9911
-5.4851
-5.7743
-5.8028
-4.4471
-2.5511
-1.2586
-0.13591
1.2616
3.325
5.0073
6.1703
6.9577
7.8022
9.3674
11.261
11.898
10.749
9.5258
9.0657
8.4991
8.077
7.813
6.8581
5.6037
4.5722
2.7278
1.2556
0.50163
0.21131
0.59647
2.5553
4.538
4.225
1.6943
-0.585
-2.9811
-6.8097
-9.302
-8.4593
-6.5755
-6.4971
-6.4188
-6.1816
-5.093
-3.4152
-2.421
-2.0857
-2.3118
-3.0498
-3.7629
-4.0885
-4.112
-3.4663
-2.4064
-1.4189
-1.3253
-1.2725
0.3711
2.6121
4.2242
5.1003
6.4261
7.6611
8.1861
7.9857
6.8408
5.4405
4.025
2.9625
1.5518
-0.28496
-2.4979
-4.864
-6.9828
-8.5376
-10.802
-13.873
-14.555
-12.028
-9.0921
-5.7448
-4.477
-4.5268
-3.179
-2.2603
-1.6138
-1.1315
-0.63629
-0.41169
0.19835
0.59232
0.70724
1.012
1.0519
0.94674
0.81727
0.5318
1.3828
4.2739
6.2456
8.9228
11.068
11.763
11.75
11.078
10.219
9.1064
7.7204
5.9898
4.1277
2.1856
0.17786
-1.7376
-3.4959
-5.2176
-6.9724
-8.9051
-10.491
-10.872
-9.5349
-6.3971
-3.0825
-1.9194
-1.731
-1.7576
-2.1806
-2.3313
-2.2421
-2.0794
-1.9774
-1.4042
-0.59561
0.29915
1.166
1.9114
2.2895
2.3744
2.3272
2.3951
2.6744
3.6183
6.4573
8.5675
10.01
10.673
10.567
9.8842
8.7921
7.2044
5.2289
3.146
1.151
-0.87891
-2.9518
-4.9237
-7.104
-9.8409
-12.016
-12.87
-12.932
-10.914
-8.1125
-5.5414
-4.3037
-3.8152
-3.4018
-3.6168
-3.6659
-3.5465
-3.346
-2.8408
-2.9202
-2.0497
-1.4869
-0.8651
-0.33457
0.058959
0.0066993
1.13
4.0954
5.1033
6.7162
9.015
10.205
9.8279
9.8517
10.092
9.6098
8.0493
6.4023
4.6315
2.3621
1.0617
-0.82307
-2.7537
-5.3297
-8.6791
-11.499
-13.015
-12.832
-9.4964
-6.0426
-2.6678
-0.89454
0.15726
0.44251
0.55007
0.32272
0.26781
0.17506
0.24156
-0.092618
-0.16804
0.0376
0.29659
0.56046
0.55336
0.78563
2.7004
3.7343
6.06
9.4496
11.285
11.76
11.591
11.051
9.8119
8.2554
6.5162
4.5207
2.4393
0.71988
-0.96574
-2.725
-4.8185
-7.2377
-9.7942
-11.161
-12.462
-14.199
-9.4314
-5.2198
-4.9761
-4.9051
-4.9891
-4.4303
-3.445
-2.6568
-1.8526
-1.1591
-0.45627
0.032379
0.028076
-0.1023
-0.068495
0.092384
0.83298
1.522
1.8423
3.0582
4.2747
6.1409
8.0056
9.3341
9.5124
9.4401
9.2007
8.4359
7.6013
6.1019
4.2399
2.1975
0.31899
-1.3566
-2.8706
-4.474
-5.8422
-6.9179
-8.3584
-9.8474
-10.21
-8.8354
-6.1249
-3.2871
-1.871
-1.6516
-1.8367
-2.1253
-1.9987
-1.5786
-1.1341
-0.80732
-0.62517
-0.66638
-0.76342
-0.83164
-0.6098
-0.35239
-0.017711
0.055721
0.19386
1.2124
2.1257
3.1613
5.1878
6.8183
7.7312
8.0757
8.2467
7.8801
7.0802
5.9115
4.2159
2.5421
0.87107
-0.40832
-1.9639
-3.9631
-7.0079
-9.6994
-10.91
-11.249
-7.1217
-3.0954
-2.2266
-2.5437
-3.2075
-3.5124
-3.7882
-3.562
-3.26
-3.2363
-3.1587
-3.1066
-2.8814
-2.291
-1.8132
-1.6548
-1.8679
-1.7671
-0.47129
1.2352
2.7276
6.3305
9.4579
11.119
11.891
11.825
11.279
10.406
9.183
7.4265
5.2709
2.8477
0.77528
-1.0765
-3.2447
-5.8877
-8.4515
-9.8318
-10.402
-8.6134
-5.3367
-2.2875
-1.241
-1.9395
-2.1237
-2.4319
-2.4355
-2.08
-1.5585
-1.27
-1.1549
-1.0216
-0.76416
-0.38916
0.053657
0.61106
1.0678
0.90168
1.493
3.3792
3.9292
5.6158
9.0311
10.459
11.322
11.221
11.191
11.201
10.243
9.4276
8.0654
6.385
4.7268
2.9697
0.92605
-0.72854
-2.7045
-5.0648
-7.0975
-8.3298
-7.9758
-6.2231
-4.7848
-3.9951
-4.6263
-4.9735
-5.0778
-5.1852
-4.9272
-4.4874
-3.5714
-2.1896
-0.64166
0.85142
2.1989
3.6012
4.706
4.9709
4.9311
5.2302
5.1198
5.931
8.2156
8.9202
9.3665
9.0951
8.6116
7.8398
6.7698
5.2869
3.4801
1.6438
-0.11608
-1.6769
-3.2846
-4.7324
-6.1028
-7.3481
-8.2692
-9.3951
-9.6457
-9.2276
-7.7373
-6.5153
-6.082
-5.4301
-4.5138
-4.1089
-3.1388
-2.2387
-2.0093
-1.3957
-1.0166
-0.36942
0.3376
0.87216
1.0483
0.95652
0.73217
0.86748
1.563
2.1162
4.0938
6.8945
8.1848
9.1968
9.6284
9.3297
8.9267
7.9874
6.9105
5.4288
3.938
2.2711
0.83173
-0.59699
-2.3404
-3.9597
-5.7574
-8.0264
-10.311
-11.726
-11.97
-10.133
-5.5033
-4.58
-4.5251
-3.9128
-3.8067
-3.6225
-3.4172
-2.8498
-2.4959
-2.0933
-1.7824
-1.4103
-1.0852
-0.6859
-0.33486
0.15112
1.3779
3.249
4.6181
5.7911
7.8481
9.5596
10.273
10.03
9.2142
8.0048
6.5772
5.0025
3.0588
1.4359
-0.048986
-1.2882
-2.5363
-3.9875
-5.8124
-7.7078
-9.5565
-10.763
-10.863
-7.9948
-3.9947
-3.8855
-4.3041
-4.192
-3.9422
-4.0245
-4.0437
-3.7455
-3.4209
-2.9025
-2.1295
-1.2369
-0.12809
0.80909
1.4622
1.8285
2.2358
2.291
2.1193
3.4855
5.5466
6.9365
7.9844
8.6441
8.7934
8.5999
7.8875
6.3435
4.645
2.9395
1.342
-0.32445
-2.04
-3.804
-5.7894
-7.8585
-9.4678
-11.258
-9.5674
-8.8185
-5.1808
-2.4767
-2.912
-2.494
-1.6003
-1.4799
-1.1971
-0.90341
-0.58963
-0.50315
0.41411
1.4618
2.3314
3.1845
3.3277
2.9793
2.7004
3.1761
3.6097
4.5605
7.3914
9.3384
9.5739
9.6388
8.9618
8.0619
6.9049
5.4933
3.5952
1.9142
0.42802
-1.3068
-3.2013
-5.1852
-9.2159
-13.797
-16.593
-16.544
-13.924
-7.9143
-5.9582
-6.1348
-5.6401
-5.3293
-4.8925
-4.0265
-3.2064
-2.3762
-1.4901
-0.57448
0.45532
1.3243
1.598
2.077
3.0183
3.3678
3.6716
4.7519
6.914
9.1878
10.179
10.083
9.7981
9.3895
8.7012
6.7114
5.7634
4.0603
2.5657
1.899
2.0059
2.736
3.3113
4.0996
2.2954
-0.75438
-0.77078
-0.25973
-0.41189
-0.27208
0.0062608
0.18598
-0.1678
-0.54795
-0.73347
-0.64681
-0.32666
-0.033259
0.1019
0.30488
1.3114
2.4053
3.9593
3.4056
1.4089
-1.1035
-1.4472
-0.7955
0.33871
1.0333
1.5237
2.1244
3.2251
3.2794
3.0547
1.6968
1.2482
1.125
0.74122
0.33803
-0.097461
-0.57141
-1.0017
-2.0649
-4.6835
-6.888
-7.1174
-5.7777
-5.1107
-4.6237
-5.1575
-5.5968
-5.4864
-5.3947
-5.27
-5.4466
-5.1665
-5.1133
-4.1187
-3.1691
-2.1958
-1.0988
-0.41543
0.76606
1.7547
1.8528
0.30291
-2.252
-2.2449
0.29117
3.5682
6.1145
8.2156
9.3219
9.2514
8.632
7.8978
6.8906
6.8369
6.9425
7.1637
5.6955
3.0275
2.2801
1.6446
0.33038
-1.9783
-5.3012
-8.445
-9.3973
-8.9661
-8.7735
-8.9492
-9.215
-9.7067
-10.328
-10.407
-10.498
-10.308
-9.7215
-8.8151
-7.5468
-6.1954
-5.0159
-3.8445
-2.6835
-1.7114
-0.56903
0.037883
0.48203
2.8625
4.9518
7.0737
9.1393
10.75
11.862
11.51
10.74
9.5297
8.1316
6.4668
4.5463
2.663
0.97344
-0.73875
-2.5106
-4.4787
-6.7348
-9.9266
-12.198
-13.317
-13.099
-11.444
-7.491
-4.8246
-2.2863
-0.49735
0.46233
0.84757
1.0816
1.3265
1.6583
1.9319
1.9209
1.3569
1.1256
0.99946
0.72858
0.23582
0.049211
1.1897
1.6578
4.0613
6.9936
9.3263
10.782
10.94
10.032
8.8099
7.6446
6.0963
4.0584
1.9379
0.10019
-1.1327
-2.4874
-3.6828
-5.6037
-8.332
-9.65
-9.94
-8.9081
-6.2383
-2.9551
-2.2498
-3.2744
-4.0611
-4.9332
-5.4336
-5.3825
-5.0393
-4.6921
-4.1366
-3.4041
-2.3639
-0.89938
0.90358
2.7038
4.0943
5.0544
5.6055
6.3746
6.5915
6.3158
6.7512
6.6205
6.3184
6.0245
5.7976
5.3522
4.8125
3.8968
2.715
1.336
-0.0098985
-1.2969
-2.7842
-4.854
-7.7026
-10.156
-11.362
-10.49
-8.4194
-4.7237
-2.6894
-1.7095
-0.90047
-0.97795
-1.2264
-1.3877
-1.3634
-1.1585
-0.60509
0.23958
0.78139
0.64729
0.15519
-0.10857
-0.036894
0.17891
0.26362
1.106
2.0507
3.3898
6.0284
8.219
9.6972
10.552
10.595
10.189
9.5068
8.3056
6.624
4.7852
2.8586
1.0603
-0.98331
-3.0209
-5.2626
-7.7541
-10.596
-13.795
-15.353
-14.644
-10.45
-5.6267
-2.6527
-1.7262
-1.7612
-1.8427
-1.8637
-1.7623
-1.6609
-1.6277
-1.8496
-1.9296
-1.8982
-1.6973
-1.4417
-1.4045
-1.1967
-0.31723
1.1674
3.2741
5.9089
8.6796
10.703
11.67
11.766
11.301
10.285
9.0133
7.3992
5.6392
3.6672
1.8137
0.18862
-1.6453
-3.4877
-5.6496
-8.3913
-10.373
-10.402
-9.2133
-6.5915
-4.5229
-4.303
-4.6194
-4.9064
-5.1916
-5.1025
-4.3995
-3.3573
-2.1337
-0.54094
1.016
2.3742
3.3368
3.9762
4.2128
4.0579
3.1077
1.7482
1.3785
1.56
2.9887
5.7911
7.7429
9.3847
10.311
10.772
10.665
10.012
8.783
7.1473
4.8904
2.6007
0.39015
-1.8118
-3.9489
-6.2114
-8.419
-9.6782
-9.7851
-9.141
-7.8684
-6.1625
-5.2336
-4.825
-4.6527
-4.4662
-4.107
-3.7934
-3.3169
-2.7283
-2.0317
-1.3746
-0.71217
-0.050241
0.55981
1.1277
1.6702
2.3682
4.0094
4.8302
5.7877
7.4788
8.3333
8.912
9.0726
8.8549
8.2935
7.4356
6.3686
5.0596
3.4865
1.9209
0.22404
-1.473
-3.2287
-5.1116
-6.7157
-8.3614
-9.7959
-10.159
-8.5735
-8.0433
-4.1257
-1.0642
-2.2675
-2.6153
-2.5343
-3.0293
-2.7725
-2.6737
-2.7283
-2.4041
-1.9465
-1.3724
-0.53873
0.71404
2.526
4.4251
5.5475
5.6029
6.7902
7.8485
8.8406
9.0847
9.0077
8.848
8.5112
7.9134
6.8828
5.6176
4.2363
2.7504
1.1784
-0.30569
-1.8978
-3.2376
-4.7804
-6.4642
-8.548
-10.375
-11.05
-10.549
-7.5299
-4.3541
-3.4864
-3.4522
-3.936
-4.3965
-4.6943
-4.8822
-4.8588
-4.6056
-3.901
-2.7338
-1.3537
-0.056215
1.1891
2.2858
2.9093
3.0818
4.068
5.1726
6.7244
8.6579
9.3981
9.6717
9.6764
9.5981
9.0648
8.1329
6.7633
4.8731
2.8191
0.87237
-0.81156
-2.5632
-4.3718
-6.3842
-8.7778
-10.937
-12.203
-11.54
-9.1523
-5.7405
-4.4909
-4.4047
-4.503
-4.6411
-4.4168
-4.137
-3.8534
-3.4643
-2.9341
-2.2515
-1.4442
-0.82489
0.043575
1.4644
2.5225
3.8585
6.0214
7.9597
9.3981
10.933
11.802
12.125
12.126
11.594
10.245
8.3181
6.1028
3.8882
1.7331
-0.34522
-2.1751
-4.0996
-6.0413
-8.0818
-10.098
-11.53
-11.484
-10.355
-7.7455
-5.0618
-4.0008
-3.4227
-3.1263
-2.5527
-2.3986
-1.9152
-1.234
-0.46121
0.2211
0.89328
1.3191
1.5235
1.3216
0.99353
0.32625
-0.39729
0.68283
1.7215
3.1219
5.6691
7.0386
7.8524
8.1779
8.0896
7.7922
7.0919
5.8158
4.3042
2.7641
1.3308
-0.23208
-1.7789
-3.3286
-4.877
-6.8677
-8.7484
-10.125
-10.526
-8.3368
-4.7636
-3.0585
-3.2542
-3.2738
-3.3331
-2.8608
-2.6207
-2.3556
-1.6065
-1.0411
-0.34502
0.34821
0.77221
0.81493
0.56518
0.010875
-0.62201
-1.0359
-0.030791
0.74356
2.437
6.0275
8.6921
10.147
10.946
10.927
10.537
9.5765
8.2281
6.272
4.0476
1.8396
-0.1607
-2.2134
-4.3614
-6.7114
-9.6721
-13.599
-17.432
-20.084
-17.511
-13.36
-9.0341
-5.1622
-4.7151
-3.7489
-3.2079
-2.7052
-1.8468
-0.95098
0.0010582
1.2081
2.488
3.4087
3.8358
4.0982
4.3368
4.3004
4.0373
3.5268
4.1102
4.4428
5.7834
7.694
9.1873
10.013
10.685
10.557
10.017
9.2535
8.0831
6.6027
4.5895
2.3615
0.23339
-1.7988
-3.7896
-5.7903
-8.2965
-10.756
-11.631
-10.553
-7.1512
-1.9522
0.2849
-0.055353
-0.4073
-0.99963
-1.8442
-1.952
-2.2363
-2.499
-2.7305
-2.8413
-2.8184
-2.7178
-2.1401
-1.3759
-0.22359
1.0646
2.0853
2.8958
4.1107
5.2938
6.9443
8.3463
8.7891
9.2146
9.2025
8.9661
8.3995
7.5455
6.2383
4.6804
3.1188
1.6574
0.29297
-1.0235
-2.4361
-3.9533
-5.4791
-7.4615
-9.2189
-9.5444
-8.1926
-4.8679
-3.7388
-4.461
-5.0388
-5.924
-5.8336
-5.6345
-5.2613
-4.5532
-3.6309
-2.577
-1.5081
-0.67504
-0.0025971
0.45878
0.8213
1.1278
1.5359
2.4496
4.0097
5.6964
7.9277
8.9826
9.5786
9.9388
9.9245
9.3644
8.4839
7.2901
5.8695
4.3463
2.7837
1.3698
-0.14669
-1.8248
-4.0355
-6.5898
-7.8987
-9.0817
-9.2306
-6.1638
-4.8973
-5.2224
-5.6232
-6.0656
-6.3456
-6.0457
-5.634
-4.9761
-4.0118
-2.8239
-1.633
-0.27469
0.75178
1.7433
2.7492
3.2707
3.0121
2.9845
2.6931
4.2313
5.879
6.5616
6.9521
7.2468
7.1771
7.0443
6.5456
5.6509
4.5095
3.5185
2.6586
1.8624
1.1723
0.3399
-0.74871
-2.3829
-4.6424
-7.2806
-8.8848
-8.3216
-5.2544
-2.9319
-3.5892
-4.1598
-4.4402
-4.4385
-4.3316
-4.2113
-3.9832
-3.6421
-3.0932
-2.123
-1.0788
0.053263
1.0922
2.1121
2.9918
3.4205
2.9089
2.0003
1.5885
1.8394
3.3319
4.3532
5.0588
5.4682
5.6648
5.6206
5.1319
4.1612
3.1142
2.1137
1.2193
0.063513
-1.2617
-2.5719
-4.0506
-6.2508
-8.4004
-9.8517
-10.574
-8.9618
-6.024
-4.0743
-3.4044
-2.6461
-2.1191
-1.9166
-1.638
-1.2227
-0.81013
-0.2224
0.50055
1.1218
1.8084
2.3739
2.8462
3.1818
3.3218
2.6648
2.3239
3.1977
3.3592
4.7393
6.4041
6.1145
6.1799
6.0011
5.4877
5.0376
4.3062
3.1937
1.8687
0.77593
-0.25542
-1.301
-2.6147
-4.0641
-5.6163
-7.4096
-9.6327
-11.015
-11.266
-8.1104
-4.5921
-3.3335
-3.5986
-3.6722
-3.7989
-3.4565
-2.9528
-2.3237
-1.684
-0.71603
0.29895
1.184
1.9625
2.6521
3.1662
3.5738
3.5587
3.3093
3.9341
4.5692
5.4388
7.3884
8.4129
8.9618
8.6757
8.0879
7.2408
6.3842
5.2847
3.855
2.331
0.60959
-1.2486
-3.1548
-5.3042
-7.997
-10.679
-11.92
-11.841
-9.4838
-5.9617
-3.6753
-3.6387
-3.7875
-3.833
-3.9613
-3.7139
-3.226
-2.7039
-2.0971
-1.3309
-0.52908
0.19158
0.90306
1.6783
2.1327
2.0504
2.4515
3.1968
2.6943
4.6514
7.0512
7.9368
8.5523
8.7423
8.6839
8.0835
7.0373
5.454
3.441
1.5884
-0.22295
-2.1035
-3.9473
-6.0444
-8.516
-10.602
-11.142
-10.108
-7.2862
-2.7346
-1.1349
-1.6929
-1.9268
-2.4027
-2.9282
-2.9835
-2.8364
-2.4728
-2.1634
-1.7456
-0.9041
0.11869
1.1789
2.466
3.6941
3.8796
3.3403
2.254
1.2331
2.6432
4.8185
6.1889
7.2836
7.8935
7.9533
7.5295
6.927
5.9517
4.4515
3.0792
1.6181
0.027862
-1.8373
-3.7101
-4.9869
-5.5596
-6.3474
-6.508
-5.6241
-2.0016
1.4165
0.55946
-0.83588
-2.0581
-2.9006
-3.2294
-3.6482
-3.7898
-3.7811
-3.4723
-2.8937
-2.1516
-1.3196
-0.50704
0.48142
1.5435
2.0362
1.5197
1.895
3.5954
5.9768
8.6783
9.0782
9.1453
9.0224
8.4973
7.7
6.9278
5.6886
3.8584
2.0316
0.19628
-1.5332
-3.1077
-4.4727
-5.463
-6.1868
-6.8915
-7.7173
-7.5633
-5.8946
-1.8521
-0.041394
-1.056
-2.0016
-2.8086
-3.3547
-3.588
-3.657
-3.6452
-3.4478
-2.8401
-2.1817
-1.3405
-0.59444
0.24476
0.88726
1.2589
1.5636
2.6363
4.1799
6.0954
8.0212
8.993
9.4639
9.5808
9.1475
8.3779
7.3434
6.1526
4.6216
2.9569
1.4612
-0.20757
-2.1741
-4.2172
-6.8205
-8.9341
-10.201
-9.7669
-7.5594
-4.9631
-3.6512
-3.5165
-3.0682
-2.9612
-2.862
-2.7823
-2.7866
-2.917
-2.808
-2.4487
-1.8208
-1.0729
-0.25255
0.42676
0.96626
1.5645
2.9192
5.1743
7.1088
9.1804
10.195
10.475
10.225
9.5951
8.6579
7.6213
6.2374
4.4567
2.5835
0.8516
-0.87835
-2.4522
-4.1824
-5.5249
-6.7659
-8.2874
-10.053
-9.9885
-7.6909
-4.3913
-1.8394
-2.0564
-2.4854
-2.9224
-3.1891
-3.3934
-3.4698
-3.4324
-3.0333
-2.4085
-1.5798
-0.68248
0.45393
1.7044
2.3133
3.0954
3.8829
4.4367
5.6635
6.5989
7.0213
7.5516
7.958
8.1857
8.3168
7.9801
7.2477
5.9418
4.4458
2.7839
0.82801
-1.5976
-4.1773
-6.8451
-9.7275
-12.331
-13.023
-11.126
-6.9027
-1.206
-1.407
-2.5626
-3.4708
-4.438
-4.7289
-4.6177
-4.5908
-4.1732
-3.4153
-2.68
-1.8782
-1.1286
-0.3503
0.67062
1.7487
2.4932
2.8954
4.0759
4.9579
6.8616
8.7601
9.18
9.9136
10.213
9.65
8.7939
7.6187
6.0019
4.1208
2.2133
0.28567
-1.5614
-3.5777
-5.7929
-8.1671
-10.671
-12.075
-12.353
-10.807
-6.4032
-2.2166
-2.1299
-2.5586
-2.6891
-2.9218
-2.7637
-2.3258
-1.7919
-1.2071
-0.59162
-0.041453
0.48774
0.89804
1.3883
1.8668
2.1125
2.2523
2.62
4.6432
5.9002
7.7715
9.2475
9.3964
9.4076
8.97
8.2645
7.5624
6.6642
5.4687
3.9705
2.5022
0.98699
-0.60232
-2.2631
-4.4796
-7.2888
-9.9942
-12.349
-13.155
-10.898
-6.6794
-4.48
-4.159
-4.4398
-5.115
-5.3237
-5.1172
-4.7138
-4.0631
-3.2759
-2.5533
-1.6875
-0.89687
-0.096838
0.7394
1.3789
1.7135
1.763
2.9077
4.4441
5.4951
7.249
8.4424
9.0116
9.3964
9.3315
9.2492
8.9787
8.2069
7.0841
5.4959
3.819
2.155
0.5035
-1.5214
-3.8466
-6.5201
-9.7669
-11.858
-11.371
-9.3146
-6.2872
-3.4562
-2.9411
-3.1796
-3.1843
-3.2938
-3.103
-3.0159
-2.8701
-2.9093
-2.9459
-2.5349
-2.1355
-1.2378
-0.23244
0.8819
1.7997
2.0495
1.9396
3.341
4.538
6.7525
9.0137
9.405
9.3981
8.8982
8.1338
7.3187
6.3058
5.0181
3.318
1.5703
-0.17353
-1.989
-4.0765
-6.5504
-9.0042
-10.82
-11.079
-10.002
-8.3255
-5.7466
-3.5658
-3.0965
-2.8174
-3.1735
-3.5755
-3.7054
-3.9882
-3.9513
-3.3226
-2.578
-1.7515
-0.69733
0.32832
1.1547
1.8155
2.3777
3.3744
4.8068
6.1898
7.3936
8.3878
9.3315
10.172
10.297
10.048
9.541
8.6021
7.1897
5.4037
3.4698
1.4921
-0.65257
-2.6711
-4.6389
-6.4062
-7.8641
-9.115
-9.9729
-10.036
-8.8895
-5.521
-1.1206
-0.71031
-1.2281
-1.9281
-2.627
-3.0678
-3.1174
-3.1229
-2.9946
-2.4678
-1.674
-0.80576
0.18036
1.2783
2.1877
2.2447
1.0391
-0.62452
-1.5919
-1.3935
1.2259
2.7899
1.8172
0.9112
0.13659
-0.4964
-0.98184
-1.5054
-2.0261
-2.2695
-2.2591
-2.2053
-2.276
-2.789
-3.524
-3.9362
-3.5451
-2.5312
-1.8418
-1.8427
-2.3113
-2.8266
-2.7377
-2.4557
-2.1968
-2.1124
-2.1331
-2.06
-2.1866
-2.5202
-2.335
-1.5819
-0.081472
1.7695
3.8928
6.2136
8.351
10.197
9.8946
8.3562
6.0885
3.7681
4.741
5.4115
5.1657
4.2856
3.4437
2.9387
2.3662
1.629
0.71854
-0.42184
-1.5439
-2.7788
-3.9309
-5.2851
-6.8157
-8.8601
-10.494
-11.211
-10.721
-8.6372
-5.0808
-2.8152
-2.8701
-2.546
-2.0121
-1.2861
-0.28803
0.91865
1.7866
2.5263
3.1626
3.8587
4.4675
4.8951
5.4037
6.2621
6.9832
6.8404
6.469
6.9992
7.2066
8.2411
9.1916
8.8631
8.8501
8.4138
7.8957
7.2364
6.3469
5.0211
3.2569
1.2491
-0.81909
-2.9634
-5.022
-6.6547
-7.8576
-9.4509
-11.089
-12.925
-13.271
-9.979
-4.5203
-3.0702
-3.8649
-3.9999
-4.4376
-4.2631
-3.9094
-3.7143
-2.9968
-2.0403
-1.1037
-0.022378
0.73356
1.1285
1.5016
2.0506
2.4121
2.5376
3.2877
5.3328
6.2127
9.9517
11.51
11.994
11.99
11.359
10.184
9.0566
7.6312
5.5786
3.1563
0.68789
-1.7904
-3.9702
-5.9755
-7.5866
-8.9692
-10.554
-12.006
-12.655
-11.848
-8.4705
-3.0636
-1.9724
-2.9896
-2.9748
-2.7971
-2.1931
-1.4298
-0.47207
0.042442
0.47458
0.86939
1.4525
1.6908
1.7963
2.3083
2.6701
3.1099
3.3566
4.7116
5.9898
7.8546
9.3704
10.111
10.193
10.011
9.4237
8.7484
7.8126
6.3859
4.7155
2.89
1.1466
-0.54769
-2.0925
-3.7447
-5.7898
-8.1654
-10.435
-11.994
-11.446
-8.6463
-4.9073
-3.5655
-4.4164
-6.0201
-6.9599
-7.3035
-6.9824
-6.1833
-5.0436
-3.5239
-1.6688
-0.17473
0.77139
1.1484
1.7228
2.3742
3.1178
3.9972
5.4414
6.8079
7.1096
8.5636
8.9432
8.6406
8.3
7.6663
7.0421
6.4759
5.5475
4.3783
2.8593
1.2465
-0.3405
-1.9439
-3.835
-6.1167
-8.3809
-10.439
-11.378
-11.518
-10.339
-8.0896
-4.7783
-3.1405
-2.2667
-1.6735
-1.5422
-1.3034
-0.90739
-0.56453
0.020514
0.38978
0.77373
0.87064
0.8261
0.75477
0.67677
0.47822
0.36445
1.3492
3.123
4.5121
7.7195
9.8327
11.118
12.241
12.283
11.635
10.614
8.9644
7.0793
4.8774
2.6187
0.65114
-1.2152
-3.0824
-5.0163
-7.1611
-9.1973
-10.216
-10.287
-9.0055
-6.0284
-3.5249
-3.6362
-4.5341
-5.1094
-5.1371
-4.8172
-4.1139
-3.382
-2.6093
-1.7513
-0.84857
0.13982
0.8532
1.2986
1.6116
1.7881
1.7981
2.0679
3.7466
5.4479
7.3823
9.3747
9.9141
10.283
10.271
9.9491
9.0397
7.8883
6.3582
4.4134
2.5918
0.7494
-0.97033
-2.9222
-5.3812
-8.1818
-11.578
-14.42
-14.797
-13.005
-10.063
-4.3185
0.069512
0.10627
-0.3101
-0.69451
-1.2207
-1.5321
-1.7085
-1.6729
-1.3361
-1.0514
-0.78117
-0.46302
0.018938
0.53947
0.92388
0.93557
1.677
3.1052
4.4476
7.1343
9.3514
10.358
10.912
10.775
10.03
8.8947
7.4611
5.6907
3.5445
1.2953
-0.92094
-3.015
-5.4102
-8.0156
-11.076
-13.891
-14.228
-13.758
-9.6704
-2.7422
-0.74412
-1.8002
-2.4197
-3.2948
-3.8807
-3.915
-3.8527
-3.2907
-2.335
-1.3729
-0.77745
-0.27205
0.36337
1.1661
2.1848
2.9506
4.2993
6.3452
8.0433
10.546
11.722
11.388
11.291
10.934
10.235
9.0337
7.6849
6.0881
4.39
2.5994
1.0024
-0.60725
-2.3722
-4.6216
-7.2014
-9.9729
-11.82
-11.645
-11.206
-8.0069
-4.0309
-3.5019
-4.2146
-4.0965
-4.2446
-4.1409
-3.7241
-2.9744
-2.0621
-1.1169
-0.50393
0.17562
0.77368
1.4166
2.5198
3.4201
4.4558
5.6288
5.9634
6.3413
7.1542
7.871
8.7791
9.3492
9.4747
8.8384
8.0792
7.0144
5.5375
3.6713
1.6171
-0.34121
-2.4039
-4.3883
-6.7594
-9.5219
-12.309
-13.505
-12.691
-11.64
-5.6596
-1.8485
-1.5678
-1.6603
-2.2509
-3.0684
-3.515
-3.6225
-3.2936
-2.1421
-1.013
-0.04207
0.79606
1.6979
2.8185
4.103
4.9648
5.3661
6.1266
6.4266
7.4901
8.6709
8.883
9.1025
9.2103
8.6112
7.9437
7.3139
6.3712
4.9999
3.3313
1.7076
-0.029941
-1.6287
-3.4249
-5.6725
-8.4779
-10.695
-11.574
-9.9916
-8.0346
-4.5657
-3.2117
-3.2522
-3.5845
-3.9292
-4.2627
-4.312
-4.1947
-4.1627
-3.9412
-3.3568
-2.5305
-1.5783
-0.94907
-0.59829
-0.8387
-1.4149
-0.40946
0.27571
1.7856
3.1869
3.8296
4.2597
4.5458
4.4458
4.132
3.8248
3.0531
1.811
0.82402
-0.067486
-0.28474
-0.3522
-0.67798
-0.76992
-1.0038
-1.6583
-1.7031
-1.3383
-0.22093
0.95319
2.1744
2.8516
2.7409
1.903
1.084
0.93431
1.2137
1.2906
1.3508
1.3304
1.1892
0.9905
0.76065
0.18425
-0.54907
-1.7696
-2.1015
-1.7307
-0.90834
0.068053
0.90817
0.37983
0.080476
1.5318
2.7783
3.6679
3.6768
2.423
0.63859
-0.18103
-0.28053
-0.33371
-0.73001
-1.6434
-2.5433
-3.1405
-2.8955
-2.6121
-2.3544
-2.3513
-2.5049
-2.9939
-3.1938
-2.6721
-1.6419
-0.68551
0.67404
1.7509
1.9731
1.7415
1.4722
0.89531
0.37496
-0.069373
-0.48021
-1.0494
-1.9778
-2.6173
-2.8734
-2.8066
-2.4799
-1.1942
0.067322
0.88016
1.4765
1.6076
1.7249
1.5671
1.2363
0.96613
0.62508
0.31434
-0.12223
-0.59435
-0.86679
-0.56899
-0.024043
0.4638
0.53531
0.1992
0.17531
0.21454
0.33337
0.49259
1.223
1.8994
2.2162
2.0587
1.5012
0.80121
-0.15818
-1.0017
-1.726
-2.1743
-2.8635
-3.6349
-3.9272
-3.4471
-2.9383
-2.3449
-0.99188
-0.048164
0.32941
0.72386
1.2779
1.3396
0.94626
0.98349
1.223
1.2068
1.0129
0.7894
0.54176
0.067746
-0.28375
-0.36129
-0.65486
-1.3088
-1.5945
-1.0209
-0.6372
0.080493
1.1611
2.351
2.53
1.7149
0.73927
0.46099
0.75239
0.87614
0.70482
0.054401
-0.565
-1.2748
-1.7967
-2.0553
-1.9788
-1.6123
-1.061
-0.025196
0.34431
-0.2414
-0.43822
-0.6008
-0.45216
-0.26504
-0.34881
-0.43484
-0.60154
-0.81437
-1.1484
-1.4242
-1.4182
-1.1107
-1.0767
-0.69902
-0.15491
0.45164
0.90947
1.2305
1.7714
2.6286
2.9287
2.8128
2.4918
2.1923
