1.9345
1.838
2.0245
1.8343
2.0124
1.7471
1.6749
1.834
2.3955
2.1593
1.6511
1.2371
1.1025
0.88203
0.7015
0.21306
-0.1658
0.62184
0.2237
0.31079
0.15804
-0.66803
0.21671
-0.89497
-0.41823
-0.68762
-0.51202
-0.61745
-0.28794
0.24021
0.34382
0.041495
0.029806
-0.12139
-0.47919
-0.44036
-0.59023
-0.16699
0.36358
0.69343
0.33289
0.57979
0.90598
0.46713
1.3725
1.6892
1.363
1.14
1.2697
0.70245
1.1024
1.5368
1.0291
1.0727
0.82454
0.75227
-0.32968
0.1244
-0.18491
-0.27927
-0.23501
-0.63607
-0.88938
-0.32682
-0.27713
-0.19605
-0.094122
-0.091998
-0.4842
-0.64582
-0.34394
-0.12917
-0.45056
0.044093
-0.4124
-0.6773
-0.80069
-0.18729
-0.33114
1.6336
1.508
1.7636
1.5903
1.5701
1.4164
1.4444
1.5366
1.4343
1.0298
0.78421
1.222
1.0963
0.73198
0.57476
0.25919
0.93131
0.87881
0.013975
-0.20193
-0.5909
-0.46096
-0.52514
-0.38053
-0.74712
-0.44101
-0.55071
-0.48076
-1.1134
-0.71923
-1.0563
-0.63097
-0.59233
-0.54766
-0.27715
-0.42956
-0.46556
-0.48716
-0.14735
-0.24394
0.2608
1.8635
2.2049
2.3468
2.3654
2.2337
2.233
1.9409
2.1304
1.5694
1.1039
1.5371
0.86043
1.104
0.79814
0.9951
1.4926
1.1194
1.2225
0.23816
-0.21004
0.43295
0.23108
-0.089171
0.24328
-0.048661
0.010842
-0.17266
-0.55178
-0.9191
-0.65663
-1.1904
-0.81117
-0.6613
-0.36202
-0.72993
-0.54314
-0.42075
-0.77319
-1.3495
-0.95545
-0.93095
0.53297
0.85083
0.96326
1.5434
1.7124
1.4878
1.303
1.2433
1.4233
1.4638
1.1406
1.4185
1.2238
0.93779
1.4284
1.4061
1.4004
0.78352
0.28434
-0.075554
0.3311
0.092396
-0.061468
-1.8811
-1.7522
-1.4077
-1.0676
-1.2647
-0.75821
-1.3228
-1.968
-1.469
-1.3215
-1.3792
-1.3008
-1.3229
-1.9168
-1.5554
-1.6986
-1.1766
-0.96819
0.66871
1.1593
1.3643
1.1476
1.3141
1.2486
1.0475
0.50432
1.0372
0.87432
0.53104
1.1841
0.92161
0.89835
1.0125
0.82145
0.75633
1.0125
0.50761
0.62141
0.25904
0.20024
0.25681
-0.066319
-0.0086015
-0.42632
-0.1391
-0.6704
-0.51533
-0.80273
-1.0538
-0.85883
-0.75015
-0.83143
-0.89398
-1.0118
-0.5947
-0.60733
-0.83595
-0.70027
-0.46723
1.0315
1.8571
1.6769
2.4297
2.0673
2.5009
2.0583
1.5279
1.543
1.5264
1.5609
1.5231
1.3486
0.95173
0.90749
1.1927
0.80558
0.52138
-0.15637
-0.36439
-0.021867
-0.012677
-0.14075
0.11984
0.75607
0.60705
0.17001
-0.13725
0.10981
0.28452
-0.2977
-0.33667
0.11572
0.081383
0.2161
-0.29358
-1.536
-1.2126
-0.96692
-1.3755
-0.37091
0.058378
1.0128
0.78721
0.83255
0.99658
1.1476
1.2756
1.5307
1.0809
1.0199
0.20835
0.28968
-0.18347
0.09871
0.29746
-0.26328
0.47719
0.020335
-0.64103
-0.60336
-0.86717
-0.40397
-0.95751
-1.0888
-0.96699
-1.0002
-1.069
-1.192
-0.66402
-1.1571
-1.0514
-1.3504
-1.5047
-1.3135
-1.0171
-0.84487
-1.6281
-1.0836
-1.9556
-1.4615
0.29946
1.0524
1.4368
1.1052
1.1851
1.022
1.3189
0.68849
1.1631
0.79885
1.0703
0.76829
0.92008
0.99435
1.4923
0.89828
1.0914
0.81471
0.58596
-0.80048
-0.18202
0.063761
-0.48511
-0.39802
-1.1688
-0.54155
-0.12842
-0.81226
-0.39947
-0.19088
-0.30465
-0.41579
-1.0488
-1.0814
-0.96484
-0.87669
-0.090328
-0.66579
-0.94583
-0.62176
-0.066044
1.9833
1.0487
0.7172
1.2036
1.0158
1.1709
0.41567
1.1317
1.1407
0.85975
1.1927
0.95552
0.9931
1.3897
1.0439
0.45143
0.56135
0.40726
-0.18292
-0.089981
0.0073975
-0.66408
-0.20742
-0.25866
-0.33769
-1.0256
-0.98288
-1.2838
-1.032
-1.1394
-1.7068
-1.6117
-1.5839
-1.2236
-0.8219
-1.1179
-1.1728
-0.93276
-0.66197
-0.79663
-0.97181
0.38514
1.5055
1.4485
1.0127
1.4506
1.4113
1.3025
0.21873
0.49699
0.29356
0.31988
-0.07
0.14666
0.52554
0.51489
0.44613
0.3415
0.39141
-0.34443
-0.55747
-0.15329
-0.36975
-0.24312
-0.41716
-0.86844
-0.22987
-1.2472
-1.3781
-0.96174
-0.35601
-1.3538
-1.0859
-1.0316
-1.6705
-0.98426
-1.3081
-1.1343
-1.2338
-1.1917
-0.802
-0.53817
0.70219
0.77051
1.153
1.021
1.1008
1.0244
0.98987
1.2501
0.70044
0.55066
1.1224
0.75213
0.81687
-0.2322
0.22432
-0.29152
-0.57581
-0.6737
-0.58501
-0.69631
-0.55168
-0.33509
-0.59854
-0.70716
-0.67052
-0.44626
-0.29827
-0.61208
-1.0682
-0.46967
-0.99559
-0.92141
-1.1503
-1.4266
-0.33872
-1.1624
-0.83204
-1.5081
-0.81629
-1.8595
-0.40064
0.14948
1.2595
1.553
1.3735
1.8711
2.0656
1.6473
1.5684
1.1478
1.4163
1.249
1.1124
1.0341
1.1569
0.54112
0.58636
0.16693
-0.036102
-0.58887
-0.53236
-0.89299
-0.69435
-1.3815
-0.5283
-0.90143
-0.73103
-0.61721
-0.68605
-0.60636
-0.40818
-0.58703
-0.66343
-0.63465
-0.85415
-1.4469
-0.95302
-1.4773
-0.94181
-1.2419
-0.82453
0.94162
0.87251
0.70129
0.65758
1.1576
0.44812
1.4749
1.4163
1.5677
1.5345
1.7752
1.6762
1.6755
1.6283
1.144
1.3786
0.64359
0.75817
-0.1848
-0.43114
-0.11399
-0.84856
-0.48116
-0.43038
-0.14744
-0.35001
-1.1124
-0.72885
-1.1272
-0.82537
-0.8844
-0.86623
-0.66127
-0.56673
-0.58855
-0.78803
-0.58058
-0.39529
-0.44244
-0.55939
-0.24039
0.96496
1.3679
1.1095
1.4015
1.4133
1.274
1.8074
1.4142
0.73886
0.20471
0.79125
-0.055681
0.99736
-0.18943
0.55423
-0.38199
-0.4579
-0.42353
-0.78222
-1.3004
-1.1458
-1.854
-2.2152
-2.1576
-1.8126
-1.6152
-1.1444
-2.2719
-2.5931
-1.9015
-1.7806
-1.3323
-1.2983
-1.9683
-1.0643
-1.7201
-1.0918
-1.3242
-1.2739
-1.1253
-1.0706
0.57663
0.77732
0.98745
0.50806
0.7383
0.88522
0.55101
1.1083
0.91046
0.40583
1.2319
1.1035
1.5451
0.98289
1.0723
0.61643
0.39129
-0.11925
-0.77582
-0.64704
-0.7698
-0.62097
0.15683
-0.66124
-0.48474
-0.95177
-0.70976
-0.80049
-0.51535
0.3844
0.39652
0.14303
-0.93156
-0.29323
-0.55113
-0.7494
-0.46703
-0.58949
-0.53086
-1.1593
-1.2315
0.26592
0.24519
0.6934
0.6929
1.028
1.0662
0.43882
0.54966
0.67084
0.8953
1.9206
2.2767
2.1524
1.3948
1.6398
1.3319
1.052
-0.11554
-0.077555
-0.14608
0.45768
-0.24411
-0.96314
-0.53319
-1.3772
-0.82429
-1.1468
-1.024
-1.7586
-1.102
-1.4053
-1.5028
-0.91138
-1.11
-0.94557
-1.0407
-0.98502
-0.54116
-1.1274
-1.0411
-0.47624
0.72768
0.7588
1.3028
1.7193
1.1305
0.5681
0.7424
0.40187
0.77518
0.14568
0.23564
0.51974
0.40494
0.30862
0.89395
0.97895
0.43569
-0.39167
-0.59291
-0.7406
-0.15466
-0.6738
-0.87517
-0.42194
-0.73954
-1.1207
-1.2294
-0.68393
-1.3999
-1.7988
-1.0266
-1.406
-1.2944
-1.3368
-1.2508
-1.3906
-2.1031
-2.0101
-1.757
-1.2698
-1.6326
0.077966
-0.10941
0.49898
0.79176
1.0435
1.7796
1.3592
0.96405
1.162
1.5166
1.2098
-0.12198
0.13295
0.50003
0.31069
0.20447
0.044063
-0.337
-0.4393
-0.4204
-0.26835
-0.26511
-1.1289
-0.86637
-0.68171
-1.1554
-0.014177
-0.23115
0.31743
-0.073844
-0.015409
-0.57502
-0.39831
-0.55532
-0.16096
-1.1386
-0.87436
-1.2258
-1.2156
-1.0707
-1.0111
0.99185
0.9752
1.1857
1.1708
0.89654
0.52272
0.61336
1.1166
0.48671
0.71406
0.78237
1.0067
1.0757
1.1116
0.44611
0.50782
0.97592
0.2387
-0.32188
-1.2513
-0.61991
-1.1736
-0.93917
-1.0998
-1.0169
-0.56426
-0.79108
-0.77115
-1.1146
-1.208
-1.5245
-1.0951
-1.3963
-0.71411
-0.93407
-0.68087
-1.1173
-1.1426
-0.93543
-0.57373
1.1527
1.3657
0.33835
0.81074
0.45444
1.0262
0.48289
0.36106
0.6901
0.56085
0.45724
0.23956
-0.1013
-0.02722
0.31368
-0.35192
-0.24206
-0.51401
-0.99642
-0.65523
0.14287
0.083601
0.14758
-0.11847
0.13922
-0.80423
-0.62375
-0.76162
-0.96163
-1.013
-0.91569
-0.85101
-0.89452
-0.65732
-0.26983
-0.69646
-0.52237
-0.61788
-0.41827
-0.02215
-0.22737
0.38143
1.0149
1.3711
1.4751
1.6042
1.8458
1.7557
0.94264
0.22213
0.71922
0.20807
0.57752
0.23744
0.45067
1.3075
0.85732
0.73692
0.78239
0.55291
0.70184
0.5636
-0.067827
0.031041
0.25635
0.30719
0.5378
0.027078
0.40892
-1.2578
-2.0563
-1.798
-1.2063
-1.4155
-2.1255
-1.5554
-2.7319
-2.2812
-2.2685
-1.664
-1.4421
-1.4195
-0.99133
-0.17459
0.4402
0.82192
0.6896
0.46817
0.78294
0.8894
0.63891
1.094
1.2328
1.074
0.45542
0.9227
0.7842
0.66289
-0.21028
-1.0375
-0.52248
-1.291
-0.54275
-1.0882
-0.77412
-0.65436
-0.5609
-0.29301
-0.12072
-0.56129
-0.82553
-0.93361
-0.94245
-0.72483
-0.53166
-0.30493
-0.82896
-0.48051
-0.57109
-1.8595
-1.38
-1.1009
-0.67305
-0.5769
0.57494
0.10231
1.2338
1.1983
0.58775
1.0702
1.2681
1.3051
0.97492
0.75262
0.72013
0.98824
0.61931
1.1604
0.77869
0.78924
-0.23646
-0.076696
-0.19496
-0.65657
-0.54202
-0.65928
-0.66517
-1.373
-1.014
-1.0346
-1.2559
-0.86673
-1.2342
-1.364
-1.3721
-0.77206
-0.52661
-0.63319
0.19946
-0.21976
-0.24878
-0.23482
-0.24207
1.3074
1.2397
1.5076
1.6635
1.7056
1.5319
1.2691
1.2825
0.51959
0.3618
0.46915
-0.24487
0.48166
0.33027
0.63353
0.25247
0.64103
0.53015
-0.14812
-0.84237
-0.15725
-0.55217
-0.78645
-0.66654
-0.028528
-0.52241
-0.58263
-0.72301
-0.78368
-0.50785
-1.0391
-1.024
-1.3982
-1.4547
-0.9818
-1.3391
-1.0892
-0.68346
-0.18018
-0.31517
1.1139
1.9479
1.7857
2.0858
1.7324
1.7513
1.4287
1.388
1.1264
1.3547
1.447
1.7915
0.95406
1.2193
1.4594
1.3006
0.26267
0.011689
-0.14309
0.10572
0.47894
-0.30825
0.13144
0.22821
-0.037804
0.12362
-0.14669
0.27027
-0.86617
-1.0551
-1.025
-1.1559
-0.84471
-0.89981
-1.0784
-1.9819
-2.5433
-1.4787
-1.5546
-0.58063
-0.53695
-1.0167
-0.128
0.09236
0.80493
0.23225
0.49796
0.12563
0.42779
0.60766
0.40427
-0.15897
0.072589
0.56141
-0.097463
0.16966
0.093745
-0.11868
-0.1645
-0.21183
-0.6337
0.0046985
-0.68112
-0.60831
-0.90183
-1.5494
-1.467
-1.9266
-0.966
-1.0969
-1.6848
-0.99019
-0.91799
-0.80194
-0.27289
-0.15735
-0.32523
0.2
-0.70131
-0.60679
-1.0174
-0.096458
0.49141
0.79241
0.65268
1.5385
1.4382
0.86053
0.01961
0.24372
0.026988
0.72502
-0.050776
0.49109
0.46981
0.34516
0.52552
0.58081
0.25755
-0.22149
0.1098
-0.054541
0.075813
-0.50065
-0.30325
-0.30109
-0.46453
-0.72765
-1.2316
-0.33322
-0.10362
-0.29412
-1.1633
-1.3209
-0.76901
-1.0978
-0.73843
-1.1201
-0.72403
-1.2108
-0.83274
-0.69313
0.17583
0.72615
1.1793
1.5952
1.2343
1.196
1.2487
1.1252
0.96588
1.3607
1.0891
1.2985
1.694
1.7596
2.1403
1.3927
0.24721
0.47648
-0.69687
0.056769
-0.57836
-0.56398
-0.81585
-0.74884
-0.17172
-0.68719
-0.85501
-0.91988
-1.0079
-0.87755
-1.2137
-0.91023
-0.91227
-0.86214
-0.88326
-0.7
-0.015873
-0.5394
-0.67451
-0.8483
0.19075
1.3844
1.8456
1.8198
2.0386
2.1675
1.6348
1.2574
1.6728
0.94058
0.85747
0.78157
0.88935
0.4838
0.37585
0.49548
0.84969
0.30895
-0.52829
-0.3149
-0.047398
-0.0324
-0.18111
0.30057
0.7534
0.84761
-0.27905
-0.65743
-0.45797
0.061672
-0.57559
-2.4569
-2.0829
-1.9229
-2.3293
-1.4547
-2.7555
-2.2993
-1.7506
-1.4057
-1.0535
-0.7152
-0.98886
-0.35949
0.83757
1.0787
1.2996
1.2104
1.2966
0.93038
1.3318
0.81023
1.0395
0.57364
1.0245
0.50111
0.28207
0.38814
-0.28856
-0.39702
-0.75643
-0.36014
-0.16367
-0.37057
-0.36844
-0.53741
-0.70888
-0.52288
-0.83875
-0.60689
-0.73237
-0.29932
-0.60338
-0.72991
-0.30917
-0.7068
-0.75327
-0.78424
-0.75891
-0.96024
-0.69137
1.0065
1.1108
1.2708
1.5049
1.6375
1.5147
0.37982
0.96856
-0.0098693
0.8347
0.2198
0.52149
-0.036481
0.44863
0.71522
0.46016
0.35918
0.17347
-0.70073
-0.27678
-0.29197
-0.79313
-1.0451
-1.0804
-1.1887
-0.89032
-0.75082
-0.79684
-0.54389
-0.94638
-1.4235
-0.69446
-1.4555
-1.3488
-1.4022
-1.3187
-1.2422
-1.0445
0.16809
-0.28643
-0.29427
0.54093
0.85882
1.2437
1.9278
1.9611
1.8055
1.8285
1.1849
1.3675
1.2503
0.97782
0.78127
1.2296
0.94602
0.27388
0.16162
0.30366
-0.90655
-0.0095939
-0.98742
-0.77972
-0.72104
-0.46524
-0.55274
-1.036
-0.80537
-0.87308
-0.19172
-0.35215
0.51154
0.19211
-0.20212
-0.34884
-1.1352
-0.73353
-0.60503
-0.59561
-0.087894
0.030648
-1.1931
-0.27147
-0.46366
0.35557
0.43966
0.51859
0.8417
0.78216
1.2547
0.77015
1.4121
0.52899
1.0042
0.78351
1.1203
1.0429
1.0911
1.1455
0.75499
-0.075956
-0.099423
-0.072086
-0.25733
-1.3033
-0.55356
-0.98288
-1.0484
-1.3333
-1.5685
-0.94044
-0.95307
-0.85025
-0.96505
-0.56096
-0.15983
-1.1507
-1.3332
-0.76042
-0.81272
-0.7983
-1.0859
-2.5698
-2.704
-0.81044
0.033265
0.25833
0.36503
-1.4176
-0.90141
-0.55706
-0.2147
-0.39396
0.0077861
-0.81522
-0.14834
-0.18055
0.043245
0.062337
0.20625
0.3077
0.00013226
-0.078202
-0.22725
-0.31217
-0.28267
-0.68709
-0.18011
-1.2712
-0.92224
-0.52415
-0.33559
-1.0021
-1.5458
-0.4878
-1.3521
-0.91049
-1.3914
-1.5418
-1.4033
-0.61193
-0.8335
-1.0422
-0.80032
-1.2123
0.39291
1.1295
1.0628
1.3411
1.2426
1.5756
1.4226
1.7211
1.9394
1.9924
1.8996
1.092
0.53636
0.70054
0.39337
0.20698
-0.038798
-0.28384
-0.2862
-0.26254
-0.56761
-0.34085
-0.59049
-0.66744
-0.42426
-0.52749
-0.98741
-1.4519
-1.2819
-0.91691
-0.70596
-0.48744
-0.85064
-0.57436
-0.34572
-0.2519
-1.3284
-1.5815
-1.0462
-1.1055
-0.094917
0.69231
1.9642
2.2664
2.0229
2.6168
1.7704
1.4842
1.5837
1.5249
1.2064
1.6275
1.2344
1.0886
1.2117
1.0576
0.30122
0.052438
-0.42817
-0.017106
-0.76163
-1.4068
-0.77436
-0.96452
-0.36417
-0.60444
-0.24468
-0.98899
-1.112
-0.91828
-0.50768
-0.47903
-0.50089
-0.37761
-0.39788
-0.57029
-0.76573
-1.4414
-1.5454
-1.1813
-1.8587
0.78944
0.83151
1.4094
1.2762
0.25657
0.86495
0.25728
1.008
0.16515
0.84675
1.15
1.4381
1.901
1.3109
1.0012
0.96874
0.78434
0.49607
-0.18327
0.10432
0.39512
0.85548
0.47391
0.089884
-0.11156
-0.67007
-0.51894
-0.42202
-0.39297
-1.4329
-0.67984
-1.3387
-0.98246
-1.215
-0.82445
-0.6127
-0.98144
-0.4805
-0.54566
-0.75945
0.21504
1.6631
1.3977
1.922
2.263
1.8205
2.3748
1.8448
2.0596
1.2681
1.5215
1.6273
1.3637
0.45288
0.3163
0.85901
-0.019486
-0.013549
-1.1791
-0.36396
-0.40825
-0.14975
0.040997
-0.35288
-0.4897
-0.79432
-0.54645
-0.37409
-0.72396
-0.91765
-0.48725
-0.33566
-0.80512
-1.5269
-0.99704
-0.70017
-0.77099
-1.4556
-0.92341
-1.156
-1.4327
-0.054961
0.66682
1.5019
1.5009
1.741
1.6847
1.9113
1.9045
1.809
1.3088
1.254
1.4462
1.3262
1.2128
0.79317
0.61738
0.29477
-0.53459
-0.17624
-0.29946
-0.78902
-0.93632
-1.0841
-0.50849
-0.66415
-1.346
-0.67323
-0.53277
-0.77017
-0.65364
-0.30787
-0.58614
-0.74515
-0.70818
-0.4281
-0.050838
-1.5194
-2.8125
-1.4839
-2.0849
-0.88715
-0.30474
-1.1502
0.30781
-0.17844
0.41678
0.99443
0.22817
-0.18292
0.29081
0.58968
0.70279
0.76015
1.0643
0.86898
0.76255
0.48469
0.4949
0.30472
-0.17304
-0.35098
-0.62392
-1.3694
-0.57938
-1.6295
-0.41031
-0.78625
-0.63897
-1.4164
-0.84414
-1.3336
-1.0107
-1.248
-1.2113
-0.73544
-0.60297
-0.94501
-0.69925
-0.71206
-1.035
-0.57916
0.94746
0.87421
1.2917
1.3677
2.0265
1.6331
1.8054
1.1278
1.3768
1.6351
1.4752
0.46899
0.0091913
0.36985
-0.076911
0.47539
0.046699
-0.081224
-0.50984
-0.35104
-0.3236
-0.19636
0.035704
-0.88032
-0.49745
-1.2868
-1.0164
-0.94877
-0.95748
-0.54628
-0.46952
-0.46453
-1.0821
-0.6023
-0.52032
-0.26832
-1.0028
-1.2629
-1.101
-1.0675
-0.54308
0.38746
1.3382
1.335
1.4332
1.4171
2.3505
1.8195
2.5139
1.4005
1.8748
1.9675
2.3074
2.1761
2.0713
2.0398
1.123
0.80674
0.62213
0.28018
-0.25597
-0.8748
-0.58799
-0.73194
-0.26548
-0.76685
-1.1346
-1.0861
-1.178
-0.71801
-0.41998
-0.48014
-0.22695
-0.64645
-0.76262
-0.82693
-0.49431
-1.4329
-1.6177
-1.0974
-1.8571
-0.088843
0.69758
0.72893
0.2693
0.026
0.57262
0.4548
0.38031
0.45036
0.65966
0.78546
0.74933
0.49668
0.84015
0.93431
0.99291
0.33462
0.77495
0.22679
0.37626
-0.15071
-0.31523
-0.68524
-0.74098
-0.80021
-1.6158
-0.76058
-1.7228
-1.7327
-1.6058
-1.7025
-0.70901
-0.22989
0.13362
-0.72658
-0.97077
-0.56022
-0.40285
-0.39747
-0.13798
0.80617
1.5259
1.0702
1.5516
1.2537
1.43
1.3735
0.97529
1.1138
1.5243
1.6688
0.040412
0.080754
0.12518
-0.66551
0.22105
-0.35975
-0.45584
-0.31618
0.14791
-0.33898
-0.23584
-0.39287
-0.23437
-0.51387
-0.44167
-0.26005
-0.62779
-0.65995
-0.37283
-0.67607
-0.46505
-0.14159
-1.0469
-0.35477
-0.55783
-0.55401
-1.1663
-1.4048
-0.85346
-1.6292
0.29299
0.63762
0.81812
2.0156
2.1955
2.3073
0.36947
0.16206
0.77582
0.51673
0.43091
0.86679
-0.55069
0.33446
0.40816
0.50415
0.27451
-0.15069
-1.3146
-0.61583
-0.94992
-0.85359
-0.62702
-0.62163
-0.61413
-0.42924
-0.1342
-0.6576
-0.69426
-0.80661
-0.32333
-0.10178
-0.25885
-0.23336
-0.48483
-0.7616
-0.91946
-0.92459
-0.69018
-0.58167
-0.03487
0.89743
1.3648
1.0838
1.6537
1.6621
1.593
0.67991
0.74576
-0.091141
0.35317
1.5971
1.9285
1.7036
1.042
0.78759
1.3367
1.0038
0.79557
-0.040331
0.61217
0.052454
-0.17568
0.25978
-0.084616
0.25812
-0.026022
-0.83629
-0.36621
-0.16593
-0.44104
-0.67496
1.2937
1.221
1.3589
0.56517
0.88532
0.95779
0.43546
-1.6759
-1.2241
-1.1638
-1.0835
-0.64689
-0.13465
-0.36606
0.96009
0.99513
0.92808
0.52722
0.45074
0.4283
-0.11337
1.0078
0.50719
0.20162
1.0624
0.51763
-0.90784
-0.76684
-1.2751
-1.9721
-2.0526
-0.55209
-0.16287
0.39379
0.14632
1.565
0.38216
0.70027
0.3766
0.26527
0.28717
0.81651
0.53273
0.50125
0.79456
0.052083
-1.1239
-1.3373
-0.80922
-1.3094
-0.93528
-1.3657
-0.29612
0.59497
1.6536
0.64225
0.96042
0.38549
0.41699
-0.34811
0.97358
0.83904
0.21503
0.36228
1.1097
-0.77875
-0.53878
-1.1556
-1.2728
-0.84683
-1.7549
-0.83258
-0.17065
0.46177
1.367
0.60368
0.80149
0.60083
1.5523
0.78979
0.56646
-0.35276
-0.11963
0.86806
-0.95167
-1.4348
-1.5902
-1.2797
-0.94054
-0.60355
-1.0257
-1.1355
0.44304
1.825
0.26674
0.26661
0.66606
0.54905
0.37984
0.96922
0.17045
0.51658
1.3252
1.0677
-0.82182
-1.6792
-1.2143
-1.2171
-0.8259
-1.6351
-0.46198
0.47153
0.17604
1.6063
1.2309
0.57015
0.15865
-0.45069
0.40614
0.080161
1.6514
0.75134
0.51304
-1.6903
-1.5801
-2.1087
-0.73066
-0.55353
-0.88114
-0.66655
0.57978
0.26567
1.6836
0.80573
0.31982
0.38175
0.47065
1.242
1.1516
0.97387
0.24112
0.20778
-0.13034
-1.2434
-1.0791
-1.4853
-2.2633
-0.65733
-0.77954
-0.48459
-0.10097
1.4719
1.294
0.67768
0.086471
0.17782
0.98016
0.81795
0.26687
0.55204
0.14343
0.040819
-1.7924
-1.0012
-1.2897
-1.1074
-1.067
-0.24051
-0.62589
0.27301
0.64095
0.88194
1.1066
0.59892
0.96933
-0.12852
1.0726
1.1082
0.85315
-0.091847
0.94863
-1.3116
-2.1236
-1.4673
-1.2669
-1.082
-0.11479
-0.18854
-0.10266
0.70481
1.7846
0.70473
0.97447
1.1132
0.69347
-0.057324
0.081932
-0.29557
0.35508
0.6642
-1.0503
-1.1478
-1.5921
-1.4662
-1.4138
-1.6949
-0.45434
0.1805
-0.20468
0.82457
1.3855
0.75465
0.41059
0.068966
0.75154
0.60248
0.48485
0.42513
0.86032
-0.13163
-1.5423
-1.3265
-1.0612
-0.97166
-1.1485
-0.45569
-0.048755
0.29998
1.9149
0.2158
0.35287
0.62103
0.22212
0.15035
0.8854
0.58604
0.88276
0.57722
0.1049
-1.7109
-1.2216
-0.75034
-1.0771
-1.1671
-0.86973
-0.27591
0.52059
1.2227
1.4353
0.28735
0.56232
0.26744
1.0811
1.0767
0.7057
0.92287
0.44452
0.25525
-1.6716
-2.057
-0.92434
-1.4897
-1.1065
-0.98543
-0.076034
-0.24793
0.35809
1.7557
1.5288
0.51358
0.13506
1.1227
0.85409
1.4362
0.66325
0.9053
-0.59307
-1.4767
-1.6618
-1.3085
-1.492
-1.0484
-1.1874
-0.38905
0.18302
0.96257
1.2923
-0.032747
0.4562
0.53719
-0.026754
1.0287
0.4898
1.0149
1.0341
1.5144
-1.2381
-0.93807
-1.1776
-0.60153
-1.3164
-1.674
-1.4573
0.045926
0.68273
1.0722
-0.25907
-0.04162
0.1478
0.20007
0.97845
0.45824
-0.085751
1.1071
1.1229
-1.513
-2.2688
-0.85279
-1.533
-1.4243
-0.75861
-0.12121
-0.25071
-0.28648
1.6232
0.9681
0.63047
1.3209
0.62046
0.34599
0.41296
1.3077
0.8103
1.0044
0.61446
-0.4874
-0.94727
-1.6305
-1.9192
-1.4037
-0.432
-0.86102
0.95276
0.54847
-0.32498
1.2715
0.7752
0.63334
0.31672
0.48429
1.4505
1.3713
0.73241
0.6506
-0.83714
-2.2706
-0.96197
-1.3805
-1.2374
-0.31078
-0.49548
-0.14858
0.50217
1.901
0.6621
0.44652
0.80131
0.3205
0.098586
0.97666
0.71721
0.21652
0.95017
0.019504
-1.9252
-1.2774
-0.79978
-0.63262
-1.0955
-1.2845
0.063075
0.55057
1.4025
0.1743
0.68368
1.1058
0.25966
0.39537
1.0291
0.11409
1.1274
-0.059444
-0.041742
-2.0052
-1.2711
-1.7986
-1.5377
-0.9947
-0.91557
-0.6979
-0.113
1.9394
1.0045
0.65315
1.4692
1.0788
0.57418
0.67931
0.45671
0.29237
1.3943
0.1752
-1.2244
-0.68866
-0.95081
-1.7847
-0.58422
-0.26351
-0.44022
0.29289
1.8482
1.615
0.34356
1.8209
0.87469
0.3103
0.59301
1.5828
1.1883
1.3654
0.94901
-0.71306
-1.5702
-1.3686
-1.2722
-0.71239
-1.2282
-0.8724
0.16093
0.1605
1.3468
1.4151
0.050668
0.12332
1.1559
0.69223
1.1195
0.40467
0.7262
0.62794
-0.090297
-1.4406
-1.522
-1.7884
-1.5307
-0.51557
0.12258
0.26281
1.2843
1.9377
0.62222
0.22872
0.55331
1.5192
0.59483
0.71312
0.55424
1.3764
0.56071
0.36631
-1.7152
-1.3288
-1.2142
-1.6546
-1.0424
-0.52897
-0.24403
-0.18931
0.49035
1.3307
0.55545
1.1451
0.721
0.18155
0.35574
0.78356
0.58108
0.42197
1.0602
-0.19524
-1.557
-1.0513
-0.95007
-0.45023
-0.84082
-0.27255
0.72051
0.96474
1.993
0.77862
0.94355
0.69216
-0.030198
0.45266
0.025822
0.3409
0.47244
1.2765
0.96609
0.17193
-1.0325
-1.6898
-1.1268
-0.8792
-0.7116
0.59421
0.83897
1.3492
0.27471
1.1602
1.2937
-0.080825
-0.005571
0.48741
0.023313
0.2752
0.99497
0.097056
-1.1017
-1.6773
-0.79074
-0.26083
-0.64235
-1.1087
0.24431
0.98511
1.6848
1.4377
0.70436
0.82246
0.030734
0.72991
0.74695
0.43482
1.1021
0.68401
0.24921
-0.93142
-1.2394
-1.5759
-1.3606
-1.3138
0.055936
0.13271
0.71039
1.3089
1.0886
0.92661
1.0219
0.59075
0.66169
0.40861
1.0308
0.36881
-0.66311
0.72487
-0.33987
-0.54024
-0.69217
-0.5331
-0.69593
-1.1678
-0.022709
0.50844
1.3239
0.78669
0.98832
0.30878
0.88708
0.24629
0.71874
0.29966
-0.22827
-0.20747
0.57816
-1.2856
-0.78986
-1.0716
-1.3206
-1.1274
-0.74698
-0.41219
0.88573
0.92907
2.2664
0.57494
-0.094779
0.70518
0.21792
0.087549
0.69584
0.75952
0.42687
0.93237
-0.43292
-1.6015
-1.7079
-1.5588
-1.5515
-0.74922
-0.67073
0.45644
0.31207
1.9929
0.77461
0.57156
0.85338
0.65185
0.98218
-0.1586
0.061702
1.1186
0.38696
0.097783
-1.581
-1.0726
-1.5055
-1.2872
-0.62289
-0.49621
-0.12406
0.1175
1.9046
2.2558
0.38376
0.78436
1.3396
1.1489
0.69238
1.4802
0.70882
0.51057
0.41215
-0.54994
-1.7572
-1.6345
-1.1155
-1.1905
-0.98144
-0.43139
1.0807
0.61688
1.7378
0.092029
0.61408
0.34752
1.1508
-0.079133
0.96759
0.90816
1.1336
1.7311
-0.042903
-0.68035
-1.6943
-1.7346
-1.4117
-1.5218
-1.0346
-0.38564
1.1037
1.2955
1.4065
0.0019179
0.68814
0.85131
1.2932
0.21108
0.96598
1.1798
0.12261
0.46089
-1.7867
-1.662
-1.7811
-1.1694
-1.1982
-1.2027
0.57261
0.35308
1.7948
1.0948
0.80671
0.31146
0.0087552
0.0056518
0.66151
0.59001
0.32011
0.27794
0.43881
-1.418
-1.4698
-2.015
-1.684
-0.59054
-0.56497
-0.40293
-0.14183
1.1631
1.5795
0.87788
0.75011
0.012263
0.79476
0.58378
0.8106
0.47869
0.31696
0.83972
-0.95119
-0.63946
-2.0397
-1.1707
-0.35933
-0.44823
-0.036051
0.38135
1.9913
1.5756
0.58499
1.1975
1.5225
0.87249
1.2589
0.88031
-0.42644
-0.13226
0.51383
-0.86325
-1.2493
-1.552
-1.2333
-0.89856
-0.76943
0.12637
0.7959
0.93677
2.0532
1.113
1.1659
0.82185
1.5463
0.36929
0.12329
0.50419
0.31168
0.47003
-1.0493
-1.5503
-1.2743
-1.1109
-1.7256
-1.7403
-0.53655
0.37043
0.26856
1.4163
0.88319
0.30604
1.1487
1.1541
0.96605
0.57239
1.2461
0.31026
0.83505
-0.055524
-1.0936
-1.6473
-1.8321
-1.0243
-0.56244
0.51583
-0.18878
0.10996
1.0461
1.8408
1.2685
0.84955
0.75868
0.50205
0.8653
1.0054
0.98042
0.16018
0.4015
-0.15025
-0.62075
-1.6912
-1.1335
-1.4652
-1.5953
-0.97062
-0.14193
0.57123
1.2055
0.64693
0.61748
0.024207
0.33332
0.35658
0.50581
0.82294
0.37998
-0.092435
-0.58079
-1.683
-1.6246
-1.0811
-0.44028
0.070676
-1.1082
-1.2383
-0.082852
-0.021162
0.48977
0.39851
0.90377
0.86573
0.4494
0.99541
0.46975
1.1743
0.21969
0.097354
-0.64042
-1.0923
-1.519
-1.986
-1.3917
-0.71611
-0.70978
0.095589
0.77584
0.77113
0.95346
0.62907
1.1198
0.73824
0.084937
0.44694
0.33533
0.80736
0.77891
-0.54467
-1.3048
-1.5096
-1.1393
-1.2375
-0.31127
-0.67836
0.74989
0.89652
1.8545
1.1813
1.0967
1.2316
0.5024
0.069804
0.13421
0.26581
1.1633
0.38046
-0.34237
-1.7038
-1.3106
-0.32957
-1.2332
-0.92489
-0.36303
-0.024493
1.0188
2.0881
1.0029
0.67514
0.68669
0.086822
0.67516
0.4503
0.55848
1.4567
0.34627
-0.5159
-1.2823
-0.96171
-1.5809
-1.568
-0.11932
-0.37336
-0.43436
-1.3902
-0.3315
0.6803
-0.27942
0.56485
0.24614
0.28537
0.67502
1.1636
0.57627
0.98422
0.12349
-0.87054
-1.4714
-1.2599
-0.46823
-1.6754
-1.1311
-0.76363
-0.63092
0.8992
1.1411
0.71934
-0.046964
0.80653
0.96515
0.49871
-0.23645
-0.17879
0.47671
0.91065
-0.74672
-1.5002
-0.98273
-1.3209
-1.9237
-1.3751
0.32613
0.14697
0.42842
1.0769
1.7918
0.16003
-0.91135
0.20167
0.65157
0.93693
1.3417
-0.20585
0.64111
-1.4065
-1.547
-1.837
-1.1853
-1.1829
-1.3619
-0.65584
-0.93908
-1.2958
-0.86619
1.275
1.0457
0.76911
0.6487
-1.0761
-1.6494
-1.1164
-0.43898
-0.11081
-0.2767
-1.0215
-1.8102
-2.7442
-3.0474
-1.7274
-1.7093
-1.3086
-0.41271
0.53425
-0.46426
-0.95341
-0.66017
-0.11102
-0.90689
0.7481
-0.42108
-1.6738
-2.2096
0.27862
0.0097226
-1.6294
-1.6541
-1.5467
-3.2878
-2.0722
-0.89155
-1.4617
-0.097934
1.5455
