-0.44104
-1.1169
-0.34961
-0.61645
-1.1595
-0.80839
-0.7743
-0.7843
-0.16338
-0.57554
-1.0261
-0.31653
2.7084
2.1198
0.91726
0.38805
-0.19486
-0.0049988
0.0083591
0.44649
2.2617
1.2691
1.4703
0.67143
1.0879
0.018741
0.017787
-0.89101
0.43794
0.84485
0.8718
0.12457
0.08332
0.30234
-0.29604
-0.020344
0.221
-0.88258
-0.080035
-0.59197
-0.34059
0.28764
2.1678
2.136
0.46899
0.38843
0.026324
-0.21898
-0.49923
0.17887
1.8524
1.9072
2.0128
0.99218
0.8955
1.2684
0.78753
-0.89618
-0.21696
0.68021
0.82661
0.45741
0.17642
-0.013427
0.29351
-0.093064
0.13603
-0.35663
-0.45866
-0.49944
0.26465
0.79868
2.2471
1.9463
1.0253
0.76153
0.22909
-0.42923
-0.11038
1.0676
1.28
2.0251
1.484
1.7314
1.1737
0.38436
0.34093
-1.1661
-0.36281
1.2502
0.82807
0.44853
0.22415
0.36739
0.2085
0.78293
-0.12387
0.27466
-0.8954
-0.37763
-0.76376
0.62617
2.6313
2.8367
1.4715
0.89095
1.0365
0.025339
-0.0048401
1.1416
2.0082
2.64
2.4513
1.5146
1.7452
0.91906
0.58061
-0.44601
-0.19821
0.89182
0.3956
-0.051636
0.7663
0.55185
0.55022
0.40287
-0.19613
0.31731
-0.21663
-0.26829
0.08814
-0.30043
1.838
3.1343
2.0903
0.96318
0.32369
0.15475
1.0701
1.6888
1.6617
2.954
2.8263
2.8023
1.8044
1.076
1.1333
-0.033027
-0.96624
0.23558
0.49447
0.81846
1.0759
0.8765
-0.26947
-0.11007
0.14442
-0.13617
0.27497
-0.30666
-0.63765
-0.41468
0.43968
2.2306
2.3326
1.2661
0.31328
0.18301
0.34988
0.092946
2.1092
2.5087
2.6984
2.3121
1.2162
1.1206
1.1901
-0.0232
-1.0825
0.51153
0.49282
0.88374
0.045816
0.47172
0.057365
-0.46662
-0.33366
-0.093105
-0.13893
-0.29071
-0.88849
-0.29333
-0.53481
2.4617
2.65
1.7931
0.35207
0.091179
0.13532
0.39727
1.5615
2.0709
2.2175
2.2683
2.1663
2.1303
1.5096
0.57826
-0.24692
0.13512
0.52405
0.87506
0.24814
0.35491
-0.60845
-0.22808
-0.79537
-0.45859
-0.20654
-0.90353
-0.46187
-0.84375
-0.9041
1.4897
2.6325
1.6951
1.0485
0.47888
-0.010043
0.64554
1.062
1.3235
2.3278
2.1067
2.4268
2.016
1.4222
0.69843
-0.52809
-0.54638
0.31385
1.0812
0.50856
0.81693
0.10577
-0.17893
-0.20264
0.1479
0.47845
0.11509
-0.91785
-0.56651
-1.5872
0.24274
1.8693
1.6929
1.3427
0.43593
0.62505
0.11541
0.83062
1.685
2.0693
2.1589
1.4041
1.265
0.70271
0.31252
-0.7259
-0.67233
-0.25357
-0.037978
-0.58492
-0.1694
-0.84713
-0.37833
-0.48768
-0.94342
-1.5565
-1.0961
-0.8031
-1.0614
-0.99989
-0.28591
2.4578
2.3466
0.93952
-0.15757
-1.04
0.051706
0.031479
0.33748
2.4396
2.2034
1.6956
1.7034
1.253
0.86417
-0.24714
-0.73899
0.48928
0.13154
0.6816
-0.14107
0.38127
-0.22873
-0.32654
-0.51611
-0.16725
-1.3951
-0.60145
-0.77594
-0.5533
-0.95317
2.2599
2.4598
1.0089
-0.17206
0.31279
-0.86488
-0.8161
-0.83172
1.1986
1.7918
1.5169
0.29011
0.32233
0.57615
0.25316
-0.80968
-0.62102
-0.59816
-0.094582
-0.4166
-0.12642
-0.71662
-0.65088
-0.9499
-0.31579
-0.78566
-0.90238
-0.42577
-1.32
-0.81319
2.1564
2.5252
1.0575
0.068787
-0.32169
-0.11215
0.10365
0.49245
2.082
1.8273
1.532
0.69882
0.26258
0.43002
0.11105
-1.1835
-0.29758
0.62209
0.49832
0.078974
0.17927
0.2337
-0.51378
-0.74206
-0.6751
-0.77191
-0.66634
-1.2261
-0.97298
-0.74388
1.814
1.949
0.97961
-0.44448
-0.74784
-0.6744
-0.53291
-0.44405
0.3635
1.4672
1.8806
1.1434
0.51345
0.28671
0.39542
-0.56914
-0.80196
-0.4487
-0.18893
-0.21737
-0.1062
-0.17864
-0.98778
-0.72529
0.14661
-0.19954
-0.43134
-0.68972
-0.65758
-1.1709
-0.90546
1.8836
2.1344
0.70405
0.15866
-0.035221
0.3628
0.35272
0.91226
1.5138
1.8369
1.1033
1.2944
0.48414
0.05536
0.0097214
-1.0637
-0.70324
-0.054593
0.72579
-0.053418
-0.52065
-0.090513
0.32451
-0.1408
-0.6658
-0.89347
-0.57686
-1.1462
-1.1143
-0.97155
1.8111
2.2014
1.1707
0.27122
0.083622
0.058678
0.027012
0.24372
1.7571
1.9072
1.2851
1.0859
0.88442
0.50552
0.14806
-0.46418
-0.99345
0.091659
0.12311
0.64084
0.24915
-0.2534
-0.24012
-0.66781
-0.6543
-0.6146
-0.8897
-0.36735
-1.2177
-1.2334
-0.81511
-1.0077
1.9727
1.9219
0.4473
0.011663
-0.69957
-0.41638
-0.11753
0.03395
1.2614
2.2553
1.362
0.96946
0.86335
-0.012425
-0.29246
-1.1656
-0.45366
0.12911
-0.21833
-0.096283
-0.39988
-0.4073
-0.57989
-0.33883
-0.8359
-0.3219
-1.1096
-0.61129
-1.2214
-1.756
-1.7916
-0.6952
1.8452
1.4151
0.3366
-0.14342
-0.12999
-1.0111
-1.3119
0.86124
1.5938
1.4642
1.5739
1.1692
1.3134
0.66822
0.0016547
-0.5136
-0.38001
0.031923
-0.10818
0.1043
-0.31216
-0.42661
-0.22913
-0.66144
-1.1773
-0.3951
-0.99341
-0.94529
-0.82083
-0.7908
1.1543
2.3278
1.4331
-0.59954
-0.94376
-0.72805
-0.93097
0.029526
1.5123
1.9214
1.9684
0.93674
0.85227
0.56096
-0.17025
-1.0072
-1.1509
-0.39209
0.056253
0.31942
-0.97161
-0.48397
-0.49257
-0.58801
-0.34632
-0.88099
-1.0436
-1.6668
-1.5789
-0.90454
1.1533
2.1467
1.4719
0.80458
-0.11089
-0.6019
0.12635
-0.23836
0.70181
2.1656
1.7628
1.3552
0.87639
0.32433
-0.12283
-1.1911
-1.6737
-0.29614
-0.25931
-0.28392
-0.79681
-0.57583
-0.58345
-0.37245
-0.95291
-0.61895
-0.45315
-0.35171
-1.2169
-1.0274
-0.30461
2.1167
1.912
0.66222
0.088052
-0.72876
-0.8346
-0.81455
-0.30123
1.366
1.7168
1.9035
1.1727
0.59156
0.27937
0.37512
-1.8095
-1.313
-0.348
0.39368
0.13915
-0.8202
-0.72631
-0.37094
-0.96033
-0.0064143
-0.35438
-0.31581
-0.50019
-1.2247
-0.46546
1.461
2.4992
0.90962
0.29793
-1.1471
-1.1581
-0.64229
0.26205
1.1882
2.1452
0.98962
1.0491
1.7404
0.99822
0.15974
-0.75887
-0.00037462
0.4391
0.042512
0.29597
-0.35663
-0.71484
0.036671
-0.59256
-0.093214
-0.36174
-0.68007
-0.7253
-0.5708
-0.39457
1.0708
2.3394
1.3203
0.51933
-0.029326
-0.17076
-0.45098
-0.18055
1.0581
2.0675
1.6892
1.4948
1.0761
0.89895
0.5022
-1.0074
-0.88323
-0.49401
-0.098252
0.56575
-0.061185
0.22721
0.17395
-0.49433
-0.24872
-0.33687
-0.27453
-0.75442
-0.77021
-0.69259
-0.1543
1.4256
0.053025
-0.75048
-1.1893
-1.175
-0.71189
-0.19955
0.53143
0.95284
1.2966
0.9917
1.0043
0.62029
0.2456
-0.24054
-0.71523
-0.21437
-0.57611
0.53819
-0.10628
0.071631
-0.22377
-0.056189
0.17087
-0.82172
-0.33956
-0.9279
-0.96772
-1.0287
-0.73473
1.9404
1.7254
1.1202
0.10665
-0.23196
-0.017318
0.47037
0.38206
0.55655
1.3229
1.3368
1.8293
1.0228
0.19516
-0.30442
-0.87325
-1.6706
-0.35751
-0.14539
0.22613
-0.31453
-0.087205
-0.29464
-0.71019
-0.86978
-0.15374
-0.7609
-0.37432
-1.4296
-0.067022
1.4615
1.9875
0.89079
-0.16093
-0.27392
-0.82821
-0.35902
-0.096802
0.75718
1.7298
1.551
0.91944
0.45427
0.67662
0.20279
-1.18
-1.1051
0.35526
-0.49204
0.33273
-0.15199
-0.33943
-0.29279
-0.15735
-0.45808
-0.66331
-0.4005
-0.62071
-0.83182
-0.76515
0.29298
2.6124
1.4019
0.42115
0.36861
-0.71091
-1.1054
-0.54627
-0.29591
1.794
1.7379
1.2947
0.92091
1.0471
0.080653
0.11638
-1.2078
-0.24483
-0.30292
0.2944
-0.50802
-0.43786
-0.39529
0.22123
-0.051699
-0.082215
-0.23078
-1.248
-0.97338
-0.7215
-0.70802
-0.36558
-0.4453
-1.2721
-1.8277
-1.0683
-1.7391
-1.573
-1.0713
-0.62523
1.8622
1.6352
1.0652
0.35153
0.33251
-0.22053
-1.1207
-0.94072
0.080812
-0.19483
-0.12307
0.30701
0.12074
-0.3355
-0.45217
0.045949
-0.46261
-0.2746
-0.71352
-0.80394
-0.59507
2.027
2.6385
1.3829
0.51454
-0.65229
-0.86087
-0.37475
-0.21575
1.0174
2.522
1.6507
1.069
0.42318
0.26826
-0.33688
-0.62405
-0.68902
0.13935
-0.047103
0.96995
0.068011
0.38957
-0.43958
-0.36115
-0.062679
0.010287
-1.125
-0.9495
-1.03
-0.45969
0.20914
1.5961
0.89904
-0.13779
-0.52907
-1.1735
-0.80565
-0.42097
-0.18519
0.81779
2.1599
1.4149
1.0189
0.83601
-0.3009
-0.46294
-1.7624
0.044512
0.2691
-0.1476
-0.15709
-0.25247
-0.58617
-1.4287
-0.55887
-0.5382
-0.94534
-0.68515
-1.246
-1.3397
-1.301
-0.91981
-0.20997
-0.81937
-2.2993
-1.8539
-2.037
-1.5688
-1.6571
-1.2267
0.086119
1.1363
1.3595
0.79413
1.195
0.53707
-0.30551
-1.103
-0.99599
-0.45097
0.37738
-0.082366
-1.0693
-0.5875
-0.62242
-0.87686
-1.4227
-0.6274
-1.7032
-0.84411
-0.1338
-1.0132
1.3704
1.5571
-0.52975
-0.82018
-0.63411
-0.41575
-0.24801
-0.341
-0.047083
1.8205
1.7801
1.5666
0.92301
0.7133
-0.11222
-0.92532
-1.43
-0.32477
-0.14625
-0.17561
-0.80067
-0.9303
-0.76677
-0.49914
-0.56568
-1.513
-1.2975
-1.3257
-1.0066
-1.1962
0.62224
2.4929
1.6496
0.2717
-0.57171
-0.6941
-0.90999
-0.96911
-1.0728
0.77413
1.7081
1.5819
1.2951
1.002
-0.3229
-0.22852
-1.2033
-0.12119
-0.019085
-0.2136
0.495
-0.1464
-0.064889
0.099168
0.54271
-0.5357
-0.32367
-0.72971
-0.94432
-1.1386
-0.89627
1.6646
2.0447
0.73859
-0.7144
-1.0098
-1.5946
-0.95216
-1.4848
0.054594
1.6885
2.5006
2.1427
1.4682
0.49157
0.27144
-1.0577
-0.75786
-0.25364
0.0098753
0.6577
0.59089
0.18971
0.064144
-0.58793
-0.64295
-0.53435
-0.74766
-0.59137
-0.22509
-0.23489
1.5377
2.3317
1.2743
-0.21346
-0.75289
-1.7356
-0.93586
-1.1168
1.6101
2.3156
1.6039
1.5409
0.93372
0.8133
0.29513
-1.2388
-1.944
0.34495
-0.046169
0.55402
0.41215
-0.69216
-0.67068
-0.46677
0.2406
-0.0013642
-0.076413
-0.57308
-0.5352
-0.90409
0.21071
2.0861
1.4407
0.43669
-0.36885
-0.81073
-0.78561
-0.68299
-0.79734
1.1601
2.153
0.92922
1.0292
0.49111
0.71261
0.11009
-0.70566
0.33818
0.18828
0.54123
0.7248
0.20443
-0.54439
-0.29886
-0.74499
-0.25685
-0.60368
-1.3168
-1.2695
-1.611
-1.2109
1.0724
2.4092
1.1306
0.063654
-0.048761
-0.42128
-0.75544
-0.18089
1.3776
1.4461
1.5464
1.1208
0.4089
0.4593
-0.33252
-1.493
-0.92495
-0.43139
-0.30286
-0.14431
-0.65857
-1.1082
-0.66118
-0.97517
-1.254
-1.4142
-1.346
-1.4062
-1.4044
-1.9506
-0.552
0.22985
0.19036
-1.1828
-1.3823
-0.98916
-0.65142
-1.0713
-0.53466
-0.45647
1.6678
1.0951
0.84546
0.13613
-0.54368
-0.42577
-1.0443
-0.63824
-0.1788
-0.37137
-0.32927
-1.1945
-0.73431
-0.35752
-0.24169
0.29017
-0.11349
0.086181
-0.28939
-1.0158
-0.74154
0.97694
1.8225
1.0815
-0.78176
-0.22782
-1.166
-0.33342
-1.468
-0.32324
0.70138
1.8936
1.1275
0.39212
0.47125
0.02717
-0.47971
-1.5263
-0.65417
-0.38374
-0.31632
-0.62746
-0.491
-0.99617
-0.63419
-0.37308
-0.24727
-1.1596
-0.82365
-0.65995
-0.38662
0.86861
2.3018
1.4558
-0.11546
-0.11697
-0.45702
-0.82509
-0.43189
0.40977
1.5614
1.5381
1.2345
0.76037
0.82084
0.69092
-0.23525
-1.428
-0.76922
-0.90458
0.050687
-0.69243
-0.83626
-0.63614
-1.2271
-0.5241
-0.67597
-1.4344
-1.3278
-0.83088
-1.3455
-1.411
1.6931
1.7091
0.61974
-0.19742
-0.88933
-1.3786
-1.0875
-0.44961
0.46526
1.2607
0.5335
0.81964
0.75532
0.39858
0.075339
-1.33
-0.29817
-0.35901
-0.13962
-0.12548
-0.44675
-0.90633
-0.88538
-0.87728
-0.37868
-0.61963
-0.99419
-0.76736
-0.54061
-0.26413
0.18726
2.0498
1.4474
-0.21718
-0.79289
-1.021
-0.46795
-0.42502
-0.09083
2.2289
1.7056
1.0792
1.4902
1.0786
1.4172
0.39339
-0.81727
-0.040774
0.081758
0.11125
0.023416
-0.13662
0.15925
-0.36477
-0.27971
-0.64065
-0.46887
-0.76991
-0.36821
-1.1476
-0.79244
1.1259
2.2512
0.74308
-1.0037
-0.90177
-1.0455
-0.28574
-0.23882
1.0975
1.5955
1.6401
1.7404
1.1956
1.0534
0.57267
-0.54701
0.0023186
0.04817
0.1353
0.032561
-0.06014
0.047111
-0.6538
-0.48816
-0.45551
-0.67278
-1.5145
-1.1018
-1.0173
-1.0789
-1.2708
1.1586
1.9392
0.25893
-0.2937
-0.46009
-0.59271
-0.082507
-0.15225
0.99375
1.8976
1.0406
0.58821
0.063371
-0.27973
-0.34826
-1.0431
-0.52327
0.080087
0.34167
0.35034
-0.29132
-1.1084
-0.61546
-0.61898
-0.39667
-0.88121
-1.0529
-0.46271
-0.45485
-1.0242
1.4192
2.2291
0.72788
-0.72295
-0.59611
-1.2206
-0.69887
-0.27259
-1.3783
1.4198
1.6235
1.2875
0.43145
0.46303
-0.1995
-0.51139
-1.6006
-0.22527
-0.23481
0.064112
-0.23285
-0.64268
-0.6951
-0.84031
-0.088289
-0.31102
-0.52707
-0.11992
-0.99429
-0.64521
-0.47839
1.8868
1.7965
0.66723
-0.09091
-0.12919
-0.73989
-0.48025
0.0028129
-0.9159
1.0325
1.0903
1.0928
-0.18436
0.36263
-0.3563
-0.89975
-1.1931
-0.76458
-0.98244
-0.11799
-0.57402
-0.3867
-1.3996
-1.0041
-1.0609
-1.0725
-1.0427
-1.6058
-0.53964
-0.801
-0.80943
-0.3454
-0.16063
-0.88725
-1.1163
-0.99437
-1.4526
-0.82223
-1.2238
0.041667
1.2545
1.1247
0.92809
0.041637
-0.55982
-0.68803
-1.075
-1.1983
-0.64043
-0.012826
-0.13573
-0.73571
-0.72172
-0.39619
-0.27858
0.29077
-0.38405
-0.68937
-0.94762
-0.58005
-1.1192
0.74709
2.0976
1.1519
-0.58496
-1.5817
-1.1677
-0.76189
-0.7167
-0.8564
0.18331
1.7067
0.46774
0.31629
0.53619
-0.30411
-0.9812
-1.46
-0.41071
-0.43168
0.077915
0.0496
-0.57851
-0.59237
-0.72749
-0.63435
-0.30043
-0.81085
-0.71744
-0.7916
-0.48039
-0.61224
1.4758
2.7483
0.51872
-0.87492
-0.87368
-1.3079
-0.79307
-0.7015
-0.0010022
0.22356
1.9853
1.4053
0.91028
0.52664
-0.32739
-0.70919
-1.7125
-0.49096
-0.27139
-0.27403
-0.30742
-0.20563
-0.2511
-0.63436
-0.61939
-0.54168
-0.76084
-0.87677
-1.0401
-1.2807
-1.3211
-0.050928
-0.69042
-0.63043
-1.6854
-1.226
-1.0176
-0.4742
-0.68875
0.12335
1.236
1.5265
1.4696
0.59323
0.42713
-0.36775
-1.1911
-1.7777
-0.38475
0.053193
0.36095
0.034072
-0.42727
-0.37882
-0.72546
-0.78111
-0.81013
-1.1737
-0.9409
-0.77613
-0.7175
-0.85772
2.1318
1.8013
-0.43157
-0.95083
-0.71243
-1.5738
-0.50649
-0.58342
0.45127
2.0872
1.4226
1.1532
0.38049
0.57087
-0.24355
-1.3338
-0.87935
0.27151
0.23474
-0.41293
-0.61199
-0.79479
-0.60675
-0.70415
-0.67586
-1.0167
-0.49537
-0.38849
-1.1432
-0.75669
0.89155
3.5573
1.8168
0.54217
-0.93069
-1.1111
-0.70434
-0.31267
-1.0576
0.44023
1.8335
0.79689
1.4087
0.17174
-0.33409
-0.5911
-1.882
-0.5329
-0.076425
0.41076
0.1747
0.40969
-0.19558
-0.41678
-0.78684
-0.7186
-0.58627
-1.0424
-0.6507
-1.4379
-1.0546
-0.19317
-0.18812
-1.2545
-1.7193
-1.4462
-1.5146
-1.8402
-1.9675
-1.4807
-0.30843
0.99538
0.85606
-0.007468
-0.26461
-0.34289
-1.2827
-1.0225
0.16548
0.021752
-0.083089
-0.042732
-0.40433
-0.0042086
-0.64123
-0.52693
-0.76385
-0.78987
-0.60023
-1.4648
-0.73218
-1.0229
0.27333
0.0068315
-0.55477
-1.0906
-1.7442
-1.4131
-0.98551
-1.6357
-1.3511
0.48302
1.3042
0.73298
0.14724
0.20275
-0.54913
-1.5488
-1.2872
-0.7061
-0.38552
-0.39448
-0.032928
0.072068
-0.19719
-0.49831
-0.47438
-0.71317
-0.75017
-1.0311
-0.93617
-1.3437
-0.65932
2.9505
1.7451
0.143
-0.69839
-0.57068
-1.1822
-0.69077
-0.64776
1.0359
1.7965
1.8751
1.1089
0.46421
0.48048
-0.6308
-1.2741
-1.0796
0.26063
-0.12372
-0.34909
-1.3985
-0.25626
-0.94866
-0.93363
-0.44059
-0.49657
-0.72504
-0.22023
-0.7322
-0.88139
-0.42147
0.0024084
-0.75807
-1.3186
-1.6888
-1.0833
-1.0748
-1.9356
-1.826
-0.74108
0.24246
1.1866
0.42672
0.30224
0.56264
-0.33183
-0.93282
-1.2123
-0.2971
0.10659
-0.1014
-0.23947
-0.36908
-1.0612
-1.3218
-1.0536
-1.4135
-1.1964
-1.5718
-1.624
-1.7284
-1.8319
2.2282
1.6216
-0.37299
-1.1768
-0.87192
-1.248
-1.4241
-0.9058
-0.35013
1.1624
0.94411
0.94628
0.91905
-0.088394
-0.92008
-1.3959
-0.2871
0.16362
0.044114
-0.031909
0.23879
-0.18152
-0.8859
-0.28371
-0.49788
-0.23384
-0.94764
-0.99619
-0.32377
-0.64573
0.91628
1.7949
1.0436
-0.37507
-0.15312
-1.005
-0.78568
-0.70775
-0.75831
-0.79801
0.9127
0.88096
0.33658
-0.13604
-0.2723
-0.63763
-1.6341
-1.1296
-0.2217
-0.079295
0.35604
-0.24673
-0.4576
-0.57489
-0.36085
-0.85297
-1.467
-0.78685
-1.05
-0.67844
-0.53924
1.2217
3.1928
1.676
-0.080434
-0.42705
-1.035
-1.2337
-0.91868
-0.11606
1.2927
1.7563
0.89573
-0.13532
0.28419
-0.67583
-1.4617
-1.7618
-0.29187
-0.3544
-0.13179
-0.45782
-0.56454
-0.76266
-0.69961
-1.4687
-1.2527
-1.3576
-0.25273
-0.67954
-0.92435
-0.2974
0.92842
2.4146
1.1463
-0.17231
-0.76047
-0.65127
-1.1982
-1.0842
-0.70272
-0.40405
1.0701
1.3016
0.68405
0.18817
-0.11381
-0.70075
-1.3968
-0.56819
-0.67496
1.2937
1.221
1.3589
0.56517
0.88532
0.95779
0.43546
-1.6759
-1.2241
-1.1638
-1.0835
-0.64689
-0.13465
-0.36606
0.96009
0.99513
0.92808
0.52722
0.45074
0.4283
-0.11337
1.0078
0.50719
0.20162
1.0624
0.51763
-0.90784
-0.76684
-1.2751
-1.9721
-2.0526
-0.55209
-0.16287
0.39379
0.14632
1.565
0.38216
0.70027
0.3766
0.26527
0.28717
0.81651
0.53273
0.50125
0.79456
0.052083
-1.1239
-1.3373
-0.80922
-1.3094
-0.93528
-1.3657
-0.29612
0.59497
1.6536
0.64225
0.96042
0.38549
0.41699
-0.34811
0.97358
0.83904
0.21503
0.36228
1.1097
-0.77875
-0.53878
-1.1556
-1.2728
-0.84683
-1.7549
-0.83258
-0.17065
0.46177
1.367
0.60368
0.80149
0.60083
1.5523
0.78979
0.56646
-0.35276
-0.11963
0.86806
-0.95167
-1.4348
-1.5902
-1.2797
-0.94054
-0.60355
-1.0257
-1.1355
0.44304
1.825
0.26674
0.26661
0.66606
0.54905
0.37984
0.96922
0.17045
0.51658
1.3252
1.0677
-0.82182
-1.6792
-1.2143
-1.2171
-0.8259
-1.6351
-0.46198
0.47153
0.17604
1.6063
1.2309
0.57015
0.15865
-0.45069
0.40614
0.080161
1.6514
0.75134
0.51304
-1.6903
-1.5801
-2.1087
-0.73066
-0.55353
-0.88114
-0.66655
0.57978
0.26567
1.6836
0.80573
0.31982
0.38175
0.47065
1.242
1.1516
0.97387
0.24112
0.20778
-0.13034
-1.2434
-1.0791
-1.4853
-2.2633
-0.65733
-0.77954
-0.48459
-0.10097
1.4719
1.294
0.67768
0.086471
0.17782
0.98016
0.81795
0.26687
0.55204
0.14343
0.040819
-1.7924
-1.0012
-1.2897
-1.1074
-1.067
-0.24051
-0.62589
0.27301
0.64095
0.88194
1.1066
0.59892
0.96933
-0.12852
1.0726
1.1082
0.85315
-0.091847
0.94863
-1.3116
-2.1236
-1.4673
-1.2669
-1.082
-0.11479
-0.18854
-0.10266
0.70481
1.7846
0.70473
0.97447
1.1132
0.69347
-0.057324
0.081932
-0.29557
0.35508
0.6642
-1.0503
-1.1478
-1.5921
-1.4662
-1.4138
-1.6949
-0.45434
0.1805
-0.20468
0.82457
1.3855
0.75465
0.41059
0.068966
0.75154
0.60248
0.48485
0.42513
0.86032
-0.13163
-1.5423
-1.3265
-1.0612
-0.97166
-1.1485
-0.45569
-0.048755
0.29998
1.9149
0.2158
0.35287
0.62103
0.22212
0.15035
0.8854
0.58604
0.88276
0.57722
0.1049
-1.7109
-1.2216
-0.75034
-1.0771
-1.1671
-0.86973
-0.27591
0.52059
1.2227
1.4353
0.28735
0.56232
0.26744
1.0811
1.0767
0.7057
0.92287
0.44452
0.25525
-1.6716
-2.057
-0.92434
-1.4897
-1.1065
-0.98543
-0.076034
-0.24793
0.35809
1.7557
1.5288
0.51358
0.13506
1.1227
0.85409
1.4362
0.66325
0.9053
-0.59307
-1.4767
-1.6618
-1.3085
-1.492
-1.0484
-1.1874
-0.38905
0.18302
0.96257
1.2923
-0.032747
0.4562
0.53719
-0.026754
1.0287
0.4898
1.0149
1.0341
1.5144
-1.2381
-0.93807
-1.1776
-0.60153
-1.3164
-1.674
-1.4573
0.045926
0.68273
1.0722
-0.25907
-0.04162
0.1478
0.20007
0.97845
0.45824
-0.085751
1.1071
1.1229
-1.513
-2.2688
-0.85279
-1.533
-1.4243
-0.75861
-0.12121
-0.25071
-0.28648
1.6232
0.9681
0.63047
1.3209
0.62046
0.34599
0.41296
1.3077
0.8103
1.0044
0.61446
-0.4874
-0.94727
-1.6305
-1.9192
-1.4037
-0.432
-0.86102
0.95276
0.54847
-0.32498
1.2715
0.7752
0.63334
0.31672
0.48429
1.4505
1.3713
0.73241
0.6506
-0.83714
-2.2706
-0.96197
-1.3805
-1.2374
-0.31078
-0.49548
-0.14858
0.50217
1.901
0.6621
0.44652
0.80131
0.3205
0.098586
0.97666
0.71721
0.21652
0.95017
0.019504
-1.9252
-1.2774
-0.79978
-0.63262
-1.0955
-1.2845
0.063075
0.55057
1.4025
0.1743
0.68368
1.1058
0.25966
0.39537
1.0291
0.11409
1.1274
-0.059444
-0.041742
-2.0052
-1.2711
-1.7986
-1.5377
-0.9947
-0.91557
-0.6979
-0.113
1.9394
1.0045
0.65315
1.4692
1.0788
0.57418
0.67931
0.45671
0.29237
1.3943
0.1752
-1.2244
-0.68866
-0.95081
-1.7847
-0.58422
-0.26351
-0.44022
0.29289
1.8482
1.615
0.34356
1.8209
0.87469
0.3103
0.59301
1.5828
1.1883
1.3654
0.94901
-0.71306
-1.5702
-1.3686
-1.2722
-0.71239
-1.2282
-0.8724
0.16093
0.1605
1.3468
1.4151
0.050668
0.12332
1.1559
0.69223
1.1195
0.40467
0.7262
0.62794
-0.090297
-1.4406
-1.522
-1.7884
-1.5307
-0.51557
0.12258
0.26281
1.2843
1.9377
0.62222
0.22872
0.55331
1.5192
0.59483
0.71312
0.55424
1.3764
0.56071
0.36631
-1.7152
-1.3288
-1.2142
-1.6546
-1.0424
-0.52897
-0.24403
-0.18931
0.49035
1.3307
0.55545
1.1451
0.721
0.18155
0.35574
0.78356
0.58108
0.42197
1.0602
-0.19524
-1.557
-1.0513
-0.95007
-0.45023
-0.84082
-0.27255
0.72051
0.96474
1.993
0.77862
0.94355
0.69216
-0.030198
0.45266
0.025822
0.3409
0.47244
1.2765
0.96609
0.17193
-1.0325
-1.6898
-1.1268
-0.8792
-0.7116
0.59421
0.83897
1.3492
0.27471
1.1602
1.2937
-0.080825
-0.005571
0.48741
0.023313
0.2752
0.99497
0.097056
-1.1017
-1.6773
-0.79074
-0.26083
-0.64235
-1.1087
0.24431
0.98511
1.6848
1.4377
0.70436
0.82246
0.030734
0.72991
0.74695
0.43482
1.1021
0.68401
0.24921
-0.93142
-1.2394
-1.5759
-1.3606
-1.3138
0.055936
0.13271
0.71039
1.3089
1.0886
0.92661
1.0219
0.59075
0.66169
0.40861
1.0308
0.36881
-0.66311
0.72487
-0.33987
-0.54024
-0.69217
-0.5331
-0.69593
-1.1678
-0.022709
0.50844
1.3239
0.78669
0.98832
0.30878
0.88708
0.24629
0.71874
0.29966
-0.22827
-0.20747
0.57816
-1.2856
-0.78986
-1.0716
-1.3206
-1.1274
-0.74698
-0.41219
0.88573
0.92907
2.2664
0.57494
-0.094779
0.70518
0.21792
0.087549
0.69584
0.75952
0.42687
0.93237
-0.43292
-1.6015
-1.7079
-1.5588
-1.5515
-0.74922
-0.67073
0.45644
0.31207
1.9929
0.77461
0.57156
0.85338
0.65185
0.98218
-0.1586
0.061702
1.1186
0.38696
0.097783
-1.581
-1.0726
-1.5055
-1.2872
-0.62289
-0.49621
-0.12406
0.1175
1.9046
2.2558
0.38376
0.78436
1.3396
1.1489
0.69238
1.4802
0.70882
0.51057
0.41215
-0.54994
-1.7572
-1.6345
-1.1155
-1.1905
-0.98144
-0.43139
1.0807
0.61688
1.7378
0.092029
0.61408
0.34752
1.1508
-0.079133
0.96759
0.90816
1.1336
1.7311
-0.042903
-0.68035
-1.6943
-1.7346
-1.4117
-1.5218
-1.0346
-0.38564
1.1037
1.2955
1.4065
0.0019179
0.68814
0.85131
1.2932
0.21108
0.96598
1.1798
0.12261
0.46089
-1.7867
-1.662
-1.7811
-1.1694
-1.1982
-1.2027
0.57261
0.35308
1.7948
1.0948
0.80671
0.31146
0.0087552
0.0056518
0.66151
0.59001
0.32011
0.27794
0.43881
-1.418
-1.4698
-2.015
-1.684
-0.59054
-0.56497
-0.40293
-0.14183
1.1631
1.5795
0.87788
0.75011
0.012263
0.79476
0.58378
0.8106
0.47869
0.31696
0.83972
-0.95119
-0.63946
-2.0397
-1.1707
-0.35933
-0.44823
-0.036051
0.38135
1.9913
1.5756
0.58499
1.1975
1.5225
0.87249
1.2589
0.88031
-0.42644
-0.13226
0.51383
-0.86325
-1.2493
-1.552
-1.2333
-0.89856
-0.76943
0.12637
0.7959
0.93677
2.0532
1.113
1.1659
0.82185
1.5463
0.36929
0.12329
0.50419
0.31168
0.47003
-1.0493
-1.5503
-1.2743
-1.1109
-1.7256
-1.7403
-0.53655
0.37043
0.26856
1.4163
0.88319
0.30604
1.1487
1.1541
0.96605
0.57239
1.2461
0.31026
0.83505
-0.055524
-1.0936
-1.6473
-1.8321
-1.0243
-0.56244
0.51583
-0.18878
0.10996
1.0461
1.8408
1.2685
0.84955
0.75868
0.50205
0.8653
1.0054
0.98042
0.16018
0.4015
-0.15025
-0.62075
-1.6912
-1.1335
-1.4652
-1.5953
-0.97062
-0.14193
0.57123
1.2055
0.64693
0.61748
0.024207
0.33332
0.35658
0.50581
0.82294
0.37998
-0.092435
-0.58079
-1.683
-1.6246
-1.0811
-0.44028
0.070676
-1.1082
-1.2383
-0.082852
-0.021162
0.48977
0.39851
0.90377
0.86573
0.4494
0.99541
0.46975
1.1743
0.21969
0.097354
-0.64042
-1.0923
-1.519
-1.986
-1.3917
-0.71611
-0.70978
0.095589
0.77584
0.77113
0.95346
0.62907
1.1198
0.73824
0.084937
0.44694
0.33533
0.80736
0.77891
-0.54467
-1.3048
-1.5096
-1.1393
-1.2375
-0.31127
-0.67836
0.74989
0.89652
1.8545
1.1813
1.0967
1.2316
0.5024
0.069804
0.13421
0.26581
1.1633
0.38046
-0.34237
-1.7038
-1.3106
-0.32957
-1.2332
-0.92489
-0.36303
-0.024493
1.0188
2.0881
1.0029
0.67514
0.68669
0.086822
0.67516
0.4503
0.55848
1.4567
0.34627
-0.5159
-1.2823
-0.96171
-1.5809
-1.568
-0.11932
-0.37336
-0.43436
-1.3902
-0.3315
0.6803
-0.27942
0.56485
0.24614
0.28537
0.67502
1.1636
0.57627
0.98422
0.12349
-0.87054
-1.4714
-1.2599
-0.46823
-1.6754
-1.1311
-0.76363
-0.63092
0.8992
1.1411
0.71934
-0.046964
0.80653
0.96515
0.49871
-0.23645
-0.17879
0.47671
0.91065
-0.74672
-1.5002
-0.98273
-1.3209
-1.9237
-1.3751
0.32613
0.14697
0.42842
1.0769
1.7918
0.16003
-0.91135
0.20167
0.65157
0.93693
1.3417
-0.20585
0.64111
-1.4065
-1.547
-1.837
-1.1853
-1.1829
-1.3619
-0.65584
-0.93908
-1.2958
-0.86619
1.275
1.0457
0.76911
0.6487
-1.0761
-1.6494
-1.1164
-0.43898
-0.11081
-0.2767
-1.0215
-1.8102
-2.7442
-3.0474
-1.7274
-1.7093
-1.3086
-0.41271
0.53425
-0.46426
-0.95341
-0.66017
-0.11102
-0.90689
0.7481
-0.42108
-1.6738
-2.2096
0.27862
0.0097226
-1.6294
-1.6541
-1.5467
-3.2878
-2.0722
-0.89155
-1.4617
-0.097934
1.5455
