1.9345
1.838
2.0245
1.8343
2.0124
1.7471
1.6749
1.834
2.3955
2.1593
1.6511
1.2371
1.1025
0.88203
0.7015
0.21306
-0.1658
0.62184
0.2237
0.31079
0.15804
-0.66803
0.21671
-0.89497
-0.41823
-0.68762
-0.51202
-0.61745
-0.28794
0.24021
0.34382
0.041495
0.029806
-0.12139
-0.47919
-0.44036
-0.59023
-0.16699
0.36358
0.69343
0.33289
0.57979
0.90598
0.46713
1.3725
1.6892
1.363
1.14
1.2697
0.70245
1.1024
1.5368
1.0291
1.0727
0.82454
0.75227
-0.32968
0.1244
-0.18491
-0.27927
-0.23501
-0.63607
-0.88938
-0.32682
-0.27713
-0.19605
-0.094122
-0.091998
-0.4842
-0.64582
-0.34394
-0.12917
-0.45056
0.044093
-0.4124
-0.6773
-0.80069
-0.18729
-0.33114
1.6336
1.508
1.7636
1.5903
1.5701
1.4164
1.4444
1.5366
1.4343
1.0298
0.78421
1.222
1.0963
0.73198
0.57476
0.25919
0.93131
0.87881
0.013975
-0.20193
-0.5909
-0.46096
-0.52514
-0.38053
-0.74712
-0.44101
-0.55071
-0.48076
-1.1134
-0.71923
-1.0563
-0.63097
-0.59233
-0.54766
-0.27715
-0.42956
-0.46556
-0.48716
-0.14735
-0.24394
0.2608
1.8635
2.2049
2.3468
2.3654
2.2337
2.233
1.9409
2.1304
1.5694
1.1039
1.5371
0.86043
1.104
0.79814
0.9951
1.4926
1.1194
1.2225
0.23816
-0.21004
0.43295
0.23108
-0.089171
0.24328
-0.048661
0.010842
-0.17266
-0.55178
-0.9191
-0.65663
-1.1904
-0.81117
-0.6613
-0.36202
-0.72993
-0.54314
-0.42075
-0.77319
-1.3495
-0.95545
-0.93095
0.53297
0.85083
0.96326
1.5434
1.7124
1.4878
1.303
1.2433
1.4233
1.4638
1.1406
1.4185
1.2238
0.93779
1.4284
1.4061
1.4004
0.78352
0.28434
-0.075554
0.3311
0.092396
-0.061468
-1.8811
-1.7522
-1.4077
-1.0676
-1.2647
-0.75821
-1.3228
-1.968
-1.469
-1.3215
-1.3792
-1.3008
-1.3229
-1.9168
-1.5554
-1.6986
-1.1766
-0.96819
0.66871
1.1593
1.3643
1.1476
1.3141
1.2486
1.0475
0.50432
1.0372
0.87432
0.53104
1.1841
0.92161
0.89835
1.0125
0.82145
0.75633
1.0125
0.50761
0.62141
0.25904
0.20024
0.25681
-0.066319
-0.0086015
-0.42632
-0.1391
-0.6704
-0.51533
-0.80273
-1.0538
-0.85883
-0.75015
-0.83143
-0.89398
-1.0118
-0.5947
-0.60733
-0.83595
-0.70027
-0.46723
1.0315
1.8571
1.6769
2.4297
2.0673
2.5009
2.0583
1.5279
1.543
1.5264
1.5609
1.5231
1.3486
0.95173
0.90749
1.1927
0.80558
0.52138
-0.15637
-0.36439
-0.021867
-0.012677
-0.14075
0.11984
0.75607
0.60705
0.17001
-0.13725
0.10981
0.28452
-0.2977
-0.33667
0.11572
0.081383
0.2161
-0.29358
-1.536
-1.2126
-0.96692
-1.3755
-0.37091
0.058378
1.0128
0.78721
0.83255
0.99658
1.1476
1.2756
1.5307
1.0809
1.0199
0.20835
0.28968
-0.18347
0.09871
0.29746
-0.26328
0.47719
0.020335
-0.64103
-0.60336
-0.86717
-0.40397
-0.95751
-1.0888
-0.96699
-1.0002
-1.069
-1.192
-0.66402
-1.1571
-1.0514
-1.3504
-1.5047
-1.3135
-1.0171
-0.84487
-1.6281
-1.0836
-1.9556
-1.4615
0.29946
1.0524
1.4368
1.1052
1.1851
1.022
1.3189
0.68849
1.1631
0.79885
1.0703
0.76829
0.92008
0.99435
1.4923
0.89828
1.0914
0.81471
0.58596
-0.80048
-0.18202
0.063761
-0.48511
-0.39802
-1.1688
-0.54155
-0.12842
-0.81226
-0.39947
-0.19088
-0.30465
-0.41579
-1.0488
-1.0814
-0.96484
-0.87669
-0.090328
-0.66579
-0.94583
-0.62176
-0.066044
1.9833
1.0487
0.7172
1.2036
1.0158
1.1709
0.41567
1.1317
1.1407
0.85975
1.1927
0.95552
0.9931
1.3897
1.0439
0.45143
0.56135
0.40726
-0.18292
-0.089981
0.0073975
-0.66408
-0.20742
-0.25866
-0.33769
-1.0256
-0.98288
-1.2838
-1.032
-1.1394
-1.7068
-1.6117
-1.5839
-1.2236
-0.8219
-1.1179
-1.1728
-0.93276
-0.66197
-0.79663
-0.97181
0.38514
1.5055
1.4485
1.0127
1.4506
1.4113
1.3025
0.21873
0.49699
0.29356
0.31988
-0.07
0.14666
0.52554
0.51489
0.44613
0.3415
0.39141
-0.34443
-0.55747
-0.15329
-0.36975
-0.24312
-0.41716
-0.86844
-0.22987
-1.2472
-1.3781
-0.96174
-0.35601
-1.3538
-1.0859
-1.0316
-1.6705
-0.98426
-1.3081
-1.1343
-1.2338
-1.1917
-0.802
-0.53817
0.70219
0.77051
1.153
1.021
1.1008
1.0244
0.98987
1.2501
0.70044
0.55066
1.1224
0.75213
0.81687
-0.2322
0.22432
-0.29152
-0.57581
-0.6737
-0.58501
-0.69631
-0.55168
-0.33509
-0.59854
-0.70716
-0.67052
-0.44626
-0.29827
-0.61208
-1.0682
-0.46967
-0.99559
-0.92141
-1.1503
-1.4266
-0.33872
-1.1624
-0.83204
-1.5081
-0.81629
-1.8595
-0.40064
0.14948
1.2595
1.553
1.3735
1.8711
2.0656
1.6473
1.5684
1.1478
1.4163
1.249
1.1124
1.0341
1.1569
0.54112
0.58636
0.16693
-0.036102
-0.58887
-0.53236
-0.89299
-0.69435
-1.3815
-0.5283
-0.90143
-0.73103
-0.61721
-0.68605
-0.60636
-0.40818
-0.58703
-0.66343
-0.63465
-0.85415
-1.4469
-0.95302
-1.4773
-0.94181
-1.2419
-0.82453
0.94162
0.87251
0.70129
0.65758
1.1576
0.44812
1.4749
1.4163
1.5677
1.5345
1.7752
1.6762
1.6755
1.6283
1.144
1.3786
0.64359
0.75817
-0.1848
-0.43114
-0.11399
-0.84856
-0.48116
-0.43038
-0.14744
-0.35001
-1.1124
-0.72885
-1.1272
-0.82537
-0.8844
-0.86623
-0.66127
-0.56673
-0.58855
-0.78803
-0.58058
-0.39529
-0.44244
-0.55939
-0.24039
0.96496
1.3679
1.1095
1.4015
1.4133
1.274
1.8074
1.4142
0.73886
0.20471
0.79125
-0.055681
0.99736
-0.18943
0.55423
-0.38199
-0.4579
-0.42353
-0.78222
-1.3004
-1.1458
-1.854
-2.2152
-2.1576
-1.8126
-1.6152
-1.1444
-2.2719
-2.5931
-1.9015
-1.7806
-1.3323
-1.2983
-1.9683
-1.0643
-1.7201
-1.0918
-1.3242
-1.2739
-1.1253
-1.0706
0.57663
0.77732
0.98745
0.50806
0.7383
0.88522
0.55101
1.1083
0.91046
0.40583
1.2319
1.1035
1.5451
0.98289
1.0723
0.61643
0.39129
-0.11925
-0.77582
-0.64704
-0.7698
-0.62097
0.15683
-0.66124
-0.48474
-0.95177
-0.70976
-0.80049
-0.51535
0.3844
0.39652
0.14303
-0.93156
-0.29323
-0.55113
-0.7494
-0.46703
-0.58949
-0.53086
-1.1593
-1.2315
0.26592
0.24519
0.6934
0.6929
1.028
1.0662
0.43882
0.54966
0.67084
0.8953
1.9206
2.2767
2.1524
1.3948
1.6398
1.3319
1.052
-0.11554
-0.077555
-0.14608
0.45768
-0.24411
-0.96314
-0.53319
-1.3772
-0.82429
-1.1468
-1.024
-1.7586
-1.102
-1.4053
-1.5028
-0.91138
-1.11
-0.94557
-1.0407
-0.98502
-0.54116
-1.1274
-1.0411
-0.47624
0.72768
0.7588
1.3028
1.7193
1.1305
0.5681
0.7424
0.40187
0.77518
0.14568
0.23564
0.51974
0.40494
0.30862
0.89395
0.97895
0.43569
-0.39167
-0.59291
-0.7406
-0.15466
-0.6738
-0.87517
-0.42194
-0.73954
-1.1207
-1.2294
-0.68393
-1.3999
-1.7988
-1.0266
-1.406
-1.2944
-1.3368
-1.2508
-1.3906
-2.1031
-2.0101
-1.757
-1.2698
-1.6326
0.077966
-0.10941
0.49898
0.79176
1.0435
1.7796
1.3592
0.96405
1.162
1.5166
1.2098
-0.12198
0.13295
0.50003
0.31069
0.20447
0.044063
-0.337
-0.4393
-0.4204
-0.26835
-0.26511
-1.1289
-0.86637
-0.68171
-1.1554
-0.014177
-0.23115
0.31743
-0.073844
-0.015409
-0.57502
-0.39831
-0.55532
-0.16096
-1.1386
-0.87436
-1.2258
-1.2156
-1.0707
-1.0111
0.99185
0.9752
1.1857
1.1708
0.89654
0.52272
0.61336
1.1166
0.48671
0.71406
0.78237
1.0067
1.0757
1.1116
0.44611
0.50782
0.97592
0.2387
-0.32188
-1.2513
-0.61991
-1.1736
-0.93917
-1.0998
-1.0169
-0.56426
-0.79108
-0.77115
-1.1146
-1.208
-1.5245
-1.0951
-1.3963
-0.71411
-0.93407
-0.68087
-1.1173
-1.1426
-0.93543
-0.57373
1.1527
1.3657
0.33835
0.81074
0.45444
1.0262
0.48289
0.36106
0.6901
0.56085
0.45724
0.23956
-0.1013
-0.02722
0.31368
-0.35192
-0.24206
-0.51401
-0.99642
-0.65523
0.14287
0.083601
0.14758
-0.11847
0.13922
-0.80423
-0.62375
-0.76162
-0.96163
-1.013
-0.91569
-0.85101
-0.89452
-0.65732
-0.26983
-0.69646
-0.52237
-0.61788
-0.41827
-0.02215
-0.22737
0.38143
1.0149
1.3711
1.4751
1.6042
1.8458
1.7557
0.94264
0.22213
0.71922
0.20807
0.57752
0.23744
0.45067
1.3075
0.85732
0.73692
0.78239
0.55291
0.70184
0.5636
-0.067827
0.031041
0.25635
0.30719
0.5378
0.027078
0.40892
-1.2578
-2.0563
-1.798
-1.2063
-1.4155
-2.1255
-1.5554
-2.7319
-2.2812
-2.2685
-1.664
-1.4421
-1.4195
-0.99133
-0.17459
0.4402
0.82192
0.6896
0.46817
0.78294
0.8894
0.63891
1.094
1.2328
1.074
0.45542
0.9227
0.7842
0.66289
-0.21028
-1.0375
-0.52248
-1.291
-0.54275
-1.0882
-0.77412
-0.65436
-0.5609
-0.29301
-0.12072
-0.56129
-0.82553
-0.93361
-0.94245
-0.72483
-0.53166
-0.30493
-0.82896
-0.48051
-0.57109
-1.8595
-1.38
-1.1009
-0.67305
-0.5769
0.57494
0.10231
1.2338
1.1983
0.58775
1.0702
1.2681
1.3051
0.97492
0.75262
0.72013
0.98824
0.61931
1.1604
0.77869
0.78924
-0.23646
-0.076696
-0.19496
-0.65657
-0.54202
-0.65928
-0.66517
-1.373
-1.014
-1.0346
-1.2559
-0.86673
-1.2342
-1.364
-1.3721
-0.77206
-0.52661
-0.63319
0.19946
-0.21976
-0.24878
-0.23482
-0.24207
1.3074
1.2397
1.5076
1.6635
1.7056
1.5319
1.2691
1.2825
0.51959
0.3618
0.46915
-0.24487
0.48166
0.33027
0.63353
0.25247
0.64103
0.53015
-0.14812
-0.84237
-0.15725
-0.55217
-0.78645
-0.66654
-0.028528
-0.52241
-0.58263
-0.72301
-0.78368
-0.50785
-1.0391
-1.024
-1.3982
-1.4547
-0.9818
-1.3391
-1.0892
-0.68346
-0.18018
-0.31517
1.1139
1.9479
1.7857
2.0858
1.7324
1.7513
1.4287
1.388
1.1264
1.3547
1.447
1.7915
0.95406
1.2193
1.4594
1.3006
0.26267
0.011689
-0.14309
0.10572
0.47894
-0.30825
0.13144
0.22821
-0.037804
0.12362
-0.14669
0.27027
-0.86617
-1.0551
-1.025
-1.1559
-0.84471
-0.89981
-1.0784
-1.9819
-2.5433
-1.4787
-1.5546
-0.58063
-0.53695
-1.0167
-0.128
0.09236
0.80493
0.23225
0.49796
0.12563
0.42779
0.60766
0.40427
-0.15897
0.072589
0.56141
-0.097463
0.16966
0.093745
-0.11868
-0.1645
-0.21183
-0.6337
0.0046985
-0.68112
-0.60831
-0.90183
-1.5494
-1.467
-1.9266
-0.966
-1.0969
-1.6848
-0.99019
-0.91799
-0.80194
-0.27289
-0.15735
-0.32523
0.2
-0.70131
-0.60679
-1.0174
-0.096458
0.49141
0.79241
0.65268
1.5385
1.4382
0.86053
0.01961
0.24372
0.026988
0.72502
-0.050776
0.49109
0.46981
0.34516
0.52552
0.58081
0.25755
-0.22149
0.1098
-0.054541
0.075813
-0.50065
-0.30325
-0.30109
-0.46453
-0.72765
-1.2316
-0.33322
-0.10362
-0.29412
-1.1633
-1.3209
-0.76901
-1.0978
-0.73843
-1.1201
-0.72403
-1.2108
-0.83274
-0.69313
0.17583
0.72615
1.1793
1.5952
1.2343
1.196
1.2487
1.1252
0.96588
1.3607
1.0891
1.2985
1.694
1.7596
2.1403
1.3927
0.24721
0.47648
-0.69687
0.056769
-0.57836
-0.56398
-0.81585
-0.74884
-0.17172
-0.68719
-0.85501
-0.91988
-1.0079
-0.87755
-1.2137
-0.91023
-0.91227
-0.86214
-0.88326
-0.7
-0.015873
-0.5394
-0.67451
-0.8483
0.19075
1.3844
1.8456
1.8198
2.0386
2.1675
1.6348
1.2574
1.6728
0.94058
0.85747
0.78157
0.88935
0.4838
0.37585
0.49548
0.84969
0.30895
-0.52829
-0.3149
-0.047398
-0.0324
-0.18111
0.30057
0.7534
0.84761
-0.27905
-0.65743
-0.45797
0.061672
-0.57559
-2.4569
-2.0829
-1.9229
-2.3293
-1.4547
-2.7555
-2.2993
-1.7506
-1.4057
-1.0535
-0.7152
-0.98886
-0.35949
0.83757
1.0787
1.2996
1.2104
1.2966
0.93038
1.3318
0.81023
1.0395
0.57364
1.0245
0.50111
0.28207
0.38814
-0.28856
-0.39702
-0.75643
-0.36014
-0.16367
-0.37057
-0.36844
-0.53741
-0.70888
-0.52288
-0.83875
-0.60689
-0.73237
-0.29932
-0.60338
-0.72991
-0.30917
-0.7068
-0.75327
-0.78424
-0.75891
-0.96024
-0.69137
1.0065
1.1108
1.2708
1.5049
1.6375
1.5147
0.37982
0.96856
-0.0098693
0.8347
0.2198
0.52149
-0.036481
0.44863
0.71522
0.46016
0.35918
0.17347
-0.70073
-0.27678
-0.29197
-0.79313
-1.0451
-1.0804
-1.1887
-0.89032
-0.75082
-0.79684
-0.54389
-0.94638
-1.4235
-0.69446
-1.4555
-1.3488
-1.4022
-1.3187
-1.2422
-1.0445
0.16809
-0.28643
-0.29427
0.54093
0.85882
1.2437
1.9278
1.9611
1.8055
1.8285
1.1849
1.3675
1.2503
0.97782
0.78127
1.2296
0.94602
0.27388
0.16162
0.30366
-0.90655
-0.0095939
-0.98742
-0.77972
-0.72104
-0.46524
-0.55274
-1.036
-0.80537
-0.87308
-0.19172
-0.35215
0.51154
0.19211
-0.20212
-0.34884
-1.1352
-0.73353
-0.60503
-0.59561
-0.087894
0.030648
-1.1931
-0.27147
-0.46366
0.35557
0.43966
0.51859
0.8417
0.78216
1.2547
0.77015
1.4121
0.52899
1.0042
0.78351
1.1203
1.0429
1.0911
1.1455
0.75499
-0.075956
-0.099423
-0.072086
-0.25733
-1.3033
-0.55356
-0.98288
-1.0484
-1.3333
-1.5685
-0.94044
-0.95307
-0.85025
-0.96505
-0.56096
-0.15983
-1.1507
-1.3332
-0.76042
-0.81272
-0.7983
-1.0859
-2.5698
-2.704
-0.81044
0.033265
0.25833
0.36503
-1.4176
-0.90141
-0.55706
-0.2147
-0.39396
0.0077861
-0.81522
-0.14834
-0.18055
0.043245
0.062337
0.20625
0.3077
0.00013226
-0.078202
-0.22725
-0.31217
-0.28267
-0.68709
-0.18011
-1.2712
-0.92224
-0.52415
-0.33559
-1.0021
-1.5458
-0.4878
-1.3521
-0.91049
-1.3914
-1.5418
-1.4033
-0.61193
-0.8335
-1.0422
-0.80032
-1.2123
0.39291
1.1295
1.0628
1.3411
1.2426
1.5756
1.4226
1.7211
1.9394
1.9924
1.8996
1.092
0.53636
0.70054
0.39337
0.20698
-0.038798
-0.28384
-0.2862
-0.26254
-0.56761
-0.34085
-0.59049
-0.66744
-0.42426
-0.52749
-0.98741
-1.4519
-1.2819
-0.91691
-0.70596
-0.48744
-0.85064
-0.57436
-0.34572
-0.2519
-1.3284
-1.5815
-1.0462
-1.1055
-0.094917
0.69231
1.9642
2.2664
2.0229
2.6168
1.7704
1.4842
1.5837
1.5249
1.2064
1.6275
1.2344
1.0886
1.2117
1.0576
0.30122
0.052438
-0.42817
-0.017106
-0.76163
-1.4068
-0.77436
-0.96452
-0.36417
-0.60444
-0.24468
-0.98899
-1.112
-0.91828
-0.50768
-0.47903
-0.50089
-0.37761
-0.39788
-0.57029
-0.76573
-1.4414
-1.5454
-1.1813
-1.8587
0.78944
0.83151
1.4094
1.2762
0.25657
0.86495
0.25728
1.008
0.16515
0.84675
1.15
1.4381
1.901
1.3109
1.0012
0.96874
0.78434
0.49607
-0.18327
0.10432
0.39512
0.85548
0.47391
0.089884
-0.11156
-0.67007
-0.51894
-0.42202
-0.39297
-1.4329
-0.67984
-1.3387
-0.98246
-1.215
-0.82445
-0.6127
-0.98144
-0.4805
-0.54566
-0.75945
0.21504
1.6631
1.3977
1.922
2.263
1.8205
2.3748
1.8448
2.0596
1.2681
1.5215
1.6273
1.3637
0.45288
0.3163
0.85901
-0.019486
-0.013549
-1.1791
-0.36396
-0.40825
-0.14975
0.040997
-0.35288
-0.4897
-0.79432
-0.54645
-0.37409
-0.72396
-0.91765
-0.48725
-0.33566
-0.80512
-1.5269
-0.99704
-0.70017
-0.77099
-1.4556
-0.92341
-1.156
-1.4327
-0.054961
0.66682
1.5019
1.5009
1.741
1.6847
1.9113
1.9045
1.809
1.3088
1.254
1.4462
1.3262
1.2128
0.79317
0.61738
0.29477
-0.53459
-0.17624
-0.29946
-0.78902
-0.93632
-1.0841
-0.50849
-0.66415
-1.346
-0.67323
-0.53277
-0.77017
-0.65364
-0.30787
-0.58614
-0.74515
-0.70818
-0.4281
-0.050838
-1.5194
-2.8125
-1.4839
-2.0849
-0.88715
-0.30474
-1.1502
0.30781
-0.17844
0.41678
0.99443
0.22817
-0.18292
0.29081
0.58968
0.70279
0.76015
1.0643
0.86898
0.76255
0.48469
0.4949
0.30472
-0.17304
-0.35098
-0.62392
-1.3694
-0.57938
-1.6295
-0.41031
-0.78625
-0.63897
-1.4164
-0.84414
-1.3336
-1.0107
-1.248
-1.2113
-0.73544
-0.60297
-0.94501
-0.69925
-0.71206
-1.035
-0.57916
0.94746
0.87421
1.2917
1.3677
2.0265
1.6331
1.8054
1.1278
1.3768
1.6351
1.4752
0.46899
0.0091913
0.36985
-0.076911
0.47539
0.046699
-0.081224
-0.50984
-0.35104
-0.3236
-0.19636
0.035704
-0.88032
-0.49745
-1.2868
-1.0164
-0.94877
-0.95748
-0.54628
-0.46952
-0.46453
-1.0821
-0.6023
-0.52032
-0.26832
-1.0028
-1.2629
-1.101
-1.0675
-0.54308
0.38746
1.3382
1.335
1.4332
1.4171
2.3505
1.8195
2.5139
1.4005
1.8748
1.9675
2.3074
2.1761
2.0713
2.0398
1.123
0.80674
0.62213
0.28018
-0.25597
-0.8748
-0.58799
-0.73194
-0.26548
-0.76685
-1.1346
-1.0861
-1.178
-0.71801
-0.41998
-0.48014
-0.22695
-0.64645
-0.76262
-0.82693
-0.49431
-1.4329
-1.6177
-1.0974
-1.8571
-0.088843
0.69758
0.72893
0.2693
0.026
0.57262
0.4548
0.38031
0.45036
0.65966
0.78546
0.74933
0.49668
0.84015
0.93431
0.99291
0.33462
0.77495
0.22679
0.37626
-0.15071
-0.31523
-0.68524
-0.74098
-0.80021
-1.6158
-0.76058
-1.7228
-1.7327
-1.6058
-1.7025
-0.70901
-0.22989
0.13362
-0.72658
-0.97077
-0.56022
-0.40285
-0.39747
-0.13798
0.80617
1.5259
1.0702
1.5516
1.2537
1.43
1.3735
0.97529
1.1138
1.5243
1.6688
0.040412
0.080754
0.12518
-0.66551
0.22105
-0.35975
-0.45584
-0.31618
0.14791
-0.33898
-0.23584
-0.39287
-0.23437
-0.51387
-0.44167
-0.26005
-0.62779
-0.65995
-0.37283
-0.67607
-0.46505
-0.14159
-1.0469
-0.35477
-0.55783
-0.55401
-1.1663
-1.4048
-0.85346
-1.6292
0.29299
0.63762
0.81812
2.0156
2.1955
2.3073
0.36947
0.16206
0.77582
0.51673
0.43091
0.86679
-0.55069
0.33446
0.40816
0.50415
0.27451
-0.15069
-1.3146
-0.61583
-0.94992
-0.85359
-0.62702
-0.62163
-0.61413
-0.42924
-0.1342
-0.6576
-0.69426
-0.80661
-0.32333
-0.10178
-0.25885
-0.23336
-0.48483
-0.7616
-0.91946
-0.92459
-0.69018
-0.58167
-0.03487
0.89743
1.3648
1.0838
1.6537
1.6621
1.593
0.67991
0.74576
-0.091141
0.35317
1.5971
1.9285
1.7036
1.042
0.78759
1.3367
1.0038
0.79557
-0.040331
0.61217
0.052454
-0.17568
0.25978
-0.084616
0.25812
-0.026022
-0.83629
-0.36621
-0.16593
-0.44104
-1.1169
-0.34961
-0.61645
-1.1595
-0.80839
-0.7743
-0.7843
-0.16338
-0.57554
-1.0261
-0.31653
2.7084
2.1198
0.91726
0.38805
-0.19486
-0.0049988
0.0083591
0.44649
2.2617
1.2691
1.4703
0.67143
1.0879
0.018741
0.017787
-0.89101
0.43794
0.84485
0.8718
0.12457
0.08332
0.30234
-0.29604
-0.020344
0.221
-0.88258
-0.080035
-0.59197
-0.34059
0.28764
2.1678
2.136
0.46899
0.38843
0.026324
-0.21898
-0.49923
0.17887
1.8524
1.9072
2.0128
0.99218
0.8955
1.2684
0.78753
-0.89618
-0.21696
0.68021
0.82661
0.45741
0.17642
-0.013427
0.29351
-0.093064
0.13603
-0.35663
-0.45866
-0.49944
0.26465
0.79868
2.2471
1.9463
1.0253
0.76153
0.22909
-0.42923
-0.11038
1.0676
1.28
2.0251
1.484
1.7314
1.1737
0.38436
0.34093
-1.1661
-0.36281
1.2502
0.82807
0.44853
0.22415
0.36739
0.2085
0.78293
-0.12387
0.27466
-0.8954
-0.37763
-0.76376
0.62617
2.6313
2.8367
1.4715
0.89095
1.0365
0.025339
-0.0048401
1.1416
2.0082
2.64
2.4513
1.5146
1.7452
0.91906
0.58061
-0.44601
-0.19821
0.89182
0.3956
-0.051636
0.7663
0.55185
0.55022
0.40287
-0.19613
0.31731
-0.21663
-0.26829
0.08814
-0.30043
1.838
3.1343
2.0903
0.96318
0.32369
0.15475
1.0701
1.6888
1.6617
2.954
2.8263
2.8023
1.8044
1.076
1.1333
-0.033027
-0.96624
0.23558
0.49447
0.81846
1.0759
0.8765
-0.26947
-0.11007
0.14442
-0.13617
0.27497
-0.30666
-0.63765
-0.41468
0.43968
2.2306
2.3326
1.2661
0.31328
0.18301
0.34988
0.092946
2.1092
2.5087
2.6984
2.3121
1.2162
1.1206
1.1901
-0.0232
-1.0825
0.51153
0.49282
0.88374
0.045816
0.47172
0.057365
-0.46662
-0.33366
-0.093105
-0.13893
-0.29071
-0.88849
-0.29333
-0.53481
2.4617
2.65
1.7931
0.35207
0.091179
0.13532
0.39727
1.5615
2.0709
2.2175
2.2683
2.1663
2.1303
1.5096
0.57826
-0.24692
0.13512
0.52405
0.87506
0.24814
0.35491
-0.60845
-0.22808
-0.79537
-0.45859
-0.20654
-0.90353
-0.46187
-0.84375
-0.9041
1.4897
2.6325
1.6951
1.0485
0.47888
-0.010043
0.64554
1.062
1.3235
2.3278
2.1067
2.4268
2.016
1.4222
0.69843
-0.52809
-0.54638
0.31385
1.0812
0.50856
0.81693
0.10577
-0.17893
-0.20264
0.1479
0.47845
0.11509
-0.91785
-0.56651
-1.5872
0.24274
1.8693
1.6929
1.3427
0.43593
0.62505
0.11541
0.83062
1.685
2.0693
2.1589
1.4041
1.265
0.70271
0.31252
-0.7259
-0.67233
-0.25357
-0.037978
-0.58492
-0.1694
-0.84713
-0.37833
-0.48768
-0.94342
-1.5565
-1.0961
-0.8031
-1.0614
-0.99989
-0.28591
2.4578
2.3466
0.93952
-0.15757
-1.04
0.051706
0.031479
0.33748
2.4396
2.2034
1.6956
1.7034
1.253
0.86417
-0.24714
-0.73899
0.48928
0.13154
0.6816
-0.14107
0.38127
-0.22873
-0.32654
-0.51611
-0.16725
-1.3951
-0.60145
-0.77594
-0.5533
-0.95317
2.2599
2.4598
1.0089
-0.17206
0.31279
-0.86488
-0.8161
-0.83172
1.1986
1.7918
1.5169
0.29011
0.32233
0.57615
0.25316
-0.80968
-0.62102
-0.59816
-0.094582
-0.4166
-0.12642
-0.71662
-0.65088
-0.9499
-0.31579
-0.78566
-0.90238
-0.42577
-1.32
-0.81319
2.1564
2.5252
1.0575
0.068787
-0.32169
-0.11215
0.10365
0.49245
2.082
1.8273
1.532
0.69882
0.26258
0.43002
0.11105
-1.1835
-0.29758
0.62209
0.49832
0.078974
0.17927
0.2337
-0.51378
-0.74206
-0.6751
-0.77191
-0.66634
-1.2261
-0.97298
-0.74388
1.814
1.949
0.97961
-0.44448
-0.74784
-0.6744
-0.53291
-0.44405
0.3635
1.4672
1.8806
1.1434
0.51345
0.28671
0.39542
-0.56914
-0.80196
-0.4487
-0.18893
-0.21737
-0.1062
-0.17864
-0.98778
-0.72529
0.14661
-0.19954
-0.43134
-0.68972
-0.65758
-1.1709
-0.90546
1.8836
2.1344
0.70405
0.15866
-0.035221
0.3628
0.35272
0.91226
1.5138
1.8369
1.1033
1.2944
0.48414
0.05536
0.0097214
-1.0637
-0.70324
-0.054593
0.72579
-0.053418
-0.52065
-0.090513
0.32451
-0.1408
-0.6658
-0.89347
-0.57686
-1.1462
-1.1143
-0.97155
1.8111
2.2014
1.1707
0.27122
0.083622
0.058678
0.027012
0.24372
1.7571
1.9072
1.2851
1.0859
0.88442
0.50552
0.14806
-0.46418
-0.99345
0.091659
0.12311
0.64084
0.24915
-0.2534
-0.24012
-0.66781
-0.6543
-0.6146
-0.8897
-0.36735
-1.2177
-1.2334
-0.81511
-1.0077
1.9727
1.9219
0.4473
0.011663
-0.69957
-0.41638
-0.11753
0.03395
1.2614
2.2553
1.362
0.96946
0.86335
-0.012425
-0.29246
-1.1656
-0.45366
0.12911
-0.21833
-0.096283
-0.39988
-0.4073
-0.57989
-0.33883
-0.8359
-0.3219
-1.1096
-0.61129
-1.2214
-1.756
-1.7916
-0.6952
1.8452
1.4151
0.3366
-0.14342
-0.12999
-1.0111
-1.3119
0.86124
1.5938
1.4642
1.5739
1.1692
1.3134
0.66822
0.0016547
-0.5136
-0.38001
0.031923
-0.10818
0.1043
-0.31216
-0.42661
-0.22913
-0.66144
-1.1773
-0.3951
-0.99341
-0.94529
-0.82083
-0.7908
1.1543
2.3278
1.4331
-0.59954
-0.94376
-0.72805
-0.93097
0.029526
1.5123
1.9214
1.9684
0.93674
0.85227
0.56096
-0.17025
-1.0072
-1.1509
-0.39209
0.056253
0.31942
-0.97161
-0.48397
-0.49257
-0.58801
-0.34632
-0.88099
-1.0436
-1.6668
-1.5789
-0.90454
1.1533
2.1467
1.4719
0.80458
-0.11089
-0.6019
0.12635
-0.23836
0.70181
2.1656
1.7628
1.3552
0.87639
0.32433
-0.12283
-1.1911
-1.6737
-0.29614
-0.25931
-0.28392
-0.79681
-0.57583
-0.58345
-0.37245
-0.95291
-0.61895
-0.45315
-0.35171
-1.2169
-1.0274
-0.30461
2.1167
1.912
0.66222
0.088052
-0.72876
-0.8346
-0.81455
-0.30123
1.366
1.7168
1.9035
1.1727
0.59156
0.27937
0.37512
-1.8095
-1.313
-0.348
0.39368
0.13915
-0.8202
-0.72631
-0.37094
-0.96033
-0.0064143
-0.35438
-0.31581
-0.50019
-1.2247
-0.46546
1.461
2.4992
0.90962
0.29793
-1.1471
-1.1581
-0.64229
0.26205
1.1882
2.1452
0.98962
1.0491
1.7404
0.99822
0.15974
-0.75887
-0.00037462
0.4391
0.042512
0.29597
-0.35663
-0.71484
0.036671
-0.59256
-0.093214
-0.36174
-0.68007
-0.7253
-0.5708
-0.39457
1.0708
2.3394
1.3203
0.51933
-0.029326
-0.17076
-0.45098
-0.18055
1.0581
2.0675
1.6892
1.4948
1.0761
0.89895
0.5022
-1.0074
-0.88323
-0.49401
-0.098252
0.56575
-0.061185
0.22721
0.17395
-0.49433
-0.24872
-0.33687
-0.27453
-0.75442
-0.77021
-0.69259
-0.1543
1.4256
0.053025
-0.75048
-1.1893
-1.175
-0.71189
-0.19955
0.53143
0.95284
1.2966
0.9917
1.0043
0.62029
0.2456
-0.24054
-0.71523
-0.21437
-0.57611
0.53819
-0.10628
0.071631
-0.22377
-0.056189
0.17087
-0.82172
-0.33956
-0.9279
-0.96772
-1.0287
-0.73473
1.9404
1.7254
1.1202
0.10665
-0.23196
-0.017318
0.47037
0.38206
0.55655
1.3229
1.3368
1.8293
1.0228
0.19516
-0.30442
-0.87325
-1.6706
-0.35751
-0.14539
0.22613
-0.31453
-0.087205
-0.29464
-0.71019
-0.86978
-0.15374
-0.7609
-0.37432
-1.4296
-0.067022
1.4615
1.9875
0.89079
-0.16093
-0.27392
-0.82821
-0.35902
-0.096802
0.75718
1.7298
1.551
0.91944
0.45427
0.67662
0.20279
-1.18
-1.1051
0.35526
-0.49204
0.33273
-0.15199
-0.33943
-0.29279
-0.15735
-0.45808
-0.66331
-0.4005
-0.62071
-0.83182
-0.76515
0.29298
2.6124
1.4019
0.42115
0.36861
-0.71091
-1.1054
-0.54627
-0.29591
1.794
1.7379
1.2947
0.92091
1.0471
0.080653
0.11638
-1.2078
-0.24483
-0.30292
0.2944
-0.50802
-0.43786
-0.39529
0.22123
-0.051699
-0.082215
-0.23078
-1.248
-0.97338
-0.7215
-0.70802
-0.36558
-0.4453
-1.2721
-1.8277
-1.0683
-1.7391
-1.573
-1.0713
-0.62523
1.8622
1.6352
1.0652
0.35153
0.33251
-0.22053
-1.1207
-0.94072
0.080812
-0.19483
-0.12307
0.30701
0.12074
-0.3355
-0.45217
0.045949
-0.46261
-0.2746
-0.71352
-0.80394
-0.59507
2.027
2.6385
1.3829
0.51454
-0.65229
-0.86087
-0.37475
-0.21575
1.0174
2.522
1.6507
1.069
0.42318
0.26826
-0.33688
-0.62405
-0.68902
0.13935
-0.047103
0.96995
0.068011
0.38957
-0.43958
-0.36115
-0.062679
0.010287
-1.125
-0.9495
-1.03
-0.45969
0.20914
1.5961
0.89904
-0.13779
-0.52907
-1.1735
-0.80565
-0.42097
-0.18519
0.81779
2.1599
1.4149
1.0189
0.83601
-0.3009
-0.46294
-1.7624
0.044512
0.2691
-0.1476
-0.15709
-0.25247
-0.58617
-1.4287
-0.55887
-0.5382
-0.94534
-0.68515
-1.246
-1.3397
-1.301
-0.91981
-0.20997
-0.81937
-2.2993
-1.8539
-2.037
-1.5688
-1.6571
-1.2267
0.086119
1.1363
1.3595
0.79413
1.195
0.53707
-0.30551
-1.103
-0.99599
-0.45097
0.37738
-0.082366
-1.0693
-0.5875
-0.62242
-0.87686
-1.4227
-0.6274
-1.7032
-0.84411
-0.1338
-1.0132
1.3704
1.5571
-0.52975
-0.82018
-0.63411
-0.41575
-0.24801
-0.341
-0.047083
1.8205
1.7801
1.5666
0.92301
0.7133
-0.11222
-0.92532
-1.43
-0.32477
-0.14625
-0.17561
-0.80067
-0.9303
-0.76677
-0.49914
-0.56568
-1.513
-1.2975
-1.3257
-1.0066
-1.1962
0.62224
2.4929
1.6496
0.2717
-0.57171
-0.6941
-0.90999
-0.96911
-1.0728
0.77413
1.7081
1.5819
1.2951
1.002
-0.3229
-0.22852
-1.2033
-0.12119
-0.019085
-0.2136
0.495
-0.1464
-0.064889
0.099168
0.54271
-0.5357
-0.32367
-0.72971
-0.94432
-1.1386
-0.89627
1.6646
2.0447
0.73859
-0.7144
-1.0098
-1.5946
-0.95216
-1.4848
0.054594
1.6885
2.5006
2.1427
1.4682
0.49157
0.27144
-1.0577
-0.75786
-0.25364
0.0098753
0.6577
0.59089
0.18971
0.064144
-0.58793
-0.64295
-0.53435
-0.74766
-0.59137
-0.22509
-0.23489
1.5377
2.3317
1.2743
-0.21346
-0.75289
-1.7356
-0.93586
-1.1168
1.6101
2.3156
1.6039
1.5409
0.93372
0.8133
0.29513
-1.2388
-1.944
0.34495
-0.046169
0.55402
0.41215
-0.69216
-0.67068
-0.46677
0.2406
-0.0013642
-0.076413
-0.57308
-0.5352
-0.90409
0.21071
2.0861
1.4407
0.43669
-0.36885
-0.81073
-0.78561
-0.68299
-0.79734
1.1601
2.153
0.92922
1.0292
0.49111
0.71261
0.11009
-0.70566
0.33818
0.18828
0.54123
0.7248
0.20443
-0.54439
-0.29886
-0.74499
-0.25685
-0.60368
-1.3168
-1.2695
-1.611
-1.2109
1.0724
2.4092
1.1306
0.063654
-0.048761
-0.42128
-0.75544
-0.18089
1.3776
1.4461
1.5464
1.1208
0.4089
0.4593
-0.33252
-1.493
-0.92495
-0.43139
-0.30286
-0.14431
-0.65857
-1.1082
-0.66118
-0.97517
-1.254
-1.4142
-1.346
-1.4062
-1.4044
-1.9506
-0.552
0.22985
0.19036
-1.1828
-1.3823
-0.98916
-0.65142
-1.0713
-0.53466
-0.45647
1.6678
1.0951
0.84546
0.13613
-0.54368
-0.42577
-1.0443
-0.63824
-0.1788
-0.37137
-0.32927
-1.1945
-0.73431
-0.35752
-0.24169
0.29017
-0.11349
0.086181
-0.28939
-1.0158
-0.74154
0.97694
1.8225
1.0815
-0.78176
-0.22782
-1.166
-0.33342
-1.468
-0.32324
0.70138
1.8936
1.1275
0.39212
0.47125
0.02717
-0.47971
-1.5263
-0.65417
-0.38374
-0.31632
-0.62746
-0.491
-0.99617
-0.63419
-0.37308
-0.24727
-1.1596
-0.82365
-0.65995
-0.38662
0.86861
2.3018
1.4558
-0.11546
-0.11697
-0.45702
-0.82509
-0.43189
0.40977
1.5614
1.5381
1.2345
0.76037
0.82084
0.69092
-0.23525
-1.428
-0.76922
-0.90458
0.050687
-0.69243
-0.83626
-0.63614
-1.2271
-0.5241
-0.67597
-1.4344
-1.3278
-0.83088
-1.3455
-1.411
1.6931
1.7091
0.61974
-0.19742
-0.88933
-1.3786
-1.0875
-0.44961
0.46526
1.2607
0.5335
0.81964
0.75532
0.39858
0.075339
-1.33
-0.29817
-0.35901
-0.13962
-0.12548
-0.44675
-0.90633
-0.88538
-0.87728
-0.37868
-0.61963
-0.99419
-0.76736
-0.54061
-0.26413
0.18726
2.0498
1.4474
-0.21718
-0.79289
-1.021
-0.46795
-0.42502
-0.09083
2.2289
1.7056
1.0792
1.4902
1.0786
1.4172
0.39339
-0.81727
-0.040774
0.081758
0.11125
0.023416
-0.13662
0.15925
-0.36477
-0.27971
-0.64065
-0.46887
-0.76991
-0.36821
-1.1476
-0.79244
1.1259
2.2512
0.74308
-1.0037
-0.90177
-1.0455
-0.28574
-0.23882
1.0975
1.5955
1.6401
1.7404
1.1956
1.0534
0.57267
-0.54701
0.0023186
0.04817
0.1353
0.032561
-0.06014
0.047111
-0.6538
-0.48816
-0.45551
-0.67278
-1.5145
-1.1018
-1.0173
-1.0789
-1.2708
1.1586
1.9392
0.25893
-0.2937
-0.46009
-0.59271
-0.082507
-0.15225
0.99375
1.8976
1.0406
0.58821
0.063371
-0.27973
-0.34826
-1.0431
-0.52327
0.080087
0.34167
0.35034
-0.29132
-1.1084
-0.61546
-0.61898
-0.39667
-0.88121
-1.0529
-0.46271
-0.45485
-1.0242
1.4192
2.2291
0.72788
-0.72295
-0.59611
-1.2206
-0.69887
-0.27259
-1.3783
1.4198
1.6235
1.2875
0.43145
0.46303
-0.1995
-0.51139
-1.6006
-0.22527
-0.23481
0.064112
-0.23285
-0.64268
-0.6951
-0.84031
-0.088289
-0.31102
-0.52707
-0.11992
-0.99429
-0.64521
-0.47839
1.8868
1.7965
0.66723
-0.09091
-0.12919
-0.73989
-0.48025
0.0028129
-0.9159
1.0325
1.0903
1.0928
-0.18436
0.36263
-0.3563
-0.89975
-1.1931
-0.76458
-0.98244
-0.11799
-0.57402
-0.3867
-1.3996
-1.0041
-1.0609
-1.0725
-1.0427
-1.6058
-0.53964
-0.801
-0.80943
-0.3454
-0.16063
-0.88725
-1.1163
-0.99437
-1.4526
-0.82223
-1.2238
0.041667
1.2545
1.1247
0.92809
0.041637
-0.55982
-0.68803
-1.075
-1.1983
-0.64043
-0.012826
-0.13573
-0.73571
-0.72172
-0.39619
-0.27858
0.29077
-0.38405
-0.68937
-0.94762
-0.58005
-1.1192
0.74709
2.0976
1.1519
-0.58496
-1.5817
-1.1677
-0.76189
-0.7167
-0.8564
0.18331
1.7067
0.46774
0.31629
0.53619
-0.30411
-0.9812
-1.46
-0.41071
-0.43168
0.077915
0.0496
-0.57851
-0.59237
-0.72749
-0.63435
-0.30043
-0.81085
-0.71744
-0.7916
-0.48039
-0.61224
1.4758
2.7483
0.51872
-0.87492
-0.87368
-1.3079
-0.79307
-0.7015
-0.0010022
0.22356
1.9853
1.4053
0.91028
0.52664
-0.32739
-0.70919
-1.7125
-0.49096
-0.27139
-0.27403
-0.30742
-0.20563
-0.2511
-0.63436
-0.61939
-0.54168
-0.76084
-0.87677
-1.0401
-1.2807
-1.3211
-0.050928
-0.69042
-0.63043
-1.6854
-1.226
-1.0176
-0.4742
-0.68875
0.12335
1.236
1.5265
1.4696
0.59323
0.42713
-0.36775
-1.1911
-1.7777
-0.38475
0.053193
0.36095
0.034072
-0.42727
-0.37882
-0.72546
-0.78111
-0.81013
-1.1737
-0.9409
-0.77613
-0.7175
-0.85772
2.1318
1.8013
-0.43157
-0.95083
-0.71243
-1.5738
-0.50649
-0.58342
0.45127
2.0872
1.4226
1.1532
0.38049
0.57087
-0.24355
-1.3338
-0.87935
0.27151
0.23474
-0.41293
-0.61199
-0.79479
-0.60675
-0.70415
-0.67586
-1.0167
-0.49537
-0.38849
-1.1432
-0.75669
0.89155
3.5573
1.8168
0.54217
-0.93069
-1.1111
-0.70434
-0.31267
-1.0576
0.44023
1.8335
0.79689
1.4087
0.17174
-0.33409
-0.5911
-1.882
-0.5329
-0.076425
0.41076
0.1747
0.40969
-0.19558
-0.41678
-0.78684
-0.7186
-0.58627
-1.0424
-0.6507
-1.4379
-1.0546
-0.19317
-0.18812
-1.2545
-1.7193
-1.4462
-1.5146
-1.8402
-1.9675
-1.4807
-0.30843
0.99538
0.85606
-0.007468
-0.26461
-0.34289
-1.2827
-1.0225
0.16548
0.021752
-0.083089
-0.042732
-0.40433
-0.0042086
-0.64123
-0.52693
-0.76385
-0.78987
-0.60023
-1.4648
-0.73218
-1.0229
0.27333
0.0068315
-0.55477
-1.0906
-1.7442
-1.4131
-0.98551
-1.6357
-1.3511
0.48302
1.3042
0.73298
0.14724
0.20275
-0.54913
-1.5488
-1.2872
-0.7061
-0.38552
-0.39448
-0.032928
0.072068
-0.19719
-0.49831
-0.47438
-0.71317
-0.75017
-1.0311
-0.93617
-1.3437
-0.65932
2.9505
1.7451
0.143
-0.69839
-0.57068
-1.1822
-0.69077
-0.64776
1.0359
1.7965
1.8751
1.1089
0.46421
0.48048
-0.6308
-1.2741
-1.0796
0.26063
-0.12372
-0.34909
-1.3985
-0.25626
-0.94866
-0.93363
-0.44059
-0.49657
-0.72504
-0.22023
-0.7322
-0.88139
-0.42147
0.0024084
-0.75807
-1.3186
-1.6888
-1.0833
-1.0748
-1.9356
-1.826
-0.74108
0.24246
1.1866
0.42672
0.30224
0.56264
-0.33183
-0.93282
-1.2123
-0.2971
0.10659
-0.1014
-0.23947
-0.36908
-1.0612
-1.3218
-1.0536
-1.4135
-1.1964
-1.5718
-1.624
-1.7284
-1.8319
2.2282
1.6216
-0.37299
-1.1768
-0.87192
-1.248
-1.4241
-0.9058
-0.35013
1.1624
0.94411
0.94628
0.91905
-0.088394
-0.92008
-1.3959
-0.2871
0.16362
0.044114
-0.031909
0.23879
-0.18152
-0.8859
-0.28371
-0.49788
-0.23384
-0.94764
-0.99619
-0.32377
-0.64573
0.91628
1.7949
1.0436
-0.37507
-0.15312
-1.005
-0.78568
-0.70775
-0.75831
-0.79801
0.9127
0.88096
0.33658
-0.13604
-0.2723
-0.63763
-1.6341
-1.1296
-0.2217
-0.079295
0.35604
-0.24673
-0.4576
-0.57489
-0.36085
-0.85297
-1.467
-0.78685
-1.05
-0.67844
-0.53924
1.2217
3.1928
1.676
-0.080434
-0.42705
-1.035
-1.2337
-0.91868
-0.11606
1.2927
1.7563
0.89573
-0.13532
0.28419
-0.67583
-1.4617
-1.7618
-0.29187
-0.3544
-0.13179
-0.45782
-0.56454
-0.76266
-0.69961
-1.4687
-1.2527
-1.3576
-0.25273
-0.67954
-0.92435
-0.2974
0.92842
2.4146
1.1463
-0.17231
-0.76047
-0.65127
-1.1982
-1.0842
-0.70272
-0.40405
1.0701
1.3016
0.68405
0.18817
-0.11381
-0.70075
-1.3968
-0.56819
-0.67496
