1.8343
0.15958
-0.0097349
0.73745
0.67123
0.9328
0.84662
0.89934
0.97366
1.0078
0.8854
0.88787
0.79814
0.47272
-0.032556
-0.68659
-1.4845
-2.4362
-3.4446
-4.5566
-6.153
-8.3329
-10.611
-12.017
-11.625
-11.056
-9.8383
-8.5579
-6.9659
-5.6799
-5.115
-4.735
-4.5315
-4.4445
-4.5021
-4.5787
-4.6108
-4.4679
-3.7428
-3.0238
-2.3208
-2.5573
-3.5806
-2.994
-2.4673
-0.5644
1.5101
3.205
4.3588
4.9865
5.3847
5.3921
4.957
4.1746
3.2436
2.198
0.99773
-0.045978
-0.83402
-1.6011
-2.2485
-2.9952
-4.0696
-4.9791
-5.3401
-4.1604
-2.4273
-1.3533
-1.1484
-0.654
-0.15118
0.56254
1.1974
1.5592
1.5839
1.2243
0.90601
0.70681
0.68975
0.50034
0.17892
-0.075598
-0.19839
-0.010104
0.13988
0.67577
1.1038
1.5119
2.6024
3.9874
5.1626
6.0119
6.3621
6.2695
6.0699
5.6029
4.8813
3.88
2.6814
1.4689
0.33277
-1.018
-2.176
-3.2261
-4.5108
-6.4244
-8.6744
-10.226
-9.4488
-7.7286
-5.3436
-3.4627
-1.9519
-0.65911
0.11669
0.70122
0.89808
0.68101
0.32332
0.0043835
-0.25196
-0.52518
-0.39909
-0.15419
0.22198
0.55587
0.78403
0.82311
1.3699
1.6823
2.4697
3.0922
3.7067
4.1418
4.3935
4.4839
4.307
4.0609
3.4376
2.5357
1.3205
0.19533
-0.93094
-2.3475
-3.8805
-5.7262
-7.3962
-8.3454
-8.3294
-6.6253
-4.4047
-2.8628
-1.8501
-1.3259
-0.90588
-0.64525
-0.35176
-0.11193
0.20758
0.5699
0.62266
-0.21368
-1.1693
-1.1532
-0.90956
-1.0541
-1.0923
-0.09476
1.3255
2.3236
5.0709
7.4343
8.6657
9.1315
8.7553
7.9013
6.9326
5.8695
4.9956
3.9
2.5664
1.0191
-0.46103
-2.243
-4.0489
-6.0928
-8.7705
-11.269
-12.413
-11.535
-8.6359
-5.7158
-4.093
-3.5831
-3.5511
-3.5356
-3.9443
-4.2087
-4.8393
-5.5825
-6.5746
-7.0308
-6.7339
-5.283
-0.86307
4.2782
8.2896
10.278
11.94
13.254
13.918
13.338
11.666
9.3228
6.8863
4.7588
3.0456
1.3362
-0.4297
-2.5728
-4.3857
-5.4172
-6.0348
-6.4054
-6.7776
-7.5355
-9.4808
-10.808
-9.8401
-7.8606
-5.7041
-4.0818
-4.036
-4.6692
-4.7662
-5.1332
-5.3107
-5.7721
-5.9392
-5.4799
-4.7285
-3.9059
-2.8396
-1.1129
0.22375
-0.24854
0.49895
3.2156
6.682
10.785
13.605
14.634
14.259
13.071
11.415
9.4739
6.8625
3.7359
1.0809
-0.91683
-2.0192
-2.5803
-2.3112
-2.0579
-1.6106
2.2259
5.5708
7.2979
8.1281
6.8304
3.6677
-1.0958
-6.2266
-10.811
-14.34
-16.325
-15.846
-14.876
-12.588
-10.01
-4.8471
1.6574
7.0308
10.166
11.043
9.1419
5.8132
2.8041
1.125
0.20857
0.27191
1.4696
3.5298
5.7669
7.7256
8.7973
9.1843
8.9579
8.4969
7.5728
6.5573
6.4469
6.8019
5.4894
2.8218
-1.095
-6.7521
-11.482
-12.594
-11.576
-10.689
-10.763
-11.426
-11.759
-11.955
-11.767
-11.193
-10.579
-9.7916
-8.8099
-7.6433
-6.3651
-4.8912
-3.2696
-1.8573
-0.53418
0.43032
0.53864
1.6511
2.7721
3.5113
4.451
5.4695
6.3565
6.8374
6.7257
6.1379
5.4189
4.8506
4.5926
4.3214
3.8478
3.1526
2.6843
2.2763
0.43161
-3.377
-5.9452
-5.9911
-5.4851
-5.7743
-5.8028
-4.4471
-2.5511
-1.2586
-0.13591
1.2616
3.325
5.0073
6.1703
6.9577
7.8022
9.3674
11.261
11.898
10.749
9.5258
9.0657
8.4991
8.077
7.813
6.8581
5.6037
4.5722
2.7278
1.2556
0.50163
0.21131
0.59647
2.5553
4.538
4.225
1.6943
-0.585
-2.9811
-6.8097
-9.302
-8.4593
-6.5755
-6.4971
-6.4188
-6.1816
-5.093
-3.4152
-2.421
-2.0857
-2.3118
-3.0498
-3.7629
-4.0885
-4.112
-3.4663
-2.4064
-1.4189
-1.3253
-1.2725
0.3711
2.6121
4.2242
5.1003
6.4261
7.6611
8.1861
7.9857
6.8408
5.4405
4.025
2.9625
1.5518
-0.28496
-2.4979
-4.864
-6.9828
-8.5376
-10.802
-13.873
-14.555
-12.028
-9.0921
-5.7448
-4.477
-4.5268
-3.179
-2.2603
-1.6138
-1.1315
-0.63629
-0.41169
0.19835
0.59232
0.70724
1.012
1.0519
0.94674
0.81727
0.5318
1.3828
4.2739
6.2456
8.9228
11.068
11.763
11.75
11.078
10.219
9.1064
7.7204
5.9898
4.1277
2.1856
0.17786
-1.7376
-3.4959
-5.2176
-6.9724
-8.9051
-10.491
-10.872
-9.5349
-6.3971
-3.0825
-1.9194
-1.731
-1.7576
-2.1806
-2.3313
-2.2421
-2.0794
-1.9774
-1.4042
-0.59561
0.29915
1.166
1.9114
2.2895
2.3744
2.3272
2.3951
2.6744
3.6183
6.4573
8.5675
10.01
10.673
10.567
9.8842
8.7921
7.2044
5.2289
3.146
1.151
-0.87891
-2.9518
-4.9237
-7.104
-9.8409
-12.016
-12.87
-12.932
-10.914
-8.1125
-5.5414
-4.3037
-3.8152
-3.4018
-3.6168
-3.6659
-3.5465
-3.346
-2.8408
-2.9202
-2.0497
-1.4869
-0.8651
-0.33457
0.058959
0.0066993
1.13
4.0954
5.1033
6.7162
9.015
10.205
9.8279
9.8517
10.092
9.6098
8.0493
6.4023
4.6315
2.3621
1.0617
-0.82307
-2.7537
-5.3297
-8.6791
-11.499
-13.015
-12.832
-9.4964
-6.0426
-2.6678
-0.89454
0.15726
0.44251
0.55007
0.32272
0.26781
0.17506
0.24156
-0.092618
-0.16804
0.0376
0.29659
0.56046
0.55336
0.78563
2.7004
3.7343
6.06
9.4496
11.285
11.76
11.591
11.051
9.8119
8.2554
6.5162
4.5207
2.4393
0.71988
-0.96574
-2.725
-4.8185
-7.2377
-9.7942
-11.161
-12.462
-14.199
-9.4314
-5.2198
-4.9761
-4.9051
-4.9891
-4.4303
-3.445
-2.6568
-1.8526
-1.1591
-0.45627
0.032379
0.028076
-0.1023
-0.068495
0.092384
0.83298
1.522
1.8423
3.0582
4.2747
6.1409
8.0056
9.3341
9.5124
9.4401
9.2007
8.4359
7.6013
6.1019
4.2399
2.1975
0.31899
-1.3566
-2.8706
-4.474
-5.8422
-6.9179
-8.3584
-9.8474
-10.21
-8.8354
-6.1249
-3.2871
-1.871
-1.6516
-1.8367
-2.1253
-1.9987
-1.5786
-1.1341
-0.80732
-0.62517
-0.66638
-0.76342
-0.83164
-0.6098
-0.35239
-0.017711
0.055721
0.19386
1.2124
2.1257
3.1613
5.1878
6.8183
7.7312
8.0757
8.2467
7.8801
7.0802
5.9115
4.2159
2.5421
0.87107
-0.40832
-1.9639
-3.9631
-7.0079
-9.6994
-10.91
-11.249
-7.1217
-3.0954
-2.2266
-2.5437
-3.2075
-3.5124
-3.7882
-3.562
-3.26
-3.2363
-3.1587
-3.1066
-2.8814
-2.291
-1.8132
-1.6548
-1.8679
-1.7671
-0.47129
1.2352
2.7276
6.3305
9.4579
11.119
11.891
11.825
11.279
10.406
9.183
7.4265
5.2709
2.8477
0.77528
-1.0765
-3.2447
-5.8877
-8.4515
-9.8318
-10.402
-8.6134
-5.3367
-2.2875
-1.241
-1.9395
-2.1237
-2.4319
-2.4355
-2.08
-1.5585
-1.27
-1.1549
-1.0216
-0.76416
-0.38916
0.053657
0.61106
1.0678
0.90168
1.493
3.3792
3.9292
5.6158
9.0311
10.459
11.322
11.221
11.191
11.201
10.243
9.4276
8.0654
6.385
4.7268
2.9697
0.92605
-0.72854
-2.7045
-5.0648
-7.0975
-8.3298
-7.9758
-6.2231
-4.7848
-3.9951
-4.6263
-4.9735
-5.0778
-5.1852
-4.9272
-4.4874
-3.5714
-2.1896
-0.64166
0.85142
2.1989
3.6012
4.706
4.9709
4.9311
5.2302
5.1198
5.931
8.2156
8.9202
9.3665
9.0951
8.6116
7.8398
6.7698
5.2869
3.4801
1.6438
-0.11608
-1.6769
-3.2846
-4.7324
-6.1028
-7.3481
-8.2692
-9.3951
-9.6457
-9.2276
-7.7373
-6.5153
-6.082
-5.4301
-4.5138
-4.1089
-3.1388
-2.2387
-2.0093
-1.3957
-1.0166
-0.36942
0.3376
0.87216
1.0483
0.95652
0.73217
0.86748
1.563
2.1162
4.0938
6.8945
8.1848
9.1968
9.6284
9.3297
8.9267
7.9874
6.9105
5.4288
3.938
2.2711
0.83173
-0.59699
-2.3404
-3.9597
-5.7574
-8.0264
-10.311
-11.726
-11.97
-10.133
-5.5033
-4.58
-4.5251
-3.9128
-3.8067
-3.6225
-3.4172
-2.8498
-2.4959
-2.0933
-1.7824
-1.4103
-1.0852
-0.6859
-0.33486
0.15112
1.3779
3.249
4.6181
5.7911
7.8481
9.5596
10.273
10.03
9.2142
8.0048
6.5772
5.0025
3.0588
1.4359
-0.048986
-1.2882
-2.5363
-3.9875
-5.8124
-7.7078
-9.5565
-10.763
-10.863
-7.9948
-3.9947
-3.8855
-4.3041
-4.192
-3.9422
-4.0245
-4.0437
-3.7455
-3.4209
-2.9025
-2.1295
-1.2369
-0.12809
0.80909
1.4622
1.8285
2.2358
2.291
2.1193
3.4855
5.5466
6.9365
7.9844
8.6441
8.7934
8.5999
7.8875
6.3435
4.645
2.9395
1.342
-0.32445
-2.04
-3.804
-5.7894
-7.8585
-9.4678
-11.258
-9.5674
-8.8185
-5.1808
-2.4767
-2.912
-2.494
-1.6003
-1.4799
-1.1971
-0.90341
-0.58963
-0.50315
0.41411
1.4618
2.3314
3.1845
3.3277
2.9793
2.7004
3.1761
3.6097
4.5605
7.3914
9.3384
9.5739
9.6388
8.9618
8.0619
6.9049
5.4933
3.5952
1.9142
0.42802
-1.3068
-3.2013
-5.1852
-9.2159
-13.797
-16.593
-16.544
-13.924
-7.9143
-5.9582
-6.1348
-5.6401
-5.3293
-4.8925
-4.0265
-3.2064
-2.3762
-1.4901
-0.57448
0.45532
1.3243
1.598
2.077
3.0183
3.3678
3.6716
4.7519
6.914
9.1878
10.179
10.083
9.7981
9.3895
8.7012
6.7114
5.7634
4.0603
2.5657
1.899
2.0059
2.736
3.3113
4.0996
2.2954
-0.75438
-0.77078
-0.25973
-0.41189
-0.27208
0.0062608
0.18598
-0.1678
-0.54795
-0.73347
-0.64681
-0.32666
-0.033259
0.1019
0.30488
1.3114
2.4053
3.9593
3.4056
1.4089
-1.1035
-1.4472
-0.7955
0.33871
1.0333
1.5237
2.1244
3.2251
3.2794
3.0547
1.6968
1.2482
1.125
0.74122
0.33803
-0.097461
-0.57141
-1.0017
-2.0649
-4.6835
-6.888
-7.1174
-5.7777
-5.1107
-4.6237
-5.1575
-5.5968
-5.4864
-5.3947
-5.27
-5.4466
-5.1665
-5.1133
-4.1187
-3.1691
-2.1958
-1.0988
-0.41543
0.76606
1.7547
1.8528
0.30291
-2.252
-2.2449
0.29117
3.5682
6.1145
8.2156
9.3219
9.2514
8.632
7.8978
6.8906
6.8369
6.9425
7.1637
5.6955
3.0275
2.2801
1.6446
0.33038
-1.9783
-5.3012
-8.445
-9.3973
-8.9661
-8.7735
-8.9492
-9.215
-9.7067
-10.328
-10.407
-10.498
-10.308
-9.7215
-8.8151
-7.5468
-6.1954
-5.0159
-3.8445
-2.6835
-1.7114
-0.56903
0.037883
0.48203
2.8625
4.9518
7.0737
9.1393
10.75
11.862
11.51
10.74
9.5297
8.1316
6.4668
4.5463
2.663
0.97344
-0.73875
-2.5106
-4.4787
-6.7348
-9.9266
-12.198
-13.317
-13.099
-11.444
-7.491
-4.8246
-2.2863
-0.49735
0.46233
0.84757
1.0816
1.3265
1.6583
1.9319
1.9209
1.3569
1.1256
0.99946
0.72858
0.23582
0.049211
1.1897
1.6578
4.0613
6.9936
9.3263
10.782
10.94
10.032
8.8099
7.6446
6.0963
4.0584
1.9379
0.10019
-1.1327
-2.4874
-3.6828
-5.6037
-8.332
-9.65
-9.94
-8.9081
-6.2383
-2.9551
-2.2498
-3.2744
-4.0611
-4.9332
-5.4336
-5.3825
-5.0393
-4.6921
-4.1366
-3.4041
-2.3639
-0.89938
0.90358
2.7038
4.0943
5.0544
5.6055
6.3746
6.5915
6.3158
6.7512
6.6205
6.3184
6.0245
5.7976
5.3522
4.8125
3.8968
2.715
1.336
-0.0098985
-1.2969
-2.7842
-4.854
-7.7026
-10.156
-11.362
-10.49
-8.4194
-4.7237
-2.6894
-1.7095
-0.90047
-0.97795
-1.2264
-1.3877
-1.3634
-1.1585
-0.60509
0.23958
0.78139
0.64729
0.15519
-0.10857
-0.036894
0.17891
0.26362
1.106
2.0507
3.3898
6.0284
8.219
9.6972
10.552
10.595
10.189
9.5068
8.3056
6.624
4.7852
2.8586
1.0603
-0.98331
-3.0209
-5.2626
-7.7541
-10.596
-13.795
-15.353
-14.644
-10.45
-5.6267
-2.6527
-1.7262
-1.7612
-1.8427
-1.8637
-1.7623
-1.6609
-1.6277
-1.8496
-1.9296
-1.8982
-1.6973
-1.4417
-1.4045
-1.1967
-0.31723
1.1674
3.2741
5.9089
8.6796
10.703
11.67
11.766
11.301
10.285
9.0133
7.3992
5.6392
3.6672
1.8137
0.18862
-1.6453
-3.4877
-5.6496
-8.3913
-10.373
-10.402
-9.2133
-6.5915
-4.5229
-4.303
-4.6194
-4.9064
-5.1916
-5.1025
-4.3995
-3.3573
-2.1337
-0.54094
1.016
2.3742
3.3368
3.9762
4.2128
4.0579
3.1077
1.7482
1.3785
1.56
2.9887
5.7911
7.7429
9.3847
10.311
10.772
10.665
10.012
8.783
7.1473
4.8904
2.6007
0.39015
-1.8118
-3.9489
-6.2114
-8.419
-9.6782
-9.7851
-9.141
-7.8684
-6.1625
-5.2336
-4.825
-4.6527
-4.4662
-4.107
-3.7934
-3.3169
-2.7283
-2.0317
-1.3746
-0.71217
-0.050241
0.55981
1.1277
1.6702
2.3682
4.0094
4.8302
5.7877
7.4788
8.3333
8.912
9.0726
8.8549
8.2935
7.4356
6.3686
5.0596
3.4865
1.9209
0.22404
-1.473
-3.2287
-5.1116
-6.7157
-8.3614
-9.7959
-10.159
-8.5735
-8.0433
-4.1257
-1.0642
-2.2675
-2.6153
-2.5343
-3.0293
-2.7725
-2.6737
-2.7283
-2.4041
-1.9465
-1.3724
-0.53873
0.71404
2.526
4.4251
5.5475
5.6029
6.7902
7.8485
8.8406
9.0847
9.0077
8.848
8.5112
7.9134
6.8828
5.6176
4.2363
2.7504
1.1784
-0.30569
-1.8978
-3.2376
-4.7804
-6.4642
-8.548
-10.375
-11.05
-10.549
-7.5299
-4.3541
-3.4864
-3.4522
-3.936
-4.3965
-4.6943
-4.8822
-4.8588
-4.6056
-3.901
-2.7338
-1.3537
-0.056215
1.1891
2.2858
2.9093
3.0818
4.068
5.1726
6.7244
8.6579
9.3981
9.6717
9.6764
9.5981
9.0648
8.1329
6.7633
4.8731
2.8191
0.87237
-0.81156
-2.5632
-4.3718
-6.3842
-8.7778
-10.937
-12.203
-11.54
-9.1523
-5.7405
-4.4909
-4.4047
-4.503
-4.6411
-4.4168
-4.137
-3.8534
-3.4643
-2.9341
-2.2515
-1.4442
-0.82489
0.043575
1.4644
2.5225
3.8585
6.0214
7.9597
9.3981
10.933
11.802
12.125
12.126
11.594
10.245
8.3181
6.1028
3.8882
1.7331
-0.34522
-2.1751
-4.0996
-6.0413
-8.0818
-10.098
-11.53
-11.484
-10.355
-7.7455
-5.0618
-4.0008
-3.4227
-3.1263
-2.5527
-2.3986
-1.9152
-1.234
-0.46121
0.2211
0.89328
1.3191
1.5235
1.3216
0.99353
0.32625
-0.39729
0.68283
1.7215
3.1219
5.6691
7.0386
7.8524
8.1779
8.0896
7.7922
7.0919
5.8158
4.3042
2.7641
1.3308
-0.23208
-1.7789
-3.3286
-4.877
-6.8677
-8.7484
-10.125
-10.526
-8.3368
-4.7636
-3.0585
-3.2542
-3.2738
-3.3331
-2.8608
-2.6207
-2.3556
-1.6065
-1.0411
-0.34502
0.34821
0.77221
0.81493
0.56518
0.010875
-0.62201
-1.0359
-0.030791
0.74356
2.437
6.0275
8.6921
10.147
10.946
10.927
10.537
9.5765
8.2281
6.272
4.0476
1.8396
-0.1607
-2.2134
-4.3614
-6.7114
-9.6721
-13.599
-17.432
-20.084
-17.511
-13.36
-9.0341
-5.1622
-4.7151
-3.7489
-3.2079
-2.7052
-1.8468
-0.95098
0.0010582
1.2081
2.488
3.4087
3.8358
4.0982
4.3368
4.3004
4.0373
3.5268
4.1102
4.4428
5.7834
7.694
9.1873
10.013
10.685
10.557
10.017
9.2535
8.0831
6.6027
4.5895
2.3615
0.23339
-1.7988
-3.7896
-5.7903
-8.2965
-10.756
-11.631
-10.553
-7.1512
-1.9522
0.2849
-0.055353
-0.4073
-0.99963
-1.8442
-1.952
-2.2363
-2.499
-2.7305
-2.8413
-2.8184
-2.7178
-2.1401
-1.3759
-0.22359
1.0646
2.0853
2.8958
4.1107
5.2938
6.9443
8.3463
8.7891
9.2146
9.2025
8.9661
8.3995
7.5455
6.2383
4.6804
3.1188
1.6574
0.29297
-1.0235
-2.4361
-3.9533
-5.4791
-7.4615
-9.2189
-9.5444
-8.1926
-4.8679
-3.7388
-4.461
-5.0388
-5.924
-5.8336
-5.6345
-5.2613
-4.5532
-3.6309
-2.577
-1.5081
-0.67504
-0.0025971
0.45878
0.8213
1.1278
1.5359
2.4496
4.0097
5.6964
7.9277
8.9826
9.5786
9.9388
9.9245
9.3644
8.4839
7.2901
5.8695
4.3463
2.7837
1.3698
-0.14669
-1.8248
-4.0355
-6.5898
-7.8987
-9.0817
-9.2306
-6.1638
-4.8973
-5.2224
-5.6232
-6.0656
-6.3456
-6.0457
-5.634
-4.9761
-4.0118
-2.8239
-1.633
-0.27469
0.75178
1.7433
2.7492
3.2707
3.0121
2.9845
2.6931
4.2313
5.879
6.5616
6.9521
7.2468
7.1771
7.0443
6.5456
5.6509
4.5095
3.5185
2.6586
1.8624
1.1723
0.3399
-0.74871
-2.3829
-4.6424
-7.2806
-8.8848
-8.3216
-5.2544
-2.9319
-3.5892
-4.1598
-4.4402
-4.4385
-4.3316
-4.2113
-3.9832
-3.6421
-3.0932
-2.123
-1.0788
0.053263
1.0922
2.1121
2.9918
3.4205
2.9089
2.0003
1.5885
1.8394
3.3319
4.3532
5.0588
5.4682
5.6648
5.6206
5.1319
4.1612
3.1142
2.1137
1.2193
0.063513
-1.2617
-2.5719
-4.0506
-6.2508
-8.4004
-9.8517
-10.574
-8.9618
-6.024
-4.0743
-3.4044
-2.6461
-2.1191
-1.9166
-1.638
-1.2227
-0.81013
-0.2224
0.50055
1.1218
1.8084
2.3739
2.8462
3.1818
3.3218
2.6648
2.3239
3.1977
3.3592
4.7393
6.4041
6.1145
6.1799
6.0011
5.4877
5.0376
4.3062
3.1937
1.8687
0.77593
-0.25542
-1.301
-2.6147
-4.0641
-5.6163
-7.4096
-9.6327
-11.015
-11.266
-8.1104
-4.5921
-3.3335
-3.5986
-3.6722
-3.7989
-3.4565
-2.9528
-2.3237
-1.684
-0.71603
0.29895
1.184
1.9625
2.6521
3.1662
3.5738
3.5587
3.3093
3.9341
4.5692
5.4388
7.3884
8.4129
8.9618
8.6757
8.0879
7.2408
6.3842
5.2847
3.855
2.331
0.60959
-1.2486
-3.1548
-5.3042
-7.997
-10.679
-11.92
-11.841
-9.4838
-5.9617
-3.6753
-3.6387
-3.7875
-3.833
-3.9613
-3.7139
-3.226
-2.7039
-2.0971
-1.3309
-0.52908
0.19158
0.90306
1.6783
2.1327
2.0504
2.4515
3.1968
2.6943
4.6514
7.0512
7.9368
8.5523
8.7423
8.6839
8.0835
7.0373
5.454
3.441
1.5884
-0.22295
-2.1035
-3.9473
-6.0444
-8.516
-10.602
-11.142
-10.108
-7.2862
-2.7346
-1.1349
-1.6929
-1.9268
-2.4027
-2.9282
-2.9835
-2.8364
-2.4728
-2.1634
-1.7456
-0.9041
0.11869
1.1789
2.466
3.6941
3.8796
3.3403
2.254
1.2331
2.6432
4.8185
6.1889
7.2836
7.8935
7.9533
7.5295
6.927
5.9517
4.4515
3.0792
1.6181
0.027862
-1.8373
-3.7101
-4.9869
-5.5596
-6.3474
-6.508
-5.6241
-2.0016
1.4165
0.55946
-0.83588
-2.0581
-2.9006
-3.2294
-3.6482
-3.7898
-3.7811
-3.4723
-2.8937
-2.1516
-1.3196
-0.50704
0.48142
1.5435
2.0362
1.5197
1.895
3.5954
5.9768
8.6783
9.0782
9.1453
9.0224
8.4973
7.7
6.9278
5.6886
3.8584
2.0316
0.19628
-1.5332
-3.1077
-4.4727
-5.463
-6.1868
-6.8915
-7.7173
-7.5633
-5.8946
-1.8521
-0.041394
-1.056
-2.0016
-2.8086
-3.3547
-3.588
-3.657
-3.6452
-3.4478
-2.8401
-2.1817
-1.3405
-0.59444
0.24476
0.88726
1.2589
1.5636
2.6363
4.1799
6.0954
8.0212
8.993
9.4639
9.5808
9.1475
8.3779
7.3434
6.1526
4.6216
2.9569
1.4612
-0.20757
-2.1741
-4.2172
-6.8205
-8.9341
-10.201
-9.7669
-7.5594
-4.9631
-3.6512
-3.5165
-3.0682
-2.9612
-2.862
-2.7823
-2.7866
-2.917
-2.808
-2.4487
-1.8208
-1.0729
-0.25255
0.42676
0.96626
1.5645
2.9192
5.1743
7.1088
9.1804
10.195
10.475
10.225
9.5951
8.6579
7.6213
6.2374
4.4567
2.5835
0.8516
-0.87835
-2.4522
-4.1824
-5.5249
-6.7659
-8.2874
-10.053
-9.9885
-7.6909
-4.3913
-1.8394
-2.0564
-2.4854
-2.9224
-3.1891
-3.3934
-3.4698
-3.4324
-3.0333
-2.4085
-1.5798
-0.68248
0.45393
1.7044
2.3133
3.0954
3.8829
4.4367
5.6635
6.5989
7.0213
7.5516
7.958
8.1857
8.3168
7.9801
7.2477
5.9418
4.4458
2.7839
0.82801
-1.5976
-4.1773
-6.8451
-9.7275
-12.331
-13.023
-11.126
-6.9027
-1.206
-1.407
-2.5626
-3.4708
-4.438
-4.7289
-4.6177
-4.5908
-4.1732
-3.4153
-2.68
-1.8782
-1.1286
-0.3503
0.67062
1.7487
2.4932
2.8954
4.0759
4.9579
6.8616
8.7601
9.18
9.9136
10.213
9.65
8.7939
7.6187
6.0019
4.1208
2.2133
0.28567
-1.5614
-3.5777
-5.7929
-8.1671
-10.671
-12.075
-12.353
-10.807
-6.4032
-2.2166
-2.1299
-2.5586
-2.6891
-2.9218
-2.7637
-2.3258
-1.7919
-1.2071
-0.59162
-0.041453
0.48774
0.89804
1.3883
1.8668
2.1125
2.2523
2.62
4.6432
5.9002
7.7715
9.2475
9.3964
9.4076
8.97
8.2645
7.5624
6.6642
5.4687
3.9705
2.5022
0.98699
-0.60232
-2.2631
-4.4796
-7.2888
-9.9942
-12.349
-13.155
-10.898
-6.6794
-4.48
-4.159
-4.4398
-5.115
-5.3237
-5.1172
-4.7138
-4.0631
-3.2759
-2.5533
-1.6875
-0.89687
-0.096838
0.7394
1.3789
1.7135
1.763
2.9077
4.4441
5.4951
7.249
8.4424
9.0116
9.3964
9.3315
9.2492
8.9787
8.2069
7.0841
5.4959
3.819
2.155
0.5035
-1.5214
-3.8466
-6.5201
-9.7669
-11.858
-11.371
-9.3146
-6.2872
-3.4562
-2.9411
-3.1796
-3.1843
-3.2938
-3.103
-3.0159
-2.8701
-2.9093
-2.9459
-2.5349
-2.1355
-1.2378
-0.23244
0.8819
1.7997
2.0495
1.9396
3.341
4.538
6.7525
9.0137
9.405
9.3981
8.8982
8.1338
7.3187
6.3058
5.0181
3.318
1.5703
-0.17353
-1.989
-4.0765
-6.5504
-9.0042
-10.82
-11.079
-10.002
-8.3255
-5.7466
-3.5658
-3.0965
-2.8174
-3.1735
-3.5755
-3.7054
-3.9882
-3.9513
-3.3226
-2.578
-1.7515
-0.69733
0.32832
1.1547
1.8155
2.3777
3.3744
4.8068
6.1898
7.3936
8.3878
9.3315
10.172
10.297
10.048
9.541
8.6021
7.1897
5.4037
3.4698
1.4921
-0.65257
-2.6711
-4.6389
-6.4062
-7.8641
-9.115
-9.9729
-10.036
-8.8895
-5.521
-1.1206
-0.71031
-1.2281
-1.9281
-2.627
-3.0678
-3.1174
-3.1229
-2.9946
-2.4678
-1.674
-0.80576
0.18036
1.2783
2.1877
2.2447
1.0391
-0.62452
-1.5919
-1.3935
1.2259
2.7899
1.8172
0.9112
0.13659
-0.4964
-0.98184
-1.5054
-2.0261
-2.2695
-2.2591
-2.2053
-2.276
-2.789
-3.524
-3.9362
-3.5451
-2.5312
-1.8418
-1.8427
-2.3113
-2.8266
-2.7377
-2.4557
-2.1968
-2.1124
-2.1331
-2.06
-2.1866
-2.5202
-2.335
-1.5819
-0.081472
1.7695
3.8928
6.2136
8.351
10.197
9.8946
8.3562
6.0885
3.7681
4.741
5.4115
5.1657
4.2856
3.4437
2.9387
2.3662
1.629
0.71854
-0.42184
-1.5439
-2.7788
-3.9309
-5.2851
-6.8157
-8.8601
-10.494
-11.211
-10.721
-8.6372
-5.0808
-2.8152
-2.8701
-2.546
-2.0121
-1.2861
-0.28803
0.91865
1.7866
2.5263
3.1626
3.8587
4.4675
4.8951
5.4037
6.2621
6.9832
6.8404
6.469
6.9992
7.2066
8.2411
9.1916
8.8631
8.8501
8.4138
7.8957
7.2364
6.3469
5.0211
3.2569
1.2491
-0.81909
-2.9634
-5.022
-6.6547
-7.8576
-9.4509
-11.089
-12.925
-13.271
-9.979
-4.5203
-3.0702
-3.8649
-3.9999
-4.4376
-4.2631
-3.9094
-3.7143
-2.9968
-2.0403
-1.1037
-0.022378
0.73356
1.1285
1.5016
2.0506
2.4121
2.5376
3.2877
5.3328
6.2127
9.9517
11.51
11.994
11.99
11.359
10.184
9.0566
7.6312
5.5786
3.1563
0.68789
-1.7904
-3.9702
-5.9755
-7.5866
-8.9692
-10.554
-12.006
-12.655
-11.848
-8.4705
-3.0636
-1.9724
-2.9896
-2.9748
-2.7971
-2.1931
-1.4298
-0.47207
0.042442
0.47458
0.86939
1.4525
1.6908
1.7963
2.3083
2.6701
3.1099
3.3566
4.7116
5.9898
7.8546
9.3704
10.111
10.193
10.011
9.4237
8.7484
7.8126
6.3859
4.7155
2.89
1.1466
-0.54769
-2.0925
-3.7447
-5.7898
-8.1654
-10.435
-11.994
-11.446
-8.6463
-4.9073
-3.5655
-4.4164
-6.0201
-6.9599
-7.3035
-6.9824
-6.1833
-5.0436
-3.5239
-1.6688
-0.17473
0.77139
1.1484
1.7228
2.3742
3.1178
3.9972
5.4414
6.8079
7.1096
8.5636
8.9432
8.6406
8.3
7.6663
7.0421
6.4759
5.5475
4.3783
2.8593
1.2465
-0.3405
-1.9439
-3.835
-6.1167
-8.3809
-10.439
-11.378
-11.518
-10.339
-8.0896
-4.7783
-3.1405
-2.2667
-1.6735
-1.5422
-1.3034
-0.90739
-0.56453
0.020514
0.38978
0.77373
0.87064
0.8261
0.75477
0.67677
0.47822
0.36445
1.3492
3.123
4.5121
7.7195
9.8327
11.118
12.241
12.283
11.635
10.614
8.9644
7.0793
4.8774
2.6187
0.65114
-1.2152
-3.0824
-5.0163
-7.1611
-9.1973
-10.216
-10.287
-9.0055
-6.0284
-3.5249
-3.6362
-4.5341
-5.1094
-5.1371
-4.8172
-4.1139
-3.382
-2.6093
-1.7513
-0.84857
0.13982
0.8532
1.2986
1.6116
1.7881
1.7981
2.0679
3.7466
5.4479
7.3823
9.3747
9.9141
10.283
10.271
9.9491
9.0397
7.8883
6.3582
4.4134
2.5918
0.7494
-0.97033
-2.9222
-5.3812
-8.1818
-11.578
-14.42
-14.797
-13.005
-10.063
-4.3185
0.069512
0.10627
-0.3101
-0.69451
-1.2207
-1.5321
-1.7085
-1.6729
-1.3361
-1.0514
-0.78117
-0.46302
0.018938
0.53947
0.92388
0.93557
1.677
3.1052
4.4476
7.1343
9.3514
10.358
10.912
10.775
10.03
8.8947
7.4611
5.6907
3.5445
1.2953
-0.92094
-3.015
-5.4102
-8.0156
-11.076
-13.891
-14.228
-13.758
-9.6704
-2.7422
-0.74412
-1.8002
-2.4197
-3.2948
-3.8807
-3.915
-3.8527
-3.2907
-2.335
-1.3729
-0.77745
-0.27205
0.36337
1.1661
2.1848
2.9506
4.2993
6.3452
8.0433
10.546
11.722
11.388
11.291
10.934
10.235
9.0337
7.6849
6.0881
4.39
2.5994
1.0024
-0.60725
-2.3722
-4.6216
-7.2014
-9.9729
-11.82
-11.645
-11.206
-8.0069
-4.0309
-3.5019
-4.2146
-4.0965
-4.2446
-4.1409
-3.7241
-2.9744
-2.0621
-1.1169
-0.50393
0.17562
0.77368
1.4166
2.5198
3.4201
4.4558
5.6288
5.9634
6.3413
7.1542
7.871
8.7791
9.3492
9.4747
8.8384
8.0792
7.0144
5.5375
3.6713
1.6171
-0.34121
-2.4039
-4.3883
-6.7594
-9.5219
-12.309
-13.505
-12.691
-11.64
-5.6596
-1.8485
-1.5678
-1.6603
-2.2509
-3.0684
-3.515
-3.6225
-3.2936
-2.1421
-1.013
-0.04207
0.79606
1.6979
2.8185
4.103
4.9648
5.3661
6.1266
6.4266
7.4901
8.6709
8.883
9.1025
9.2103
8.6112
7.9437
7.3139
6.3712
4.9999
3.3313
1.7076
-0.029941
-1.6287
-3.4249
-5.6725
-8.4779
-10.695
-11.574
-9.9916
-8.0346
-4.5657
-3.2117
-3.2522
-3.5845
-3.9292
-4.2627
-4.312
-4.1947
-4.1627
-3.9412
-3.3568
-2.5305
-1.5783
-0.94907
-0.59829
-0.8387
-1.4149
-0.40946
0.27571
1.7856
3.1869
3.8296
4.2597
4.5458
4.4458
4.132
3.8248
3.0531
1.811
0.82402
-0.067486
-0.28474
-0.3522
-0.67798
-0.76992
-1.0038
-1.6583
-1.7031
-1.3383
-0.22093
0.95319
2.1744
2.8516
2.7409
1.903
1.084
0.93431
1.2137
1.2906
1.3508
1.3304
1.1892
0.9905
0.76065
0.18425
-0.54907
-1.7696
-2.1015
-1.7307
-0.90834
0.068053
0.90817
0.37983
0.080476
1.5318
2.7783
3.6679
3.6768
2.423
0.63859
-0.18103
-0.28053
-0.33371
-0.73001
-1.6434
-2.5433
-3.1405
-2.8955
-2.6121
-2.3544
-2.3513
-2.5049
-2.9939
-3.1938
-2.6721
-1.6419
-0.68551
0.67404
1.7509
1.9731
1.7415
1.4722
0.89531
0.37496
-0.069373
-0.48021
-1.0494
-1.9778
-2.6173
-2.8734
-2.8066
-2.4799
-1.1942
0.067322
0.88016
1.4765
1.6076
1.7249
1.5671
1.2363
0.96613
0.62508
0.31434
-0.12223
-0.59435
-0.86679
-0.56899
-0.024043
0.4638
0.53531
0.1992
0.17531
0.21454
0.33337
0.49259
1.223
1.8994
2.2162
2.0587
1.5012
0.80121
-0.15818
-1.0017
-1.726
-2.1743
-2.8635
-3.6349
-3.9272
-3.4471
-2.9383
-2.3449
-0.99188
-0.048164
0.32941
0.72386
1.2779
1.3396
0.94626
0.98349
1.223
1.2068
1.0129
0.7894
0.54176
0.067746
-0.28375
-0.36129
-0.65486
-1.3088
-1.5945
-1.0209
-0.6372
0.080493
1.1611
2.351
2.53
1.7149
0.73927
0.46099
0.75239
0.87614
0.70482
0.054401
-0.565
-1.2748
-1.7967
-2.0553
-1.9788
-1.6123
-1.061
-0.025196
0.34431
-0.2414
-0.43822
-0.6008
-0.45216
-0.26504
-0.34881
-0.43484
-0.60154
-0.81437
-1.1484
-1.4242
-1.4182
-1.1107
-1.0767
-0.69902
-0.15491
0.45164
0.90947
1.2305
1.7714
2.6286
2.9287
2.8128
2.4918
2.1923
1.8689
1.28
0.56782
0.048415
-0.39832
-1.0785
-1.4073
-0.75537
0.3658
1.2175
1.1985
0.6095
0.018138
-0.16155
-0.35518
-0.71676
-0.80511
-0.46172
-0.011935
0.12619
-0.11046
-0.59742
-1.1315
-1.0904
-0.52471
-0.29956
-0.3832
-0.21916
0.11571
0.43467
0.91358
0.96751
0.92735
1.0141
1.4625
1.5359
1.5107
1.0842
0.2965
-0.39581
-0.80619
-1.3617
-2.1528
-2.7213
-2.3749
-1.5847
-0.46393
0.25319
-0.0043316
-1.1879
-1.4593
-0.94535
-0.40451
0.16655
0.46458
0.53838
0.25928
-0.43688
-1.3693
-1.4819
-1.0363
-0.5054
-0.21446
0.32082
1.0198
1.2414
0.96392
1.2268
1.4206
0.90008
0.69473
0.73776
1.503
1.7191
1.4417
0.80056
0.15049
-0.27941
-0.90609
-1.5068
-2.0435
-1.6035
0.13967
1.2748
0.8432
-0.17044
-0.24416
-0.23094
-0.094072
-0.42131
-0.69897
-0.74788
-0.76312
-0.4181
-0.30767
-0.42427
-0.24384
0.32124
0.010946
-0.75078
-1.0908
-1.1147
-0.78766
0.48596
1.7085
3.5123
5.0622
6.4391
7.1352
6.5846
5.1795
3.3249
1.284
-0.72564
-3.4855
-5.989
-7.5096
-8.6185
-9.4566
-7.2693
-2.5373
1.647
6.1024
9.4146
11.529
12.009
11.59
11.073
10.298
8.9112
6.798
4.172
1.6024
-1.4039
-5.0713
-8.4709
-11.606
-15.001
-17.189
-15.765
-15.758
-11.057
-6.7361
-7.5875
-6.9867
-6.0578
-5.1964
-3.7678
-2.4814
-1.1037
0.31283
1.0859
0.6717
-0.63257
-0.96016
-0.95626
0.018775
2.2124
4.8943
9.6262
12.013
10.464
13.364
14.698
14.34
13.257
12.116
11.155
9.6751
7.3507
5.0341
2.6201
0.49423
-1.7443
-4.0903
-5.934
-7.6226
-9.318
-11.465
-12.569
-8.9272
-5.9842
-5.5578
-7.3512
-8.5017
-8.1342
-6.7832
-4.9151
-2.6358
-0.54068
0.91908
1.6991
2.0094
1.9575
1.8191
2.4219
3.4056
4.3368
6.482
8.2368
8.9869
10.098
11.196
11.6
11.718
11.004
9.992
8.7428
7.1447
5.0813
2.6441
-0.25376
-3.278
-6.5733
-9.283
-12.063
-14.24
-14.687
-14.965
-11.308
-5.0094
-4.8653
-5.7344
-6.2651
-6.6434
-5.4011
-3.5124
-1.8499
-0.31323
1.1028
2.2842
3.393
4.9454
6.978
9.1947
11.178
13.35
15.253
15.25
13.093
11.779
12.23
12.498
12.296
11.108
9.2527
7.4022
5.1635
3.0678
1.1025
-1.1187
-3.8036
-6.5127
-9.2085
-11.394
-13.245
-14.949
-13.573
-10.461
-7.4187
-3.7172
-3.3404
-3.9836
-5.1661
-5.9245
-5.5102
-4.8255
-3.7094
-2.1728
-0.80796
0.21641
0.84904
1.4577
2.4922
3.6238
4.9544
6.0444
8.3658
10.66
11.063
12.013
13.404
13.841
13.703
13.278
12.697
11.627
9.8379
7.194
4.2237
1.3386
-1.4985
-3.85
-6.5426
-9.3782
-12.305
-14.042
-14.344
-15.137
-11.645
-7.9515
-8.9125
-9.8496
-10.234
-10.519
-9.7574
-8.1658
-5.9881
-3.0547
-0.71988
0.086506
0.63881
2.2973
5.1436
7.7775
9.2471
10.295
11.699
11.303
9.9098
11.916
12.937
11.965
10.9
9.3449
7.4286
4.9925
2.376
-0.73529
-4.5809
-8.2571
-12.205
-16.094
-19.272
-20.607
-19.31
-14.582
-6.6322
-4.9103
-6.6499
-5.6738
-4.6839
-3.461
-1.6922
0.17846
1.5906
2.4292
2.111
1.5709
1.3953
1.5652
2.0604
3.338
4.574
5.3821
6.4638
5.5691
7.7684
10.932
12.506
13.175
13.438
12.994
12.366
11.3
8.9666
5.4916
1.2322
-3.0757
-7.6736
-11.605
-14.296
-17.199
-17.101
-15.629
-13.592
-7.4299
-4.1434
-3.8066
-4.1366
-3.2508
-1.7505
0.21991
1.7831
2.512
2.563
2.5581
2.4941
2.7245
3.6148
4.6164
6.079
9.3336
10.377
10.362
11.326
12.145
12.444
11.729
10.111
8.1039
6.1353
4.4194
2.5673
0.088908
-3.109
-6.8512
-10.927
-14.747
-17.443
-19.151
-17.334
-15.679
-13.923
-7.5641
-4.8428
-4.9908
-3.8001
-2.706
-1.2226
0.3327
2.0184
3.4698
4.0347
3.8237
3.4713
3.4169
4.1983
5.7106
6.6231
7.0585
8.8752
8.8268
6.8607
8.4948
8.9765
9.0436
9.0899
8.4917
7.3312
6.1457
4.809
3.0374
0.97985
-1.2249
-3.3963
-5.3332
-7.5364
-9.7202
-11.04
-11.407
-9.8535
-6.3785
-5.8699
-6.35
-6.3755
-5.8639
-4.5238
-3.21
-1.8707
-0.88298
-0.023688
0.73382
1.4771
2.2239
3.0135
4.0567
4.654
5.238
6.7317
7.1542
8.4367
10.557
11.669
11.859
11.356
10.011
8.322
6.3876
3.9453
1.1948
-1.7941
-5.3332
-8.5579
-11.274
-13.265
-16.031
-16.593
-14.892
-10.977
-5.4488
-3.8176
-4.5203
-4.5069
-3.9433
-2.5561
-0.93289
0.55635
1.6283
2.2211
2.2369
2.0896
1.9505
2.2772
2.7028
3.1394
3.3616
5.0592
6.2028
7.3715
9.5886
10.137
9.6405
8.767
7.3455
5.6756
3.8369
1.4023
-1.6553
-4.8354
-7.7355
-10.04
-12.132
-15.044
-17.162
-16.554
-12.878
-7.9909
-3.4217
-3.2101
-3.261
-3.6578
-3.0182
-2.1309
-0.62262
0.93687
2.1924
2.7768
2.6591
2.4582
2.5293
3.031
3.7018
4.725
6.9092
8.2982
9.4713
11.762
13.261
14.247
13.707
12.151
10.357
8.3359
6.3716
4.2913
1.8594
-1.1875
-4.5623
-8.0779
-11.791
-14.766
-14.553
-14.455
-10.258
-5.0895
-4.3731
-5.0687
-5.122
-5.3687
-4.6411
-3.2701
-1.7758
-0.39109
0.58929
1.0948
1.3426
1.806
2.7834
4.1679
5.1986
6.3361
7.6239
8.7488
9.8487
10.354
10.487
11.01
10.933
10.047
8.8609
7.1507
4.9627
2.5262
-0.20129
-3.6476
-6.9577
-10.048
-13.026
-14.107
-16.224
-16.281
-9.6535
-5.1756
-5.1661
-5.5189
-4.9215
-4.9129
-4.4398
-3.5508
-2.303
-1.0426
-0.43021
-0.54462
-0.047415
1.1481
3.1447
5.3098
6.5274
7.1317
9.37
10.009
10.342
13.344
14.731
14.611
12.986
10.734
7.9472
5.2756
2.3685
-0.88129
-4.1202
-7.4654
-10.678
-13.462
-16.155
-17.389
-17.218
-17.457
-11.574
-5.3501
-4.6636
-5.151
-4.4155
-3.6447
-2.5401
-1.0624
0.56366
1.7458
2.318
2.3442
2.4672
2.9089
3.3497
4.0952
4.3697
5.9708
9.0674
9.8578
13.499
15.158
15.665
14.976
13.529
12.171
10.789
9.144
6.9992
4.7185
1.7983
-1.5779
-5.0064
-8.819
-12.546
-15.394
-15.74
-16.5
-11.613
-6.6287
-5.8712
-5.7492
-4.429
-3.6118
-2.401
-0.97202
0.42785
1.3836
1.6631
1.8986
2.6424
3.7267
5.1531
5.4276
5.27
6.7746
5.9288
6.7664
9.3012
10.518
10.772
10.416
9.5639
8.538
7.6619
6.0786
3.8609
1.1757
-2.6054
-6.2595
-9.7669
-13.73
-16.024
-17.096
-15.945
-10.024
-5.4362
-4.1302
-4.6675
-4.3385
-4.3844
-3.7719
-2.3225
-1.1364
-0.29703
-0.2029
-0.15803
0.17745
0.82891
1.6524
2.7726
3.074
3.8154
4.9596
5.441
8.2402
10.057
10.405
9.3921
7.9615
6.5647
5.0934
3.3242
1.2814
-1.4213
-4.3978
-7.0304
-9.2644
-11.307
-13.641
-14.465
-13.339
-11.057
-7.4472
-5.0631
-4.6398
-4.3084
-3.902
-2.7003
-1.0886
0.61608
2.0075
2.7671
3.2525
3.7778
4.5238
5.4241
6.1591
6.5551
7.2581
8.0723
7.2204
8.2805
9.9461
11.149
10.827
9.3514
7.8563
6.5067
4.7878
2.9803
0.78234
-1.9583
-5.3695
-8.6939
-11.925
-14.789
-16.226
-15.197
-12.744
-6.4577
-3.966
-3.596
-3.5478
-2.7835
-1.9424
-0.90994
0.34081
1.2
1.8969
2.4378
2.6766
2.6721
3.0062
3.7556
4.712
5.8245
8.9947
11.051
12.996
15.035
15.443
14.287
12.243
9.7669
7.4061
5.454
3.7087
1.6865
-0.71832
-3.2536
-5.9517
-8.8752
-12.18
-14.801
-14.681
-13.326
-7.7702
-4.448
-3.738
-3.4505
-2.849
-1.967
-1.122
-0.34403
0.33075
0.63491
0.57851
0.56661
0.95691
1.7982
3.1342
4.1826
5.3583
7.3118
8.4623
10.666
12.343
12.874
12.551
11.798
10.54
8.835
6.9927
4.7874
2.3813
-0.5686
-3.9918
-7.3148
-10.787
-13.861
-14.468
-14.798
-12.135
-8.4458
-6.4954
-5.6145
-5.9037
-4.986
-4.5328
-3.4522
-2.5235
-1.7614
-1.3421
-1.1625
-1.0269
-0.75853
0.11607
1.7055
3.1779
5.1752
8.1887
10.1
12.267
13.824
13.753
13.136
11.965
10.407
8.271
6.4106
4.4298
2.6778
0.93522
-1.189
-3.5351
-6.0972
-8.9527
-10.349
-11.134
-12.334
-9.2947
-6.1327
-6.5984
-7.1715
-7.1031
-6.7032
-5.7054
-4.3749
-2.8763
-1.3074
-0.098214
0.3581
0.10381
-0.13372
-0.15441
0.10014
0.85895
2.4708
4.812
6.7988
9.9755
12.292
13.761
13.874
13.156
12.102
10.918
9.3994
7.2347
4.8622
2.2697
-0.65534
-4.3234
-7.9836
-10.646
-12.706
-13.948
-12.036
-7.5195
-6.4733
-6.4841
-6.1327
-6.2539
-5.7089
-4.8921
-4.4658
-3.6805
-3.2194
-2.8008
-2.7791
-2.2357
-0.85445
1.4221
2.7915
3.6234
6.0452
7.9074
9.4652
11.059
12.466
13.545
13.844
12.918
11.546
9.5475
7.1633
4.3194
1.2295
-2.1922
-6.2959
-10.602
-14.485
-17.97
-18.916
-18.292
-15.092
-7.5247
-2.3996
-1.5188
-1.7902
-2.5934
-2.5725
-2.0295
-1.1688
-0.41508
0.16051
0.22104
0.45004
0.96561
1.89
3.0799
3.8083
4.6298
6.2283
7.4784
8.5017
10.692
11.624
11.941
11.542
10.69
9.3055
7.5684
5.3488
2.863
0.13475
-2.7974
-6.2379
-9.7518
-13.143
-14.796
-14.643
-12.862
-8.7099
-7.1235
-6.4041
-6.801
-6.04
-4.9125
-3.4331
-1.5207
0.073581
1.5615
2.6167
3.1424
3.4044
3.794
4.0011
4.0395
4.409
5.9725
6.0357
6.8945
9.3596
11
12.059
11.997
11.035
9.7206
8.548
7.239
5.7293
3.8161
1.162
-1.4455
-4.7549
-8.7618
-11.522
-12.714
-10.943
-7.2066
-3.4866
-2.9768
-3.5219
-3.7766
-4.209
-3.2755
-2.6495
-1.6815
-1.2495
-1.0486
-1.3443
-1.5836
-1.0759
0.37208
1.4192
3.9815
7.1118
9.218
11.53
12.736
12.786
12.561
11.8
10.298
8.2865
5.9626
3.3688
0.29837
-3.1562
-6.8265
-10.468
-13.654
-16.471
-16.826
-16.712
-14.476
-9.9123
-6.2833
-5.1817
-4.3476
-3.646
-2.9505
-1.8758
-0.83891
0.1339
0.99764
1.56
1.6884
1.6624
1.7443
2.2099
2.7437
3.3785
6.0833
8.4428
10.677
13.315
14.757
15.197
14.314
12.674
10.098
7.1235
3.9373
1.1592
-1.3836
-4.2011
-7.3983
-10.495
-13.483
-15.152
-15.358
-13.566
-9.4007
-6.5807
-5.7942
-5.9054
-5.7314
-5.0735
-4.0187
-2.6645
-1.562
-0.65824
-0.14827
0.049817
0.15227
0.29725
0.64517
1.4395
1.8868
2.7654
5.3942
6.5608
7.8762
9.9206
11.162
11.698
11.525
10.601
9.0142
7.4304
5.5708
3.3826
0.75451
-2.4172
-6.1019
-9.6912
-13.115
-15.666
-15.928
-15.276
-11.48
-6.1478
-4.1593
-4.0125
-3.9206
-3.8321
-3.4041
-2.518
-1.4926
-0.1806
0.6788
0.96189
1.017
1.2775
2.0261
3.1068
4.2835
6.5421
9.125
10.405
12.902
14.698
14.75
13.647
11.609
8.9562
6.4764
3.9313
1.3106
-1.3892
-4.1583
-6.9707
-9.7249
-12.377
-15.103
-15.877
-14.718
-12.119
-7.813
-4.8133
-3.7505
-2.7899
-1.9396
-0.93297
0.34891
1.4221
2.0461
2.4108
2.4571
2.3523
2.4054
2.7538
3.3063
4.2042
6.3054
7.9061
7.9312
8.9406
10.092
10.724
10.501
9.7267
8.6458
7.4992
6.4015
5.1964
3.6274
1.7759
-0.68473
-3.4252
-6.2006
-9.1947
-12.172
-12.993
-12.772
-10.737
-6.243
-4.1905
-4.3909
-4.5532
-4.8493
-4.7584
-3.959
-3.1217
-2.0925
-1.4149
-1.2801
-1.3371
-1.3506
-1.0829
-0.64227
0.15079
1.7476
4.2659
7.0819
9.4319
12.327
13.668
13.615
12.748
11.283
9.5713
7.3412
4.8315
2.2923
-0.11956
-2.7454
-5.6574
-9.0756
-12.353
-13.933
-14.446
-13.145
-9.1423
-7.0698
-6.1253
-5.9569
-5.5652
-4.7397
-3.4689
-1.8393
-0.5302
0.68568
1.7048
2.363
2.8626
3.1563
3.5169
4.223
5.4271
7.4576
10.653
10.614
9.4843
9.0904
8.7822
8.5852
7.9255
7.1468
6.9451
6.8646
6.6421
5.8639
4.5515
2.4294
-0.35132
-3.2798
-6.1305
-8.9467
-11.722
-11.301
-7.5775
-8.7791
-6.1612
-4.9661
-4.3948
-4.983
-4.4155
-3.7365
-2.9688
-2.1502
-1.1691
-0.50895
-0.41215
-0.021204
0.53189
1.5664
3.3583
5.5362
8.0273
8.9666
9.5427
10.393
11.491
11.948
11.214
10.143
8.7778
7.0044
5.0081
2.887
0.20302
-3.0055
-6.9352
-10.935
-15
-18.256
-18.151
-17.386
-14.819
-6.3452
-3.6097
-4.2139
-4.5934
-4.5168
-4.2346
-3.5531
-2.566
-1.5146
-0.69296
0.033807
0.61591
1.5993
2.6734
4.115
5.5985
7.4325
10.215
8.741
8.1606
10.459
11.742
11.952
11.42
10.461
9.2198
7.4213
4.9713
1.8766
-1.3492
-5.2921
-9.6881
-13.708
-17.341
-18.787
-17.569
-17.08
-9.3951
-3.9549
-2.2451
-3.5824
-3.7953
-3.5484
-2.996
-2.0444
-0.83684
-0.10658
0.39907
0.73923
1.2596
2.1932
3.5009
5.0566
6.7915
8.754
8.8341
9.6834
11.16
11.979
11.915
10.698
9.0886
7.0971
4.8259
2.6309
0.33935
-2.1959
-5.3064
-8.7571
-11.849
-14.565
-15.816
-13.176
-12.811
-7.1442
-2.8516
-2.2936
-2.4351
-2.1692
-1.8572
-1.1556
0.042517
0.98297
1.4755
1.77
2.364
3.0956
4.0911
4.928
5.9097
7.1893
10.276
10.229
10.186
11.011
11.453
11.368
10.743
9.65
8.1307
6.5183
4.5523
2.3259
-0.1282
-3.3115
-6.8928
-10.211
-13.501
-14.268
-14.468
-13.041
-5.9851
-3.9646
-3.4057
-3.74
-3.2073
-2.7091
-1.8676
-0.97989
-0.21071
0.22581
0.44259
0.6079
0.95371
1.4912
2.4726
3.7544
5.6578
8.5934
8.8757
9.7673
11.305
12.122
12.006
10.901
9.5682
7.9853
6.4958
4.4402
1.7046
-1.6179
-5.6176
-9.7773
-13.792
-16.502
-15.958
-15.36
-9.1626
-5.3968
-4.0593
-3.4206
-3.6042
-3.1648
-2.6965
-1.8154
-1.1004
-0.84839
-0.68148
-0.468
0.034018
0.94319
2.2458
3.4056
5.5154
8.242
9.1007
11.494
13.325
13.845
13.489
12.187
10.253
8.1264
5.7782
2.984
-0.25577
-3.8044
-7.407
-10.506
-13.563
-14.357
-14.14
-13.182
-6.9529
-3.7887
-3.2147
-3.7289
-3.4883
-3.6419
-3.14
-2.6309
-2.245
-1.9212
-1.5346
-0.82848
0.19063
1.7017
3.7032
5.7617
8.7185
10.723
10.292
11.55
12.338
12.307
11.984
10.946
9.2297
7.7407
6.1487
4.1637
1.7108
-1.1888
-4.5939
-7.884
-11.27
-13.378
-14.633
-13.627
-9.9223
-5.2795
-3.7662
-4.016
-4.3484
-4.7848
-4.5263
-3.6861
-3.1181
-2.5512
-2.1199
-1.8653
-1.6358
-1.2346
-0.70927
-0.29586
0.57621
2.9383
5.4981
6.9521
9.7297
11.317
11.65
11.02
9.8647
8.1987
6.5798
4.4077
1.9476
-0.89531
-4.1844
-7.932
-11.392
-14.232
-15.161
-13.24
-12.614
-6.2084
-3.3663
-2.894
-2.9457
-2.6401
-2.4405
-1.7945
-0.84052
0.23712
0.96847
1.4311
1.5655
1.8341
2.1247
2.5276
3.5248
4.9107
6.7633
8.3233
7.5814
8.9064
10.604
11.659
11.83
11.408
10.485
9.3977
8.087
6.3123
3.8624
0.74719
-2.9841
-7.3321
-11.791
-15.355
-16.148
-15.542
-13.651
-7.1161
-4.9692
-3.7953
-4.1334
-4.2109
-3.9282
-3.1953
-2.2504
-1.4052
-0.69525
-0.28387
0.36832
1.06
1.9121
3.1207
4.8661
7.2975
8.0814
8.3134
10.05
11.395
11.581
11.062
10.332
9.0224
7.2732
5.1795
2.1607
-1.5829
-5.5752
-9.5314
-12.656
-14.502
-14.161
-13.508
-13.341
-7.4689
-5.1272
-4.5904
-5.4141
-5.6167
-5.4804
-4.3265
-2.6911
-1.51
-0.69105
-0.058024
0.97461
2.5222
3.8374
5.1505
6.4647
7.4156
8.4134
10.77
7.7286
8.461
12.418
13.503
12.817
11.866
11.032
9.9366
8.6809
6.8265
4.2488
1.4091
-1.9857
-5.6747
-8.9873
-11.861
-13.394
-12.769
-11.077
-7.5308
-4.7614
-5.4695
-5.6959
-4.6913
-4.6705
-3.7682
-2.0118
-0.83017
-0.43142
-0.53185
-1.4801
-2.0313
-1.9275
-1.1929
1.0197
4.0113
11.143
14.063
13.107
15.502
17.035
16.825
15.163
12.933
10.47
7.8654
4.5424
2.0005
-0.50981
-3.4411
-7.0533
-10.916
-14.346
-16.944
-19.324
-20.157
-18.45
-15.035
-8.8921
-4.3571
-5.4496
-5.5713
-5.5968
-4.5536
-2.6454
-1.0334
0.30004
1.0289
1.3131
1.5575
2.0034
3.0031
4.0607
5.2077
6.176
9.4488
11.548
12.385
15.665
16.854
16.274
14.465
12.411
9.9405
7.5304
4.6415
2.0405
-0.54384
-3.3618
-6.4495
-9.434
-12.422
-14.232
-14.082
-14.107
-9.779
-5.2202
-3.8318
-5.4609
-6.2076
-5.6037
-3.8853
-2.4779
-1.4757
-0.70395
-0.11716
0.5373
1.2238
1.9772
3.0702
4.1156
5.4548
7.671
9.4817
9.17
10.847
11.606
11.752
10.696
9.1367
7.5377
5.9634
4.4134
2.8256
1.1375
-1.2768
-4.2856
-7.3295
-10.492
-12.837
-13.36
-12.636
-9.2328
-4.1205
-3.4716
-4.8272
-5.2518
-5.0471
-4.2241
-3.2197
-2.2688
-1.5744
-1.557
-1.6331
-1.5006
-0.90536
-0.087285
1.2677
3.0956
5.4596
9.3973
9.7994
11.429
13.186
13.135
12.338
10.705
8.712
6.6348
4.3554
2.0491
-0.50029
-3.6567
-7.0802
-10.026
-12.457
-13.948
-14.941
-13.096
-11.2
-12.371
-8.4043
-5.6262
-6.6525
-6.624
-5.7063
-3.9973
-2.6402
-1.9768
-1.7656
-1.6035
-1.0185
0.13671
1.5527
3.3245
5.0808
7.007
9.7379
13.569
13.347
14.034
16.424
16.097
15.007
13.67
11.887
10.014
8.4484
6.6971
4.7285
3.1199
1.4863
-0.061491
-2.404
-5.4752
-9.5176
-12.857
-14.45
-13.035
-9.4804
-9.1319
-8.7904
-7.7299
-7.6451
-6.1565
-3.818
-0.60825
2.0594
3.7695
4.8878
5.5016
5.6808
5.7847
6.2253
8.0684
7.5823
10.062
12.893
14.19
13.762
12.67
10.585
8.1744
5.1354
1.4957
-2.5011
-6.4954
-10.694
-14.9
-18.121
-21.014
-23.416
-22.681
-18.183
-12.625
-5.766
-2.9176
-2.1933
-1.7721
-1.3331
-0.61024
0.4764
1.952
3.0504
3.5725
3.8671
4.732
5.3492
7.5438
6.2335
7.3715
8.6631
8.5887
9.1865
12.677
12.49
11.697
11.035
10.411
9.4202
7.8221
6.5413
4.1567
1.1798
-2.0765
-5.7357
-9.4579
-12.501
-15.216
-18.444
-18.34
-15.984
-14.074
-3.7799
-2.6209
-3.1217
-3.7164
-4.1821
-3.9179
-3.1855
-2.2241
-1.0325
-0.24935
0.47155
0.80879
1.4602
2.3654
4.8371
8.3623
11.35
15.371
17.789
18.538
19.261
18.814
16.905
15.159
12.074
8.8445
5.7643
2.9731
0.12454
-3.2104
-7.0572
-10.536
-13.599
-16.432
-16.323
-15.208
-10.991
-5.5639
-4.3848
-4.2387
-4.8973
-5.5942
-5.7756
-5.8803
-5.3994
-4.6614
-3.641
-2.8268
-2.2944
-2.0078
-0.89782
1.3866
3.9636
6.2837
9.7202
13.446
14.235
14.951
14.997
13.674
11.5
8.9505
6.6049
4.0568
1.4735
-0.90562
-3.2937
-5.9072
-8.3593
-10.039
-11.147
-13.073
-13.483
-7.2806
-4.3562
-2.1702
-1.0477
-1.6934
-2.4391
-2.1173
-1.4778
-1.1822
-0.6282
-0.11986
0.44064
0.62249
1.1474
1.8969
3.1826
5.5574
7.7619
8.19
8.9635
9.4414
11.073
11.877
12.457
12.068
11.113
9.534
7.4944
5.4336
3.1102
0.34021
-2.8816
-6.5396
-10.01
-13.161
-16.388
-18.832
-18.112
-18.749
-13.608
-7.7524
-6.9607
-6.0838
-4.371
-2.3232
-0.27581
1.2313
1.9636
1.8594
1.9481
2.7666
3.6828
4.6973
5.8331
7.02
8.7575
9.5942
6.4296
5.3817
7.9719
9.9067
10.592
10.569
9.673
8.2234
6.3067
3.7125
1.1039
-1.7686
-5.1484
-8.6683
-11.716
-13.85
-12.935
-10.788
-10.808
-6.8274
-5.0042
-4.1354
-3.7251
-3.2122
-2.6016
-1.6543
-0.57409
0.10793
0.36686
0.3639
0.54228
1.1236
2.1279
3.5375
5.2648
5.9773
7.7429
8.1705
5.615
6.5257
7.7667
8.7761
10.08
10.624
10.635
10.056
8.4069
5.6812
1.9951
-1.9191
-5.979
-9.3981
-12.45
-15.368
-15.733
-14.911
-10.727
-6.7521
-4.7259
-4.3285
-4.8462
-4.664
-4.3182
-3.4354
-2.3612
-1.4911
-0.93869
-0.69053
-0.19136
0.44411
1.5303
2.9589
5.5561
9.1328
8.258
7.8234
10.253
10.914
10.729
10.381
9.8435
9.3799
8.6285
7.0975
5.1981
2.7549
-0.30278
-4.0823
-8.1866
-12.34
-16.476
-17.083
-14.382
-11.958
-4.1964
-4.4056
-4.3506
-4.1473
-3.3856
-1.9478
0.20724
2.2052
3.1698
2.4788
1.8041
2.6274
4.9475
7.8372
10.656
12.366
12.82
12.961
10.374
11.387
11.296
10.558
9.1059
8.0649
7.0789
6.2417
5.3319
4.0125
2.194
-0.46419
-4.2672
-8.5255
-12.369
-15.544
-18.572
-17.74
-17.128
-12.484
-5.7305
-3.1391
-3.1294
-4.0023
-4.206
-3.7293
-2.601
-1.4869
-0.65447
0.066499
0.74217
1.6213
2.6463
3.7383
4.1937
3.9907
5.2622
8.1294
8.1948
9.9911
11.755
12.272
11.578
10.24
8.5285
6.3409
4.0859
1.0702
-2.4167
-6.1357
-10.33
-13.76
-16.303
-17.875
-16.31
-14.556
-9.3496
-3.5596
-1.3438
-1.3136
-2.5039
-2.6946
-1.6717
-0.30465
0.88622
1.2769
1.4076
2.0316
3.2822
4.2525
5.4124
6.9785
8.2026
10.551
12.591
10.549
10.93
11.471
11.37
11.139
10.285
9.1081
7.4823
5.6552
3.3947
0.72797
-2.4626
-6.3634
-10.021
-13.323
-16.196
-16.896
-16.121
-12.806
-6.0418
-2.5321
-2.2243
-2.8226
-2.7601
-2.2302
-1.1879
0.16712
0.91523
0.93003
0.56258
0.47004
1.0356
2.2614
4.1527
5.6652
7.1499
9.7379
10.246
12.81
14.137
14.784
14.683
13.257
10.664
7.6477
4.348
0.51505
-3.5636
-7.3589
-10.812
-13.719
-15.69
-16.845
-16.28
-14.087
-12.803
-8.3078
-3.4181
-3.0867
-3.3612
-3.1387
-2.5601
-1.6039
-0.54734
0.41452
1.3773
2.1201
2.2499
2.2609
2.3519
2.7471
3.1101
3.8456
6.0171
6.8841
6.9932
10.089
12.184
12.659
12.147
11.48
10.754
10.249
8.9215
6.5595
3.8824
1.0657
-2.4762
-6.3171
-9.4704
-12.999
-14.898
-14.189
-13.439
-8.7177
-4.777
-4.7289
-4.251
-4.1888
-2.9297
-1.8501
-0.69789
-0.012068
-0.20074
-0.31421
-0.249
0.40794
1.2415
2.7517
4.8471
7.2633
9.6717
10.013
11.498
12.151
13.274
13.268
11.813
9.5847
7.5178
5.4263
3.1884
0.70668
-2.1336
-5.8201
-9.918
-13.889
-17.548
-21.191
-23.358
-20.554
-22.184
-13.556
-7.3308
-7.4079
-6.8088
-4.1812
-2.1747
-0.60712
0.77511
1.7703
2.2572
2.6689
3.1331
3.6964
4.9536
6.6248
8.3956
9.9331
12.339
10.98
8.2082
9.792
11.707
12.269
11.049
9.3289
7.729
5.8985
3.6832
1.1477
-1.5808
-4.5631
-8.4047
-11.723
-14.839
-17.634
-17.472
-14.96
-12.444
-6.1703
-2.4564
-1.3507
-1.567
-0.73291
-0.16941
0.3492
-0.21473
-1.3533
-1.2294
0.27098
2.2192
3.5964
4.6714
6.3088
9.1587
13.906
15.6
13.243
11.588
12.604
12.334
11.211
9.6942
7.7182
6.079
4.5043
2.4582
0.066781
-2.7349
-6.0457
-9.5544
-13.019
-15.258
-13.851
-12.44
-12.471
-6.6906
-4.2213
-4.2621
-4.255
-3.6552
-3.0801
-2.128
-1.1835
-0.41056
0.16153
0.56388
0.88081
1.0804
1.9645
4.3948
8.3909
12.255
12.213
10.665
10.241
11.482
11.53
10.829
9.6336
8.5692
7.3382
5.6314
3.5311
1.2608
-1.9059
-5.8033
-10.036
-14.74
-18.798
-14.993
-15.259
-11.877
-6.182
-6.4248
-4.6597
-4.6848
-4.996
-3.5832
-1.2474
0.92674
2.6033
3.7832
4.3766
4.548
4.4636
4.9471
6.4945
7.8541
8.6441
10.609
10.405
11
12.109
12.383
11.452
9.8033
8.4376
6.8291
5.0254
2.7873
0.40046
-2.4938
-6.0045
-9.7864
-13.02
-15.698
-15.937
-13.701
-12.904
-7.2304
-0.61582
-0.98621
-1.6255
-1.7936
-2.1176
-2.297
-2.0113
-1.1923
-0.38803
0.26329
0.46493
0.49882
0.66162
1.889
3.6147
5.3193
7.9645
9.5271
9.6669
10.407
10.93
11.207
10.627
9.0592
7.8247
6.8166
4.9943
2.7627
0.51051
-1.8756
-4.522
-7.2594
-9.831
-12.079
-13.147
-12.707
-11.684
-6.4266
-3.8271
-4.7887
-5.7189
-5.9336
-5.441
-4.3653
-3.3216
-2.3106
-1.7301
-1.8173
-1.7878
-1.411
-0.69897
0.23646
1.4495
2.3092
3.6502
5.46
6.1508
8.4744
10.962
12.208
11.898
10.627
9.3843
8.2636
6.7755
4.9176
2.3833
-0.90852
-4.7194
-8.4432
-12.058
-15.154
-17.053
-17.012
-14.177
-7.7896
-3.9107
-1.99
-1.7802
-1.5689
-1.4527
-1.1717
-0.64859
-0.58353
-1.1202
-1.9605
-2.5413
-2.5665
-2.1769
-0.80948
0.62205
1.9862
5.0869
7.4395
9.5288
12.169
13.071
12.978
12.085
10.778
9.4384
7.5572
5.6751
3.6886
1.5143
-0.52219
-2.2451
-4.3575
-7.0598
-9.3453
-9.9833
-8.0221
-5.112
-2.8704
-2.4074
-2.7323
-3.123
-2.7784
-1.9894
-1.2084
-0.48432
0.030078
0.72157
1.1734
2.0849
3.1938
3.3547
1.9839
0.9257
1.6992
2.617
4.1486
5.1787
5.1678
4.7744
4.5116
4.3774
4.1831
3.9433
3.2559
1.9296
0.72053
-0.65231
-1.5171
-2.0796
-2.862
-3.5744
-2.6772
-2.0541
-1.6912
-1.2071
-0.82182
-1.1026
-1.3989
-0.98479
0.1377
1.3346
2.2966
2.69
2.3405
1.2428
0.92799
1.0545
0.31319
-1.1039
-1.0124
-0.55362
-0.38357
0.84865
2.4028
1.7276
1.1363
0.88947
-0.027087
0.059859
0.24692
0.46289
0.40396
-0.014385
-0.50085
0.20656
0.19958
-1.5388
-2.5196
-2.7948
-3.0371
-2.8347
-2.468
-2.2204
-1.5378
-0.58344
0.2834
1.2893
1.6776
1.4745
1.5584
1.2841
0.53068
-0.70724
-2.1351
-3.6504
-2.8957
-0.93955
0.73988
1.1262
0.90847
0.44337
0.78316
2.6468
3.7045
3.473
1.514
2.2519
1.7538
-0.50233
-2.6754
-5.1341
-7.5671
-9.5379
-9.1038
-6.4703
-3.872
-1.2464
0.027489
0.34427
0.10264
-0.20075
-1.1853
-2.366
-2.8981
-3.4146
-3.9084
-4.519
-5.0194
-4.8029
-3.7782
-3.1297
-3.4169
-4.567
-3.8738
-1.5302
0.64993
2.7139
4.0035
4.9492
5.5778
6.0002
6.1171
5.7037
4.2579
2.3122
-0.11137
-2.4786
-4.461
-6.0634
-7.4836
-8.4177
-8.4164
-7.2546
-5.7271
-3.7833
-2.3033
-1.7685
-2.3092
-3.2813
-3.8998
-3.711
-2.1623
-1.4042
-1.0209
-0.89038
-0.60786
-0.21193
1.2957
2.2008
1.7552
-0.077386
-0.23923
0.53302
1.422
2.6518
3.2984
3.4063
3.1054
2.4569
1.7521
0.78563
0.054791
-0.083493
-0.53618
-0.75217
-0.64045
-0.015263
0.35827
0.55063
-0.34706
-0.10689
-0.684
-1.1419
-1.0017
-0.27989
-0.13002
0.24142
-0.11342
-0.025119
0.48969
1.2617
1.9613
1.7891
1.1119
0.85147
0.90263
1.1677
1.1745
1.0838
0.38909
0.41539
0.41218
0.41106
0.31187
0.20233
-0.12
-0.12076
0.14551
0.48601
0.8306
0.84056
0.88177
1.0982
0.94778
1.2869
1.2813
1.4618
1.3236
1.0434
1.0128
1.6277
2.1823
2.771
3.1721
2.9781
2.3236
0.72551
0.24519
0.35771
0.60565
0.72083
0.79558
0.44813
0.084532
-0.28473
-0.52592
-0.12622
0.23611
0.46367
0.61777
0.58881
0.45077
0.096202
-0.31939
-0.84761
-0.95436
-0.898
-0.64439
-0.62513
-0.79403
-1.0174
-1.1932
-0.99106
-0.75529
-0.4922
-0.16201
-0.087181
0.077909
0.044073
0.086259
-0.024314
-0.32868
-0.47462
-0.42172
-0.15436
0.08258
0.20893
0.29963
0.23523
-0.065504
-0.43744
-0.43333
-0.19976
0.28383
0.95635
1.2135
1.4875
1.4469
1.0342
0.74602
0.32414
0.18036
0.002545
0.00043205
-0.010203
0.14073
0.34805
0.31101
0.48181
0.44883
0.38566
0.3648
0.1843
0.20335
0.16956
0.010975
-0.049739
-0.13705
-0.054423
0.29132
0.65404
0.47432
0.028133
-0.39223
-0.58201
-0.55271
-0.68166
-0.87397
-1.1552
-1.2309
-1.3774
-1.5292
-1.5447
-2.1135
-2.7719
-3.2255
-3.9473
-4.4727
-4.9973
-5.3812
-5.6561
-5.1613
-4.8475
-4.2084
-4.1608
-4.2179
-4.0615
0.37613
-0.74213
-0.29009
0.021443
-0.070365
-0.19901
-0.50081
-0.70023
-1.152
-1.9745
-3.0983
-4.4601
-6.0911
-7.7836
-9.331
-11.062
-12.471
-13.729
-14.573
-14.73
-14.473
-13.72
-12.518
-11.423
-10.438
-9.6327
-8.3588
-7.1291
-6.0258
-5.3817
-5.0038
-4.2974
-3.5973
-3.0379
-2.4824
-1.849
-1.1627
-0.53877
0.084722
0.84571
1.7043
2.6197
3.4861
4.0699
4.3252
4.287
3.9937
3.5436
2.8612
1.8375
0.60093
-0.55622
-1.4001
-2.0203
-2.4197
-2.7375
-2.9435
-2.9822
-2.8514
-2.4297
-1.8962
-1.0649
0.06285
1.3934
2.883
3.841
3.5036
1.8874
-0.1851
-1.2661
-2.8554
-4.7956
-5.9777
-4.6804
-4.0787
0.7842
5.0986
3.9389
3.6814
3.3874
1.8646
1.0997
1.1491
2.0185
2.4268
1.8675
1.1375
0.62716
0.15901
-0.66603
-1.9117
-3.1884
-4.1543
-4.2989
-5.199
-5.5332
-3.0279
-0.68482
0.55154
1.6039
2.515
3.177
3.4853
3.6003
3.3509
2.6933
1.8429
0.9428
-0.25469
-1.573
-2.6625
-3.4617
-3.8113
-3.8218
-3.9421
-3.9102
-3.5364
-2.6801
-1.979
-1.7188
-2.0004
-2.4513
-2.7669
-2.7604
-2.467
-2.1925
-2.1098
-2.1101
-2.1502
-1.9545
-1.4535
-0.71486
0.0065417
0.84476
1.66
2.4154
3.0794
3.7005
4.3023
4.9415
5.6938
6.3539
6.7097
6.8265
6.7707
6.4595
5.1349
2.2714
-1.085
-3.0697
-3.5212
-3.0538
-2.3448
-1.94
-1.7293
-1.4489
-1.1647
-0.91189
-0.65802
-0.45238
0.041813
0.67789
1.2606
1.7022
1.993
2.1215
2.0563
1.9608
1.832
1.5426
1.2698
0.69884
0.31753
0.032328
0.10185
