0.13182
0.15355
0.27724
0.40669
0.38781
0.57082
0.58557
0.6564
0.77632
0.81388
0.85515
1.0813
1.0277
1.0842
1.1084
1.0832
1.3191
1.2037
1.3143
1.3402
1.4414
1.3623
1.3364
1.3624
1.4145
1.3888
1.2905
1.4526
1.3272
1.5133
1.3053
1.2534
1.2372
1.2019
1.1752
1.2671
0.88793
0.8909
0.84777
0.84772
0.72676
0.7167
0.50099
0.59874
0.45326
0.3731
0.1775
0.13493
0.10044
-0.053
-0.030157
-0.21985
-0.31774
-0.31566
-0.49605
-0.44808
-0.70341
-0.72716
-0.60882
-0.88424
-0.92706
-0.94097
-0.99785
-0.87558
-1.037
-1.2204
-1.1831
-1.17
-1.3083
-1.5052
-1.3809
-1.4698
-1.3513
-1.4083
-1.3298
-1.4719
-1.3114
-1.4602
-1.2531
-1.3221
-1.2211
-1.37
-1.1691
-1.2266
-1.2433
-0.99259
-0.99401
-0.97157
-0.87829
-0.8586
-0.84725
-0.82399
-0.71763
-0.54913
-0.38598
-0.35583
-0.25294
-0.20716
-0.065473
0.057905
0.036593
0.087749
0.30203
0.30472
0.27919
0.53496
0.6406
0.72658
0.77917
0.82053
0.90446
1.0978
1.0276
1.058
1.2345
1.2676
1.3512
1.3391
1.3455
1.4338
1.3492
1.3596
1.3373
1.5239
1.5698
1.4736
1.3524
1.2956
1.2975
1.3402
1.216
1.1624
1.1254
1.2179
0.99352
1.1172
1.0541
0.88783
0.82938
0.78545
0.70837
0.73668
0.58854
0.45787
0.47006
0.41876
0.14269
0.26126
0.016613
-0.1358
-0.08217
-0.095844
-0.17644
-0.37606
-0.38475
-0.52487
-0.6106
-0.59495
-0.73489
-0.75709
-0.85992
-1.0057
-0.98418
-1.092
-1.2213
-1.1705
-1.2303
-1.3066
-1.2965
-1.3942
-1.2257
-1.4906
-1.5005
-1.3269
-1.4573
-1.4456
-1.4372
-1.3156
-1.351
-1.2998
-1.4354
-1.3949
-1.2144
-1.3169
-1.0018
-1.0587
-0.93112
-1.0849
-0.85695
-0.79019
-0.67125
-0.70016
-0.69318
-0.56657
-0.47012
-0.37119
-0.27734
-0.15741
0.060198
-0.057979
0.042035
0.29985
0.43707
0.29849
0.30028
0.55246
0.54917
0.67178
0.74613
0.84873
0.80394
0.97862
0.99504
0.97808
1.1268
1.1129
1.4323
1.2748
1.2994
1.32
1.3525
1.4655
1.2965
1.3482
1.476
1.4351
1.3803
1.4751
1.3538
1.4028
1.3061
1.397
1.2894
1.2321
1.0767
1.0518
1.0514
0.98226
0.79564
0.84553
0.77797
0.55319
0.51778
0.62025
0.39645
0.27051
0.23856
0.26438
0.11902
-0.15725
-0.12612
-0.28696
-0.30528
-0.48186
-0.38622
-0.44398
-0.53777
-0.60553
-0.66428
-0.88181
-0.93005
-1.0578
-1.1609
-1.1469
-1.2274
-1.1811
-1.2561
-1.2392
-1.3704
-1.3108
-1.3456
-1.4937
-1.5299
-1.5645
-1.4494
-1.3948
-1.3565
-1.4484
-1.3891
-1.4941
-1.1797
-1.3251
-1.2034
-1.2974
-1.1698
-1.0138
-1.1079
-0.92546
-0.97724
-0.77917
-0.717
-0.6844
-0.47116
-0.62898
-0.39553
-0.22344
-0.24055
-0.12553
-0.10047
0.062638
-0.037213
0.097279
0.18733
0.26954
0.60269
0.63915
0.55511
0.70823
0.63703
0.77653
0.87527
0.98341
1.1089
1.126
1.1354
1.2736
1.2183
1.3173
1.4491
1.254
1.3411
1.3113
1.2837
1.4717
1.3725
1.2827
1.3219
1.4492
1.4062
1.3441
1.195
1.2347
1.1637
1.2803
1.0902
1.1424
1.1434
1.0559
0.93945
0.73556
0.91631
0.58442
0.55043
0.51651
0.48708
0.36914
0.20748
0.1069
-0.016526
-0.026022
-0.10764
-0.1851
-0.28913
-0.31312
-0.44303
-0.55735
-0.61656
-0.56061
-0.74708
-0.75009
-0.921
-1.0097
-0.92504
-1.0382
-1.1776
-1.0882
-1.2463
-1.2744
-1.3084
-1.3456
-1.3394
-1.479
-1.3538
-1.5732
-1.4046
-1.4796
-1.3603
-1.4495
-1.2984
-1.384
-1.371
-1.2507
-1.2553
-1.2218
-1.1742
-1.0217
-1.0574
-0.96842
-0.93615
-0.837
-0.80699
-0.63951
-0.57854
-0.45668
-0.41538
-0.32551
-0.24898
-0.066606
-0.096338
-0.024509
0.10857
0.14861
0.1709
0.30815
0.39552
0.55061
0.63598
0.66259
0.76949
0.76354
0.88891
0.94052
1.073
1.1433
1.0982
1.0508
1.2355
1.3533
1.3846
1.3802
1.4305
1.3147
1.3056
1.4344
1.3941
1.3189
1.4434
1.4769
1.3791
1.3559
1.315
1.2216
1.2327
1.2464
1.0565
1.1496
1.1125
0.95591
0.88773
0.92234
0.78641
0.70842
0.5881
0.46035
0.40297
0.37927
0.19943
0.17457
0.037236
-0.093403
0.027015
-0.1142
-0.27685
-0.26791
-0.42734
-0.48301
-0.56698
-0.65451
-0.75073
-0.82538
-0.94509
-0.87775
-1.0438
-1.0841
-1.2106
-1.1826
-1.1244
-1.3479
-1.2542
-1.4375
-1.3217
-1.2706
-1.3836
-1.4818
-1.2827
-1.4744
-1.4396
-1.3478
-1.333
-1.3401
-1.2871
-1.2391
-1.2416
-1.1662
-1.1613
-1.1177
-1.0587
-0.95494
-0.96522
-0.87365
-0.76011
-0.65061
-0.61149
-0.51634
-0.47739
-0.45528
-0.30476
-0.21684
0.012996
0.072659
0.1247
0.26258
0.26962
0.31001
0.49492
0.47003
0.5438
0.71529
0.7123
0.75293
0.84054
0.91722
0.92806
1.0306
1.1737
1.3383
1.19
1.3133
1.4313
1.3351
1.3342
1.3948
1.4084
1.3444
1.4129
1.3605
1.3168
1.3884
1.4239
1.3782
1.3064
1.3206
1.307
1.1764
1.1137
1.1326
1.0238
1.0932
0.80481
0.72124
0.67852
0.68695
0.59453
0.50094
0.50038
0.33924
0.3001
0.29099
0.17022
-0.033496
0.068426
-0.107
-0.24611
-0.42322
-0.31361
-0.524
-0.60512
-0.67366
-0.73578
-0.66925
-0.79935
-0.96612
-0.91126
-1.1059
-1.2102
-1.2168
-1.2724
-1.2785
-1.3096
-1.2767
-1.4088
-1.3083
-1.4139
-1.3647
-1.2743
-1.3911
-1.3571
-1.4273
-1.343
-1.3901
-1.3169
-1.3195
-1.2234
-1.2467
-1.0751
-1.0627
-1.1129
-1.098
-0.99996
-0.89017
-0.75243
-0.64881
-0.68207
-0.64204
-0.46815
-0.46846
-0.2792
-0.25644
-0.056203
-0.044123
0.093574
0.10899
0.38567
0.35598
0.41522
0.42452
0.62249
0.60037
0.67115
0.77643
0.84909
0.91829
1.1409
1.1282
1.232
0.99823
1.2118
1.2608
1.2836
1.4519
1.3245
1.3232
1.4162
1.3147
1.5192
1.473
1.5575
1.419
1.3752
1.4232
1.3158
1.2699
1.165
1.132
1.1341
1.1291
1.093
0.91598
0.86262
0.76402
0.66548
0.69774
0.57766
0.61145
0.40438
0.41131
0.22794
0.20844
0.1753
-0.01229
-0.072139
-0.36012
-0.29547
-0.33442
-0.42542
-0.39947
-0.57321
-0.67584
-0.71499
-0.91536
-0.92716
-0.92561
-1.0392
-1.2493
-1.0845
-1.2809
-1.3184
-1.2399
-1.3219
-1.3894
-1.4702
-1.4222
-1.5459
-1.3758
-1.4087
-1.4923
-1.4062
-1.1724
-1.3436
-1.3067
-1.1918
-1.2427
-1.2291
-1.1797
-1.1128
-1.006
-1.0017
-0.87818
-0.90199
-0.76653
-0.78815
-0.61583
-0.67963
-0.54807
-0.4687
-0.22183
-0.33348
-0.26232
-0.06871
-0.084051
0.015188
0.20964
0.28372
0.44411
0.46138
0.61843
0.65475
0.79155
0.7622
0.67973
0.85036
0.94429
1.0377
1.0499
1.174
1.2035
1.3679
1.1816
1.3068
1.3107
1.4497
1.4178
1.4505
1.3943
1.469
1.5092
1.3452
1.3167
1.3657
1.2879
1.3927
1.252
1.1537
1.192
1.0816
0.97992
1.0522
0.92235
0.92235
0.90827
0.74992
0.63262
0.62188
0.57959
0.46404
0.3471
0.25893
0.1055
0.079522
-0.0021209
-0.045106
-0.12032
-0.2473
-0.40531
-0.53043
-0.50979
-0.61215
-0.66513
-0.91702
-0.78107
-0.8725
-0.96685
-1.0507
-1.0394
-1.1198
-1.2351
-1.2289
-1.3368
-1.3595
-1.2274
-1.4905
-1.4643
-1.2063
-1.394
-1.3756
-1.3053
-1.5286
-1.2549
-1.2849
-1.4082
-1.3239
-1.2391
-1.2905
-1.2298
-1.1717
-1.0916
-1.0686
-0.91838
-0.8877
-0.72763
-0.80465
-0.60779
-0.55928
-0.47102
-0.43957
-0.35427
-0.35611
-0.092871
-0.10077
0.028523
0.1412
0.15914
0.27547
0.31939
0.51686
0.45382
0.68998
0.75032
0.85671
0.84622
0.99733
0.95775
1.0132
1.0528
1.1687
1.1572
1.2271
1.2535
1.2913
1.1869
1.3443
1.2601
1.4165
1.4541
1.356
1.4507
1.4239
1.3809
1.4841
1.3904
1.3041
1.3205
1.2769
1.3046
1.0392
1.1339
1.0386
0.89849
0.77936
0.76355
0.74641
0.70589
0.64592
0.49537
0.41842
0.39735
0.32222
0.26114
-0.04435
-0.08403
-0.067336
-0.10144
-0.32526
-0.36882
-0.46518
-0.52089
-0.62891
-0.62254
-0.86049
-0.6827
-0.99005
-0.88965
-0.94159
-1.0929
-1.1226
-1.2164
-1.1746
-1.2473
-1.2886
-1.2743
-1.3653
-1.2942
-1.394
-1.352
-1.398
-1.3645
-1.3796
-1.3372
-1.3888
-1.2506
-1.3285
-1.244
-1.3095
-1.0879
-1.0759
-1.1022
-1.0851
-0.987
-0.86749
-0.79449
-0.70425
-0.71444
-0.5942
-0.52794
-0.47641
-0.28971
-0.23709
-0.19909
-0.11543
-0.0012314
0.040102
0.11397
0.25893
0.32226
0.41419
0.54906
0.72177
0.61994
0.88452
0.83554
0.84831
1.0076
1.0519
1.0447
1.1456
1.0857
1.0514
1.2926
1.2303
1.3808
1.4031
1.4515
1.4392
1.4563
1.3854
1.5595
1.4126
1.4081
1.4534
1.2629
1.5191
1.1859
1.3314
1.2801
1.0899
0.94426
0.96018
0.9732
0.92843
0.84827
0.72008
0.67311
0.72428
0.54781
0.41985
0.35127
0.33105
0.15444
0.14766
-0.05564
-0.13734
-0.23146
-0.38989
-0.24813
-0.34616
-0.56425
-0.5601
-0.58061
-0.81169
-0.89329
-0.9234
-0.89194
-1.0028
-1.0924
-1.0579
-1.2618
-1.3034
-1.2685
-1.2786
-1.3127
-1.4256
-1.4073
-1.4102
-1.3873
-1.3927
-1.3852
-1.4447
-1.3391
-1.2856
-1.3487
-1.329
-1.2343
-1.2878
-1.0628
-1.1906
-1.0796
-1.0779
-0.99201
-0.90526
-0.75283
-0.78044
-0.67798
-0.60842
-0.43192
-0.57433
-0.30881
-0.25691
-0.2776
-0.085397
-0.0044064
-1.8392
-1.5361
-1.4338
-1.1295
-0.77193
-0.74656
-0.69269
-0.60748
-0.026567
-0.21605
0.17168
0.29147
0.40491
0.49207
0.46192
0.78897
0.74982
0.86261
0.93411
0.93497
0.87291
1.0404
1.3368
1.4783
1.1576
1.259
1.2081
0.84266
1.0936
0.8615
0.68466
0.74728
1.0372
0.68048
0.38101
0.54427
0.37543
0.10512
0.093337
-0.20047
-0.52514
-0.69549
-0.6952
-1.0112
-1.1308
-1.2315
-1.413
-1.8851
-1.7847
-2.0506
-1.7317
-1.4978
-1.6468
-1.1384
-1.0217
-0.64967
-0.64321
-0.61244
-0.64862
-0.318
-0.1894
0.17938
0.081312
0.20589
0.5756
0.97082
0.62939
0.60407
0.5681
0.86569
1.15
1.0796
1.1422
1.2662
1.3982
0.84928
1.0698
0.99044
0.9547
0.59563
0.73036
1.0516
0.87812
0.68046
0.66703
0.21011
0.27182
0.095021
0.12374
0.082026
-0.46105
-0.3206
-0.66433
-0.65318
-0.88931
-1.3892
-1.1298
-1.8649
-1.8004
-1.7826
-2.0756
-1.6882
-1.4981
-1.2144
-0.95364
-0.90337
-0.60319
-0.14627
-0.072537
0.12189
0.091382
0.044252
0.35613
0.53834
0.7183
0.78713
0.67202
0.65285
0.72156
0.91974
1.1445
1.3549
1.1236
1.3054
0.96799
1.3718
1.1511
1.3062
1.1654
0.90405
0.78352
0.49021
0.74984
0.64201
0.48967
0.57602
0.29482
0.26486
0.12559
-0.11162
-0.46293
-0.40242
-0.74148
-1.0898
-0.89113
-0.84864
-1.564
-1.6321
-1.6376
-2.3767
-2.1426
-1.6741
-1.2685
-0.69801
-0.53302
-0.69519
-0.57079
-0.5858
-0.60639
-0.17061
0.032372
0.17028
0.56188
0.44752
0.80916
0.78908
0.89742
0.63466
1.0663
1.1125
0.95164
1.1685
1.2114
1.2459
1.2796
1.3448
1.1517
1.1942
1.0652
1.1651
0.84374
1.0279
0.57376
0.80737
0.53074
0.47906
0.24197
0.13434
0.054482
-0.016108
-0.17956
-0.43794
-0.47267
-0.79798
-0.85176
-0.93641
-1.6248
-1.8151
-1.6349
-2.06
-1.7585
-1.3843
-1.5383
-1.3956
-1.0325
-0.82768
-0.5897
-0.41351
-0.54928
-0.18752
-0.03465
-0.2202
0.086374
0.5532
0.37682
0.70472
0.48679
0.90661
1.0803
1.1901
0.99382
0.95049
1.2642
1.1505
1.1732
1.3543
1.4309
0.9673
0.98518
1.021
1.0467
1.0742
0.85903
0.59732
0.71326
0.52273
0.27084
0.24962
0.036123
0.13676
-0.36136
-0.29155
-0.48355
-0.94311
-0.93812
-1.0962
-1.1742
-1.8421
-1.9638
-2.01
-2.2134
-1.8789
-1.7255
-1.128
-1.1478
-0.37754
-0.54352
-0.3639
-0.34681
-0.20501
0.1342
0.34341
0.53023
0.64972
0.7277
0.66192
0.76402
0.71881
0.91778
1.0702
0.84088
1.042
1.0735
1.1727
1.1117
1.106
0.92937
0.92193
0.85636
1.0567
1.0085
0.55981
0.58846
0.6068
0.6398
0.46315
0.43444
-0.06178
-0.10111
-0.37113
-0.3069
-0.62459
-0.5514
-1.1281
-1.034
-1.5859
-1.5816
-1.6473
-1.7711
-1.9826
-2.116
-1.5591
-1.3082
-1.3677
-0.8844
-0.9478
-0.80898
-0.46433
-0.21615
-0.081009
0.051488
0.24927
0.24709
0.5395
0.65245
0.41628
0.67556
1.0105
0.88145
0.90884
1.0224
1.2558
0.93775
1.2826
1.292
1.2393
1.0346
0.92668
1.2091
1.073
0.95884
0.88841
0.83346
0.72441
0.74442
0.53572
0.31076
0.31128
0.30729
-0.11463
-0.16307
-0.66881
-0.4895
-0.94863
-1.1009
-1.1305
-1.5013
-1.9834
-2.1524
-2.2573
-1.7474
-1.7144
-1.4893
-1.412
-0.74646
-0.89651
-0.80239
-0.4529
-0.57269
-0.23852
0.019686
0.48895
0.34456
0.47984
0.67746
0.83221
0.68254
0.91656
0.66815
1.0833
0.88233
1.0814
1.1717
1.0224
1.3682
1.0752
1.0377
1.2158
1.2744
1.0358
0.77089
1.0261
0.64754
0.34185
0.3939
0.67635
0.62628
0.18912
0.018642
-0.43978
-0.60865
-0.37426
-0.7133
-0.98269
-1.1305
-1.3156
-1.456
-1.8095
-1.8014
-1.9912
-1.7028
-1.715
-1.182
-1.293
-0.96107
-0.93101
-0.4002
-0.57052
-0.17274
-0.212
0.15502
0.3292
0.27121
0.37626
0.46298
0.63536
0.699
0.55865
0.89588
1.054
0.94303
1.0043
1.0417
1.1513
1.033
0.95851
1.3857
1.0181
1.1501
0.81989
1.2555
0.86094
0.95457
0.78927
0.55157
0.48006
0.19725
0.17271
0.14077
-0.24065
-0.4124
-0.52702
-0.55169
-1.0154
-1.2151
-1.2865
-1.4785
-1.5243
-1.6624
-2.2063
-2.1395
-1.886
-1.6279
-1.4463
-1.061
-0.92384
-0.41656
-0.37616
-0.3254
-0.35316
0.028968
0.21004
0.36789
0.37088
0.39265
0.91673
0.68028
0.86641
1.0502
1.0116
0.94067
1.369
0.69295
1.2329
1.4049
1.1363
1.1207
1.0085
1.4525
1.2669
0.93395
0.8188
0.63724
0.91185
0.29588
0.29112
0.22663
-0.019687
-0.19146
-0.0418
-0.33241
-0.57205
-0.71441
-0.87494
-1.1988
-1.2738
-1.5738
-1.5053
-1.7565
-2.0913
-1.7818
-1.771
-1.5338
-1.3394
-1.0138
-0.84928
-0.9978
-0.65108
-0.3993
-0.18942
-0.078293
0.25932
0.50409
0.59082
0.6148
0.83907
0.95741
0.94823
1.2586
0.96693
1.1191
1.0345
1.0371
1.0009
1.0422
0.95232
1.0906
0.99416
1.3126
1.0918
0.62984
1.0464
0.68274
0.41344
0.63788
0.6257
0.34343
0.21925
-0.12387
-0.1789
-0.33696
-0.53121
-0.55605
-0.98149
-1.0985
-1.3116
-1.3698
-1.4333
-1.5506
-1.7011
-1.9955
-1.7517
-1.1254
-1.1799
-1.1354
-0.63366
-0.92192
-0.56848
-0.47125
0.024035
0.31691
0.27332
0.53628
0.67983
0.66434
0.58453
0.91346
0.91227
0.76011
0.91803
1.3028
0.92292
1.1906
1.0359
1.2536
1.0002
0.93771
1.1428
0.9217
1.2168
1.0227
0.80487
0.71276
0.34619
0.55122
0.77908
0.346
-0.0092515
0.057402
-0.038389
-0.53287
-0.40997
-0.44487
-0.82133
-1.095
-1.4023
-1.4249
-1.7964
-1.8879
-2.1024
-1.8424
-1.5602
-1.5036
-1.2288
-1.3211
-0.69747
-0.83196
-0.53916
-0.29405
-0.011808
-0.1243
0.15892
0.20273
0.25579
0.54708
0.6386
0.76169
0.6946
0.85698
1.0607
1.1746
1.064
1.4571
0.99507
0.9495
1.4192
0.99038
1.0771
0.90484
0.81965
0.81555
0.8334
0.69657
0.80462
0.48594
0.63274
0.1652
-0.094871
0.051029
0.056249
-0.35847
-0.29661
-0.7123
-0.95905
-1.2451
-1.0687
-1.6435
-1.6869
-1.9595
-2.1594
-1.8802
-1.6118
-1.3984
-1.3751
-0.99243
-0.77544
-0.69579
-0.5306
-0.51469
-0.10533
0.26721
0.27448
0.27837
0.52193
0.58251
0.75753
0.78793
0.86099
1.1936
1.0271
1.1656
1.2318
1.3511
1.1328
1.2645
1.1682
1.0615
1.091
1.1601
0.88785
1.1926
1.1608
0.65157
0.61038
0.62675
0.49415
0.51834
0.14321
0.2589
-0.28857
-0.30838
-0.44249
-0.82804
-0.84836
-1.0894
-1.1028
-1.3489
-1.3381
-1.6754
-2.0193
-2.1417
-1.6557
-1.5591
-0.85763
-1.0346
-0.79774
-0.61007
-0.51225
-0.61385
0.17962
0.0613
0.027547
0.2604
0.68469
0.57773
0.69446
0.71417
0.61549
0.8258
0.86874
1.0749
1.1322
1.1096
1.2746
1.1084
1.1952
0.99993
0.95012
1.0165
1.1393
0.97035
0.90709
0.6546
0.55586
0.64454
0.50093
0.084633
-0.085327
0.16639
-0.15938
-0.3469
-0.43364
-0.69049
-0.82378
-0.97207
-1.4985
-1.4338
-1.6407
-1.7702
-1.9869
-2.0337
-1.6136
-1.5961
-1.2967
-1.0301
-0.70497
-0.59899
-0.45158
-0.54893
-0.13721
0.19149
-0.18383
0.37071
0.036149
0.50413
0.72959
0.4953
0.98096
0.97181
1.1608
1.1413
1.036
1.1909
1.1545
0.86186
1.2118
1.1928
1.1752
1.0815
0.98846
0.50953
1.1072
0.62032
0.55063
0.68625
0.33907
0.13692
0.25722
-0.036778
-0.33443
-0.057586
-0.54331
-0.79719
-1.0745
-1.0991
-0.99149
-1.3357
-1.7991
-1.8671
-1.898
-1.5855
-1.6554
-1.567
-1.1938
-1.228
-0.71683
-0.82441
-0.59369
-0.63977
-0.30728
0.045119
0.34632
0.47419
0.17169
0.49584
0.6645
0.76587
0.89419
0.96812
0.92411
1.0251
0.99644
1.0292
1.3069
0.97064
1.1
0.94959
1.2104
0.88927
0.73565
0.73285
0.94675
1.1098
0.57359
0.68492
0.68777
0.4913
0.41283
-0.092131
0.011419
-0.36033
-0.73184
-0.73033
-0.80111
-0.7534
-1.0964
-1.3958
-1.4773
-1.9171
-2.2454
-1.9448
-1.8243
-1.279
-1.2616
-1.2373
-0.89099
-0.80864
-0.54453
-0.093366
0.083636
-0.11519
0.094736
0.36462
0.44795
0.47113
0.82944
0.54116
1.2669
0.88203
1.0716
0.95048
0.94402
1.3202
1.1638
1.2009
1.1778
1.2502
1.3856
1.1699
1.1174
1.1375
1.0032
0.58421
0.62362
0.29289
0.52275
0.60114
0.40742
0.1512
-0.30503
-0.43917
-0.46549
-0.69444
-0.71897
-0.83667
-1.2802
-1.4476
-1.4595
-1.7565
-2.3045
-1.9646
-1.755
-1.6483
-1.269
-1.0259
-0.63484
-0.56037
-0.30821
-0.44181
-0.10348
0.26554
0.050993
0.40448
0.63345
0.38654
0.74395
0.62314
0.78352
0.83273
0.92707
1.014
0.97342
1.0382
1.2378
1.4312
0.91102
1.0952
1.162
1.141
1.1598
0.96031
0.58078
0.87504
0.80957
0.46502
0.3789
0.20354
0.12836
-0.14576
0.035101
-0.51526
-0.55523
-0.46174
-0.79618
-1.1048
-1.3082
-1.3742
-1.4903
-1.72
-1.758
-1.9962
-1.6635
-1.7604
-1.1746
-0.92947
-0.84471
-0.94317
-0.82409
-0.029907
-0.35482
0.15365
0.12718
0.28423
0.33205
0.64391
0.64073
0.59726
0.80946
0.93655
0.98621
1.1346
1.1716
0.73652
1.0315
1.1457
1.2335
1.2483
1.1937
1.0026
1.2383
0.80982
0.62409
0.83627
0.82014
0.70815
0.51326
0.43672
0.17992
0.25434
0.061443
-0.30643
-0.36906
-0.49576
-0.61786
-1.0681
-1.0388
-1.2612
-1.4787
-1.6428
-2.0529
-1.7357
-1.4601
-1.5069
-1.4449
-0.94156
-0.82567
-0.60135
-0.49634
-0.45666
-0.077751
0.15314
0.2013
0.26263
0.42318
0.51642
0.44493
0.81061
1.0294
0.94866
0.91705
1.1695
1.3007
1.2115
1.2366
1.1994
1.0657
1.1599
1.2879
1.0545
1.1204
0.92961
0.95389
0.66908
0.47546
0.16328
0.54681
0.35225
0.27111
0.095228
-0.43936
-0.30469
-0.1847
-0.52446
-0.88196
-1.1219
-1.2984
-1.3949
-1.605
-1.9779
-2.1084
-1.8801
-1.4593
-1.2733
-1.1916
-1.2487
-0.81941
-0.54801
-0.52513
-0.53033
-0.27746
0.12905
0.14365
0.35808
0.47952
0.67322
0.81902
0.83884
0.94796
0.99804
0.82425
1.2118
1.2749
1.1914
1.1193
1.0731
0.90736
1.1435
1.2045
1.2171
0.9873
0.86209
1.1347
1.042
1.0486
0.40295
0.2243
0.32278
0.21687
0.11344
-0.23366
-0.35304
-0.54357
-0.98868
-0.98936
-1.0362
-1.3065
-1.3015
-1.5397
-1.787
-1.9365
-1.5061
-1.675
-1.01
-0.94276
-0.84462
-1.1728
-0.76373
-0.70498
-0.2889
-0.32431
-0.066538
0.39107
0.10026
0.13425
0.43329
0.62488
0.87762
0.87837
0.88292
1.0449
0.88136
1.1555
1.3046
1.1544
1.3537
1.1045
1.3019
0.89197
1.0707
1.0985
0.77162
0.62324
0.67363
0.62444
0.76997
0.26881
0.46383
0.11314
-0.095212
-0.21114
0.02053
-0.5928
-0.43114
-0.84414
-1.1274
-1.1271
-1.417
-1.6484
-1.7577
-2.1119
-1.4961
-1.6188
-1.3071
-1.0773
-1.1963
-0.62225
-0.51577
-0.61371
-0.27077
-0.30126
0.20069
0.15038
0.44231
0.43918
0.59578
0.58682
0.69475
0.82938
1.3274
1.1467
1.1533
1.1953
1.5225
1.2308
1.2688
1.0595
1.1358
0.94124
1.1508
0.90029
1.1576
1.0161
0.7576
0.60863
0.33301
0.56579
0.43406
0.1387
0.34047
-0.059918
-0.22492
-0.49055
-0.55038
-0.97667
-1.0624
-1.3992
-1.6331
-1.9287
-1.5805
-2.3608
-1.458
-1.5125
-1.7745
-1.2544
-0.9054
-0.96796
-0.54605
-0.66027
-0.30552
0.088795
0.063722
0.35285
0.30725
0.32086
0.63506
0.67447
1.109
0.72834
0.95513
0.77353
1.3238
1.213
1.3655
1.1172
1.236
1.3659
1.0918
1.1984
0.83857
0.96049
0.92017
0.74747
0.51591
0.71189
0.59133
0.52928
0.45172
0.014719
0.045813
-0.13178
-0.12964
-0.3463
-0.79875
-1.1482
-1.1768
-1.0818
-1.4373
-1.6673
-1.9463
-2.1357
-1.7607
-1.5134
-1.3551
-1.2112
-0.85993
-0.88669
-0.67596
-0.65096
-0.28914
-0.17857
-0.15931
0.24346
0.33996
0.7595
0.63557
0.74873
0.73998
0.68469
0.7495
1.0615
1.3088
1.1678
1.2913
1.0793
1.2142
1.1155
1.012
1.2264
1.0186
0.49272
1.2488
0.81166
0.82948
0.59319
0.57793
0.3879
0.28694
0.085054
-0.17272
-0.22838
-0.27417
-0.52541
-0.41775
-0.3626
-1.1679
-1.3795
-1.6046
-1.7908
-1.8527
-1.9805
-1.81
-1.8438
-1.1921
-1.0866
-1.2047
-0.89577
-0.75107
-0.50403
-0.42361
-0.26942
0.032874
0.10622
0.29642
0.37346
0.52972
0.70013
0.66355
1.0811
1.0361
0.56656
0.95744
1.2103
1.2885
0.92946
1.4466
1.1513
0.89836
1.0393
0.95959
1.2586
0.58876
0.73034
0.8301
0.78474
0.29295
0.64856
0.071373
0.013497
-0.051594
-0.020137
-0.23312
-0.49343
-0.53299
-0.94479
-0.79542
-1.2253
-1.7308
-1.7793
-1.9925
-2.2165
-1.7291
-1.8279
-1.4362
-1.2594
-1.1707
-0.84042
-0.78577
-0.1986
-0.56281
-0.11257
-0.076096
0.12111
0.019931
0.56435
0.58747
0.84116
0.86757
0.7322
0.74382
0.92566
1.1466
0.93054
1.0996
0.80799
1.0065
1.2334
1.2694
1.3298
1.1306
1.0652
0.78278
0.54288
0.92731
0.75196
0.62417
0.53436
0.2267
0.33424
0.15741
-0.20115
-0.41977
-0.50235
-0.56629
-0.67387
-0.88866
-1.5428
-1.389
-2.1257
-2.0906
-2.1711
-1.8277
-1.6439
-1.4558
-1.0741
-1.0282
-0.71677
-0.68553
-0.64054
-0.51102
0.036965
-0.062697
0.23205
0.29572
0.3459
0.62657
0.53111
0.91544
1.064
1.2305
1.1155
1.2131
1.2334
0.97746
1.1392
1.231
0.97481
1.103
0.88071
1.0215
1.0439
0.99307
0.9688
0.92511
0.6314
0.70668
0.59528
0.27166
0.17235
0.14935
-0.16555
-0.4375
-0.57558
-0.77629
-1.0313
-0.84971
-1.5736
-1.4509
-1.614
-1.8018
-2.0699
-2.0791
-1.7218
-1.6006
-1.13
-1.1099
-0.78173
-0.6835
-0.58369
-0.43888
-0.37682
-0.12401
0.056845
0.27913
0.49597
0.58971
0.80299
0.77592
1.0232
0.91018
0.96097
1.1939
1.1589
1.1609
1.0855
1.1395
1.017
1.1079
1.1385
1.3186
0.93668
0.87178
0.89559
0.79163
0.66743
0.57011
0.1018
0.50699
0.25351
-0.063225
-0.25971
-0.43164
-0.76291
-0.71305
-0.66691
-1.2971
-1.5192
-1.44
-1.8504
-1.8808
-2.1559
-1.7657
-1.7037
-1.4167
-1.1727
-0.98218
-0.78044
-0.72028
-0.88933
-0.28088
-0.30363
0.088938
-0.057559
0.4606
0.28551
0.44798
0.72958
1.1434
0.70823
1.2256
1.0858
0.92061
1.2296
1.1742
1.0825
1.0941
0.82948
1.113
1.1922
1.1058
0.95428
1.1097
0.79604
0.86673
0.48066
0.52201
0.4755
0.41215
0.16082
0.058749
0.045979
-0.12218
-0.58434
-0.63581
-0.61028
-1.0202
-1.2349
-1.2092
-1.492
-1.9399
-2.0351
-2.0146
-1.6745
-1.2924
-1.4461
-0.88351
-0.9193
-0.78493
-0.61174
-0.66196
-0.17006
-0.18046
-0.11401
0.29597
0.33571
0.48902
0.68575
0.7945
0.80345
0.89365
0.94374
1.0224
0.95765
0.92958
0.97764
1.2484
1.1585
1.2827
1.2961
0.94128
0.83833
0.64162
0.82569
0.8788
0.90557
0.56507
0.35534
0.33201
0.023157
0.018345
-0.16791
-0.51937
-0.54807
-0.59935
-0.6299
-0.95892
-0.92921
-1.5471
-1.6051
-1.8615
-2.0121
-2.007
-1.6512
-1.4866
-1.2997
-1.1052
-0.89915
-0.67194
-0.28693
-0.38188
-0.15583
-0.25964
0.1844
0.30969
0.32619
0.61212
0.62002
0.72477
0.6788
1.0796
0.85983
1.0807
1.1263
1.2537
1.2759
0.94717
1.3641
1.2305
0.9554
0.90513
0.94187
0.85357
1.0139
0.93117
0.69969
0.7171
0.44727
0.509
0.34959
-0.19913
-0.021184
-0.26236
-0.52941
-0.53882
-0.92984
-1.1375
-1.1494
-1.4531
-1.6194
-1.6513
-2.115
-1.7961
-1.5119
-1.6226
-1.2235
-1.0741
-0.78467
-0.63142
-0.48959
-0.45264
-0.0072523
0.24269
0.2334
0.432
0.43741
0.4898
0.69478
0.51979
1.1249
1.0882
0.71416
0.85343
1.1994
1.113
1.1528
0.90767
1.1778
1.1676
1.2089
0.82785
1.1706
0.76945
0.86915
1.0103
0.87858
0.61501
0.59959
0.11238
0.28647
0.15002
-0.31963
-0.29899
-0.036953
-0.51948
-0.65866
-0.94984
-1.4252
-1.74
-1.6475
-1.9973
-2.2668
-1.857
-1.5656
-1.0757
-1.3135
-1.0325
-0.44056
-0.83928
-0.45376
-0.36388
0.055799
0.021721
0.35804
0.36265
0.55095
0.28535
0.54854
0.55651
0.61763
1.0851
1.1744
1.0415
0.94886
1.3058
1.4496
1.2765
1.0261
1.0669
1.2198
1.0734
1.1716
0.7822
1.1052
0.72215
0.55208
0.36492
0.56661
0.24298
0.11076
-0.056511
-0.32132
-0.43456
-0.51332
-0.32627
-0.91808
-0.91918
-1.3907
-1.2965
-1.4913
-1.7203
-1.9763
-2.1268
-1.6573
-1.3399
-1.5294
-1.114
-0.66624
-0.66795
-0.27726
-0.37536
0.043191
0.029417
0.26314
0.066111
0.19299
0.63103
0.60849
0.4762
0.78698
0.88241
0.87063
0.86399
1.1428
1.1925
1.0293
1.3758
1.0797
0.82187
1.111
1.1936
0.70381
1.2397
0.81296
0.63656
0.71127
0.46659
0.58164
0.50921
0.22461
0.0029692
-0.42749
-0.44343
-0.49076
-0.99304
-1.0264
-1.023
-1.4371
-1.5595
-1.5865
-1.8045
-2.0167
-1.4443
-1.5274
-1.5449
-1.2322
-0.86129
-0.56846
-0.56382
-0.61872
-0.21155
-0.064054
0.087887
0.14604
0.26191
0.44521
0.45709
0.76097
0.7601
1.0725
1.0586
1.0436
1.2765
1.2462
1.1932
1.012
1.3772
1.1375
1.0825
1.1121
1.2344
1.0264
0.75746
0.81453
0.63922
0.6224
0.3527
0.48662
0.2416
0.013227
-0.089141
0.048273
-0.51242
-0.41649
-0.64632
-1.0488
-1.0405
-1.388
-1.3024
-1.5465
-1.8535
-2.194
-1.918
-1.7144
-1.3809
-1.0406
-0.92558
-0.92904
-0.9746
-0.61198
-0.26481
-0.32474
0.0030247
0.39023
0.55682
0.45783
0.83604
0.75705
0.88162
0.9485
0.86041
1.0387
1.1463
1.297
0.72738
1.021
1.3858
1.262
1.1736
1.1909
1.2528
0.85615
1.0051
0.55854
0.78934
0.68127
0.75448
0.31215
0.38403
0.30755
-0.10921
-0.10512
-0.31343
-0.52206
-0.75306
-0.96379
-1.2338
-1.3141
-1.5849
-1.6421
-1.5844
-2.0831
-1.6794
-1.5566
-1.2201
-1.241
-1.0629
-0.88203
-0.86813
-0.16908
-0.54953
-0.17481
-0.054779
0.16641
0.067801
0.55425
0.54599
0.62925
0.99566
0.9674
1.2143
1.2177
0.97592
1.0664
1.3383
1.0909
1.152
1.0858
1.2055
1.2793
0.96604
0.92709
1.0919
1.1331
0.92058
0.44624
0.54195
0.48001
0.30842
0.070008
-0.27705
0.038114
-0.15139
-0.37853
-0.73379
-1.0681
-0.9536
-1.3778
-1.4745
-1.4348
-1.681
-2.0884
-1.7762
-1.7407
-1.5616
-1.2717
-1.2528
-0.55572
-0.59274
-0.61622
-0.32235
-0.001317
-0.02395
0.11786
0.4212
0.66592
0.69189
0.68761
0.85308
0.86318
0.86757
0.90204
0.93784
0.9718
1.1405
0.90355
1.1435
0.91558
1.0958
0.96008
1.0868
1.1631
0.67052
0.73969
0.64838
0.59218
0.52189
0.28107
0.25577
0.31354
0.026895
-0.23482
-0.27237
-0.40723
-0.95758
-0.8858
-0.72911
-1.2308
-1.4082
-1.3825
-2.0276
-1.8992
-1.884
-1.595
-1.3397
-1.2732
-1.1487
-0.75511
-0.69304
-0.47686
-0.22581
-0.010784
-0.035862
-0.0010758
0.36494
0.63937
0.45371
0.74579
0.99447
0.84781
0.99218
0.98974
0.91552
0.97918
0.94186
1.1308
1.4524
1.1951
1.3992
0.96364
0.98355
1.2848
0.72188
0.65088
1.0876
0.8234
0.59053
0.43988
0.47524
0.25863
0.12417
0.07479
-0.11551
-0.45592
-0.88922
-0.6386
-1.2072
-1.6389
-1.3753
-1.6109
-1.929
-2.0119
-1.6132
-1.5795
-1.4822
-1.2232
-1.3124
-1.096
-0.8444
-0.67732
0.031934
-0.063637
0.16195
0.10835
0.17968
0.55722
0.6184
0.59802
0.48139
1.1936
1.2625
0.83614
1.2631
1.0602
1.0397
0.99156
1.0908
1.1843
0.9092
1.1257
0.81767
0.97993
0.78616
1.0603
0.65581
0.62984
0.62129
0.39647
0.20441
-0.12789
-0.059196
0.027565
-0.25422
-0.67973
-0.52045
-0.87995
-0.9286
-1.2157
-1.8073
-1.8053
-1.5793
-2.0661
-1.9327
-1.5911
-1.3443
-1.3563
-0.998
-1.0606
-0.78268
-0.59433
-0.29106
0.15165
0.099278
0.0088252
0.028233
0.30431
0.79191
0.74932
0.59424
1.0727
0.804
1.0015
0.95119
1.1052
1.0291
1.0389
1.0452
1.4831
0.81784
1.271
0.98935
1.0956
1.1048
0.6248
0.88669
0.62513
0.38802
0.42459
0.28204
0.2039
0.068428
-0.20384
-0.2015
-0.44501
-0.46951
-0.63004
-1.1254
-1.2842
-1.2649
-1.3104
-1.6272
-2.0359
-1.8009
-1.3772
-1.6157
-1.2793
-1.1736
-0.63432
-0.8734
-0.57763
-0.31156
-0.10215
-0.05966
-0.0079588
0.24378
0.37758
0.36329
0.45179
0.80083
0.97058
1.0247
1.0074
0.96324
0.84193
0.97729
1.0583
1.1164
1.1966
1.1741
1.2383
1.1179
0.78323
1.0636
0.68605
0.69097
0.546
0.65178
0.1451
0.38879
0.032285
-0.13845
-0.37376
-0.46036
-0.69779
-0.82514
-0.67677
-1.0846
-1.4172
-1.2545
-1.545
-1.7812
-2.1304
-1.7346
-1.7455
-1.5692
-1.3443
-1.127
-0.78063
-0.53572
-0.82088
-0.40175
-0.39271
0.19006
0.40527
0.1865
0.5627
0.63564
0.72265
0.91044
0.97469
0.97225
0.88577
1.3016
0.9433
1.1218
1.0996
1.3224
1.3462
1.3448
1.3317
0.83584
1.0651
0.9407
0.75846
0.79731
0.61538
0.35455
0.30067
0.14213
0.010549
-0.017632
-0.12348
-0.47868
-0.74286
-0.84243
-0.76099
-0.90912
-1.468
-1.3805
-1.7077
-1.9845
-1.991
-2.0578
-1.8558
-1.4981
-1.6119
-1.1777
-1.0733
-0.95971
-0.63714
-0.31583
-0.2066
0.3543
0.12587
0.15325
0.54175
0.65062
0.51354
0.74811
0.67007
0.87835
0.95456
1.3988
1.2146
0.94837
0.92515
1.0483
1.2114
1.4373
1.0078
1.0346
0.75225
1.1314
0.95312
0.9082
0.7825
0.21836
0.60864
0.2856
0.055617
-0.07036
0.01858
-0.01718
-0.3321
-0.38392
-0.94514
-1.2916
-1.3032
-1.6095
-1.8126
-1.8956
-2.2761
-1.9803
-1.6529
-1.4187
-1.3672
-1.09
-0.86308
-0.73122
-0.38239
-0.4667
-0.082512
0.24405
0.42166
0.21279
0.50972
0.39611
0.74083
0.50069
0.58344
0.79199
0.71381
1.1435
1.1186
1.2968
1.2068
1.268
0.99978
1.2775
1.1029
0.95819
1.1895
1.0586
0.82945
0.81246
0.60571
0.4174
0.4632
0.25335
0.092247
0.061793
-0.23129
-0.37354
-0.2276
-1.0368
-0.98038
-1.2501
-0.91412
-1.4772
-1.3727
-1.8062
-2.0258
-2.0232
-1.8064
-1.4475
-1.3397
-0.71619
-1.0406
-0.45076
-0.42628
-0.37575
-0.32047
-0.1158
0.046091
0.080776
0.67363
0.42259
0.47114
0.77091
0.86267
0.71798
0.93147
1.1024
1.3132
1.0826
1.3052
0.90501
1.0927
1.1663
0.72041
1.0994
0.90761
0.76144
1.0475
0.8153
0.54537
0.49398
0.1991
0.1283
0.37311
0.32475
-0.03354
-0.43914
-0.4393
-0.76016
-0.9706
-0.88884
-0.92106
-1.3921
-1.4775
-1.9462
-2.0786
-1.889
-1.4225
-1.5078
-1.2362
-0.95026
-0.92662
-0.82183
-0.52955
-0.43601
-0.24195
0.14374
0.1368
0.42815
0.21178
0.53731
0.46699
0.76609
0.67163
0.99075
1.1402
0.99511
1.1337
1.2759
1.2625
1.1714
0.89278
1.067
0.78877
1.0035
1.1484
1.0151
1.2477
0.73734
0.77907
0.57029
0.27972
0.30177
0.063418
-0.14367
-0.25143
-0.35331
-0.071318
-0.75796
-0.9685
-1.1627
-1.2402
-1.2525
-1.8204
-2.2275
-2.0494
-1.6754
-2.021
-1.3128
-1.0399
-1.0191
-1.1713
-0.67015
-0.40397
-0.18814
-0.041551
0.12117
0.33468
0.10504
0.5952
0.27179
0.67443
0.8205
1.0348
0.78277
1.0365
1.2771
1.1703
1.2596
1.1526
1.0687
1.3188
1.2356
1.2814
0.99087
1.0161
1.1066
0.68909
0.85877
0.74166
0.80129
0.74458
0.50623
-0.025424
-0.25796
-0.36964
-0.20529
-0.57899
-0.84484
-0.88793
-1.0636
-1.4578
-1.4322
-1.8091
-1.9685
-1.8913
-1.9204
-1.7464
-1.1962
-1.0756
-0.97738
-0.80793
-0.81855
-0.60325
-0.1956
-0.14534
-0.082721
0.48592
0.20244
0.3228
0.47376
0.28415
0.85191
1.0286
1.0252
0.81513
0.86441
1.2468
1.0366
1.3423
0.98254
1.2435
0.98461
1.0218
0.95507
1.2077
1.0674
0.89051
0.9742
0.51263
0.27846
0.49947
0.30647
0.16553
-0.14423
-0.041716
-0.24143
-0.7058
-0.68042
-0.66443
-1.0618
-0.9159
-1.4246
-1.6741
-2.0399
-2.0324
-1.7392
-1.3328
-1.5658
-1.2736
-1.0346
-0.80417
-0.60454
-0.25748
-0.2075
-0.24455
0.38833
0.066526
0.3647
0.66844
0.80248
0.50448
0.74072
0.73564
0.91699
0.98258
0.85984
1.1679
1.206
1.1265
1.0927
1.1036
0.78415
0.91956
0.91775
1.0316
0.97498
0.79234
0.86164
0.70625
0.68947
0.42336
0.31188
0.25397
0.0087522
0.016189
-0.42074
-0.42077
-0.69736
-0.7883
-1.1807
-1.1123
-1.8213
-1.7455
-1.4886
-1.7709
-1.8238
-1.7961
-1.5294
-1.3494
-0.95722
-0.59463
-0.69503
-0.50272
-0.34667
0.044871
-0.040882
0.20512
0.13628
0.54746
0.35377
0.739
0.61826
1.3589
0.97923
0.8775
1.0314
1.3114
1.1413
0.90778
1.2928
1.1259
0.98814
1.3318
1.095
0.83681
1.2037
1.0371
0.55789
0.70237
0.67786
0.3082
0.36175
0.13529
-0.030267
-0.32088
-0.1059
-0.41732
-0.67983
-0.82578
-0.81971
-1.2767
-1.5466
-1.5703
-1.6899
-2.0972
-2.0402
-1.9089
-1.6173
-0.99439
-0.88861
-1.0451
-0.70349
-0.44455
-0.42705
-0.10212
-0.11085
-0.023302
0.14318
0.52762
0.4838
0.60447
0.76226
0.70336
0.85308
1.1123
1.2224
1.1025
1.1755
1.0338
1.087
1.0926
1.2225
1.0677
1.2467
0.84394
0.98765
0.7561
0.77243
0.68523
0.20959
0.39643
0.18589
0.46946
0.17125
-0.18143
-0.41399
-0.529
-0.63494
-0.69445
-1.0614
-1.1057
-1.4837
-1.4499
-1.906
-2.2132
-1.6523
-1.4854
-1.5194
-1.3343
-0.82595
-0.90652
-0.64208
-0.30885
-0.31595
-0.30779
-0.039842
0.33986
0.18417
0.61227
0.5276
0.51094
0.62539
1.005
0.99246
1.0507
0.82631
1.2984
1.1178
1.2242
1.3788
0.97147
1.2073
0.89464
0.75582
1.2138
0.95154
0.92844
0.60739
0.72252
0.42675
0.5071
0.15859
0.21461
0.43939
-0.021845
-0.39627
-0.53186
-0.91608
-0.84034
-0.87773
-1.0549
-1.5378
-1.5759
-1.7858
-2.0267
-1.9477
-1.7505
-1.4355
-1.307
-1.1154
-0.77271
-0.55906
-0.50314
-0.27154
0.044712
-0.089618
0.21393
0.37689
0.39059
0.51526
0.66275
0.64733
1.0951
0.94012
0.88509
1.0118
1.3405
0.8532
1.2411
1.3002
1.2769
0.91913
1.394
1.0147
1.0538
0.84023
0.85168
0.54874
0.60744
0.42433
0.38597
0.35118
0.16424
0.15609
-0.13781
-0.75749
-0.57302
-0.49451
-0.68988
-0.72948
-1.3587
-1.2218
-1.6074
-1.7217
-1.985
-1.7657
-1.5984
-1.5065
-1.6204
-1.2452
-1.1052
-0.74997
-0.88843
-0.26537
0.00041516
-0.23475
0.1354
0.21519
0.35379
0.68103
0.62983
0.6766
0.68329
0.95608
1.0543
1.0805
1.1638
1.2559
1.3221
1.0697
1.1717
1.2119
1.1158
1.1184
0.84379
1.0391
0.782
0.73951
0.97756
0.53973
0.47841
-0.098925
0.29664
0.26048
-0.33989
-0.357
-0.61296
-0.99434
-1.0751
-1.054
-1.2366
-1.3256
-1.6895
-1.8881
-1.787
-1.9515
-1.764
-1.3553
-1.1506
-1.0524
-0.85493
-0.78236
-0.29839
-0.28802
-0.034563
0.1833
0.26821
-0.034861
0.60224
0.46673
0.68156
0.79545
0.58557
1.1823
1.0569
1.1753
1.085
1.2222
1.1524
1.1206
1.3279
1.1283
0.93245
1.1544
0.88387
0.84094
0.77139
0.94671
0.68849
0.3753
0.37763
0.39177
0.12606
-0.073949
-0.49777
-0.51248
-0.49638
-0.96272
-0.93438
-1.1291
-1.3497
-1.5868
-1.4998
-2.1056
-1.9196
-1.8824
-1.6781
-1.3352
-1.1613
-0.54741
-1.0816
-0.54718
-0.319
-0.21179
-0.12193
0.10355
-0.29042
0.42335
0.48973
0.70297
0.61249
0.77841
0.84659
0.70366
1.2673
0.73552
1.1142
1.0189
1.2762
1.1759
0.81021
1.359
0.98668
0.83251
0.88376
1.0359
0.80302
0.32253
0.89728
0.49897
0.58824
0.47022
0.22845
0.019282
0.073693
-0.55083
-0.59947
-0.87917
-0.93326
-1.2845
-1.0284
-1.4088
-1.5489
-1.7386
-1.766
-1.9402
-1.8569
-1.6148
-1.1522
-1.0193
-0.81309
-0.6376
-0.54188
-0.59648
-0.12318
0.26052
-0.034883
0.45847
0.65006
0.41837
0.66163
0.81016
1.0354
1.1145
1.0279
1.0852
1.0204
1.1691
0.8748
1.2482
1.5263
1.3189
0.86876
1.2713
0.74115
1.1422
0.86836
0.52956
0.49011
0.5849
0.58346
0.17314
-0.025574
-0.1028
-0.036842
-0.17814
-0.48174
-0.44124
-0.87697
-0.94682
-1.3914
-1.3912
-1.5972
-1.9079
-2.0932
