0.014993
-0.043289
-0.0039098
-0.038406
0.001217
0.0039053
-0.0056399
0.041869
0.022735
0.0057023
-0.058769
-0.077791
-0.020924
0.013635
0.032242
0.013288
0.075449
0.10948
0.10239
0.10144
0.08244
0.052928
0.050659
0.075252
0.135
0.21442
0.35761
0.46654
0.5704
0.75174
0.84618
0.95545
0.99578
1.0544
1.1102
1.0593
1.0259
0.98952
1.0181
0.91427
0.7277
0.56975
0.48694
0.41703
0.36731
0.18151
0.020582
-0.13585
-0.3112
-0.3806
-0.48301
-0.47275
-0.43213
-0.30499
-0.11023
-0.010379
0.060689
0.13875
0.17358
0.10334
0.028115
0.12132
0.11685
0.16946
0.24593
0.29712
0.3733
0.34803
0.40126
0.34167
0.29265
0.11621
-0.05593
-0.23296
-0.34429
-0.45599
-0.55294
-0.59927
-0.62409
-0.5462
-0.46966
-0.39328
-0.25645
-0.18715
-0.095084
-0.032551
-0.066344
-0.039008
-0.058482
-0.093507
-0.093931
-0.10423
-0.11938
-0.13843
-0.1229
-0.10442
-0.12439
-0.08538
-0.1057
-0.085942
-0.10559
-0.10598
-0.11135
-0.095947
-0.15478
-0.17632
-0.18064
-0.20261
-0.20236
-0.21748
-0.31466
-0.30654
-0.33476
-0.31517
-0.29959
-0.28032
-0.26056
-0.19304
-0.14309
-0.045417
0.048498
0.039129
0.15095
0.16166
0.12188
0.16961
0.16013
0.17929
0.22757
0.18861
0.24681
0.1978
0.26695
0.32947
0.40219
0.49538
0.58041
0.61675
0.62746
0.65802
0.63463
0.5817
0.60079
0.65442
0.55531
0.42876
0.42184
0.43896
0.44911
0.46336
0.45895
0.44796
0.40475
0.45189
0.47039
0.47427
0.45439
0.47657
0.4563
0.42862
0.40503
0.49096
0.43365
0.41465
0.36093
0.30001
0.163
0.060469
0.0009792
-0.03747
-0.066094
-0.06339
0.055933
0.18391
0.33675
0.52427
0.65802
0.70223
0.72751
0.76214
0.83353
0.98519
1.0436
1.0717
1.0315
0.87899
0.81186
0.80025
0.75674
0.75837
0.76495
0.82701
0.84677
0.92169
1.0095
1.0103
1.0401
0.97237
0.92396
0.86929
0.82018
0.79713
0.75907
0.80885
0.76171
0.81358
0.95255
1.0302
1.0858
1.1593
1.3312
1.517
1.6535
1.8926
2.0973
2.2493
2.5074
2.6298
2.8573
2.8
2.9968
3.0004
2.8208
2.1139
1.7536
1.8369
1.9639
0.43348
-1.3425
-2.9307
-3.8344
-4.9658
-5.8021
-6.3916
-6.5777
-6.7806
-6.8528
-6.9001
-6.8433
-6.9569
-6.9911
-6.7966
-6.441
-6.1285
-5.6441
-5.0668
-4.6971
-4.0264
-3.1185
-2.0458
-0.81029
0.64731
1.8312
2.2026
2.1619
2.5528
3.0044
3.2599
3.1798
3.0426
2.8627
2.7397
2.6257
2.5463
2.4557
2.4925
2.3386
2.1318
1.9033
1.7833
1.6859
1.7169
1.7081
1.6369
1.5202
1.3781
1.3694
1.4053
1.3792
1.2923
1.1144
1.1104
1.1379
1.1079
1.1478
1.1084
1.035
0.99008
0.96531
0.95123
0.88363
0.96343
0.97591
1.0944
1.2019
1.3313
1.4995
1.5841
1.6072
1.7134
1.8446
1.8783
2.0046
2.0847
2.0978
2.0414
2.0111
1.9915
2.0686
2.1192
2.1799
2.2549
2.3849
2.4707
2.4818
3.0091
3.2767
3.5716
3.3481
3.3934
3.1938
2.881
0.96987
-1.0467
-2.9816
-4.1625
-5.6748
-6.4152
-6.8992
-7.2247
-7.4437
-7.3852
-7.1702
-6.9476
-6.902
-6.8287
-6.4003
-6.0326
-5.8701
-5.4696
-5.2135
-5.1578
-4.7927
-4.4672
-3.7954
-3.0375
-2.1407
-1.0048
0.41954
1.9559
2.8891
1.6489
2.5117
2.6225
3.1292
3.2202
3.3459
3.1944
3.1837
3.1649
3.094
2.9807
3.0181
2.906
2.6648
2.4485
2.2016
1.9308
1.7694
1.7671
1.6879
1.6313
1.6344
1.6598
1.7969
1.8835
1.721
1.5165
1.2668
1.0894
1.0333
1.0348
1.1122
1.1703
1.186
1.2702
1.3294
1.3209
1.2512
1.1932
1.2367
1.3418
1.5589
1.7427
1.9589
2.1905
2.4703
2.4293
2.4843
2.4665
2.5276
2.5039
2.5917
2.6478
2.6478
2.7085
2.8557
2.8871
3.4148
3.6073
3.4805
3.2869
3.3223
3.3996
2.0972
-0.24339
-2.52
-3.713
-5.2573
-6.4812
-7.3127
-7.7976
-8.0388
-7.9896
-7.828
-7.9013
-7.8406
-7.8145
-7.706
-7.354
-6.6895
-6.176
-5.4952
-5.1098
-4.2654
-3.4319
-2.2587
-0.72104
0.93172
3.1058
2.4408
3.2543
3.7217
3.9874
4.0745
3.9812
3.489
3.2796
3.0564
2.9327
2.931
3.1098
3.1845
2.7697
2.3475
2.2682
2.2744
2.1014
1.862
1.6474
1.6382
1.62
1.4952
1.4413
1.4083
1.371
1.3609
1.3359
1.4319
1.4039
1.4177
1.4196
1.3672
1.4159
1.4132
1.5367
1.6024
1.825
1.9611
2.1274
2.2423
2.5052
2.877
3.2008
3.4485
3.6739
3.8943
3.8049
3.5606
2.8208
2.5292
2.8419
4.14
4.1276
2.8278
0.58766
-1.0188
-2.4719
-3.7282
-4.8812
-6.1689
-7.1823
-7.808
-8.0832
-8.2996
-8.233
-8.4472
-8.6744
-8.3219
-7.6278
-7.4125
-7.5784
-6.5532
-6.0933
-6.1942
-5.008
-3.5134
-1.4683
0.89425
3.3327
4.2032
3.6483
4.3556
3.6613
4.6519
5.1859
5.4752
5.3254
5.1809
4.6915
4.4545
4.2724
4.2707
4.05
3.5606
3.1129
2.4036
2.138
1.886
1.7416
1.5835
1.2541
1.0309
0.81864
0.60455
0.37836
0.29009
0.19395
0.16609
0.11144
0.00058867
-0.083112
0.079356
0.31165
0.52017
0.78041
1.3009
1.9259
2.5095
2.9732
3.4884
4.0413
4.5681
4.6623
4.6021
4.2878
3.8502
4.0632
3.6298
2.2961
3.7616
4.1448
2.7913
0.54367
-1.0371
-2.3671
-3.3068
-4.7235
-5.9854
-6.8661
-7.6028
-8.1018
-8.4379
-8.4222
-8.6631
-8.8146
-8.8436
-8.3331
-7.0583
-6.2831
-5.0878
-5.3903
-3.7546
-1.3589
1.5861
4.1836
5.9955
3.9629
5.0353
3.7414
4.3955
5.3217
5.6253
5.1986
4.8318
4.1762
3.758
3.5809
3.4786
3.5963
3.1545
2.7043
2.0316
2.1955
2.2365
2.0083
1.7979
1.6558
1.592
1.3057
1.1901
1.1108
1.1415
1.2279
1.2483
1.2342
1.3032
1.2807
1.361
1.4332
1.4718
1.5925
1.8588
2.4275
3.1514
3.672
4.219
4.3044
4.5805
4.4455
4.2772
3.4333
2.8534
3.6087
3.6852
4.6912
4.1574
1.8075
0.22871
-1.5866
-2.4957
-3.846
-5.171
-6.2347
-7.0544
-7.4431
-7.7529
-8.0408
-8.314
-8.5009
-8.5391
-8.2072
-7.5143
-6.9993
-6.4379
-5.932
-5.4482
-4.9403
-4.0051
-2.2634
-0.51115
1.1476
2.6597
4.2642
5.9115
3.7074
3.2579
2.659
2.4929
3.8887
4.9526
5.1716
4.572
4.0014
3.4167
3.2413
3.0544
3.055
2.7707
2.4027
1.6707
1.387
1.6599
1.5879
1.2664
1.0415
1.1116
1.2155
0.99238
0.77942
0.79989
0.97046
1.0729
1.08
1.1079
1.2088
1.2828
1.3872
1.5502
1.653
1.742
1.8556
1.9335
2.1499
2.4403
2.8275
3.0319
3.333
3.6731
3.8977
4.0742
4.0568
3.8471
3.3498
2.9363
3.2067
3.4929
3.7827
3.7403
2.1535
0.60405
-1.393
-2.6885
-3.9306
-5.0513
-5.9837
-6.8568
-7.0853
-7.0758
-7.2461
-7.564
-7.7192
-7.9826
-8.1706
-7.9323
-6.807
-5.7465
-4.9206
-3.9578
-3.8552
-1.9274
0.77015
3.4325
4.4374
3.4763
4.5583
4.5259
5.1902
5.7597
5.4996
5.471
5.0308
4.3753
3.9036
3.7841
3.853
3.5353
3.0589
2.5445
2.29
2.3422
2.187
2.0889
1.8165
1.572
1.4638
1.1156
0.87072
0.7322
0.73369
0.79368
0.91252
1.0137
1.1713
1.2844
1.319
1.2833
1.3462
1.3986
1.5956
2.0556
2.6344
3.1803
3.7566
3.9041
4.2645
4.4632
4.1189
2.8644
3.053
3.4364
4.4093
4.3851
3.7124
1.4708
0.023197
-1.7462
-2.7309
-3.7757
-4.9273
-5.8952
-6.5054
-6.8852
-7.119
-7.4299
-7.6082
-7.903
-7.9753
-7.9744
-7.1413
-5.6157
-4.5757
-3.9606
-4.1509
-2.1258
-0.093611
2.145
4.1453
1.811
3.3245
3.7212
3.9542
4.0441
4.5397
3.984
3.8212
3.4746
2.8155
2.5691
2.6274
2.9563
3.0173
2.5927
2.0842
1.7082
1.8093
1.8747
1.7103
1.4583
1.3274
1.5073
1.6015
1.4609
1.5318
1.4557
1.5143
1.4902
1.4555
1.4561
1.4441
1.4634
1.4751
1.5655
1.5826
1.809
2.1578
2.4827
2.985
3.5716
3.8496
3.3265
2.2629
3.0907
3.4766
3.7715
2.8275
3.4617
4.1273
2.3316
0.63966
-0.69917
-1.6584
-2.5537
-3.6517
-4.3725
-4.9057
-5.2616
-5.5323
-5.6838
-5.6273
-5.6309
-5.6683
-5.5609
-5.3434
-4.8939
-4.6713
-4.2991
-4.2597
-4.1136
-3.4457
-3.0704
-3.114
-1.8515
-0.35814
1.4636
3.078
4.6431
3.679
3.4752
3.367
4.9032
5.476
4.9906
4.1723
3.234
2.4475
2.0916
1.8787
2.1633
2.1637
1.8344
1.309
1.4223
1.6936
1.4821
1.1135
0.88326
1.059
0.9919
1.1376
1.1478
1.163
1.1766
1.2258
1.2765
1.3212
1.3781
1.5082
1.7108
1.9152
2.1453
2.4123
2.5959
2.8103
2.9743
3.1994
3.1994
3.5547
3.6677
3.5916
3.1224
3.0797
3.8873
4.8141
4.2977
3.6343
3.5694
2.3138
0.060337
-1.7689
-3.1668
-4.3005
-5.69
-6.6788
-7.5691
-8.1951
-8.4706
-8.3823
-8.1661
-8.3339
-8.6387
-8.8216
-8.4051
-7.7591
-6.9875
-6.201
-5.8465
-4.644
-2.2282
0.48498
3.4651
5.8193
6.4211
3.2216
4.8093
3.1851
3.6857
4.1237
5.0235
4.5807
4.2004
4.0141
3.2377
2.9948
2.8548
2.7556
2.7793
2.2758
1.692
1.3738
1.4289
1.4311
1.2928
1.1408
1.1846
1.307
1.3736
1.2791
0.91061
1.1095
0.89703
0.77209
0.61653
0.55533
0.67474
1.0218
1.5367
1.96
2.4079
2.8124
3.166
3.3504
3.3785
3.2638
3.3085
3.4772
3.4415
3.4122
3.1401
3.1753
3.1384
3.799
4.0219
3.3822
3.18
3.0892
1.4729
-0.24772
-1.9126
-3.3824
-4.9108
-5.8845
-6.5389
-6.8613
-6.6555
-6.3786
-6.3213
-6.3103
-6.6659
-7.0111
-6.8413
-6.4093
-5.8825
-5.5421
-5.2877
-4.9779
-4.321
-3.9297
-3.437
-1.8766
-0.24625
1.5793
3.4637
4.6336
1.732
2.8427
1.9627
2.5879
3.4209
3.869
4.3339
3.8884
3.408
3.159
2.9301
2.8063
2.7238
2.4008
2.1081
1.8251
1.6308
1.4082
1.1144
1.1115
1.0744
1.058
1.0982
1.3271
1.4144
1.4102
1.313
1.2385
1.232
1.2076
1.1858
1.2064
1.2344
1.2794
1.3347
1.3876
1.5287
1.9165
2.1637
2.3799
2.3493
2.6012
2.7711
3.1216
3.3765
3.568
3.6644
3.7774
3.7287
3.8232
2.107
2.5087
3.9145
4.1729
3.2773
0.98623
-0.11136
-1.8033
-2.8368
-3.9272
-4.9389
-5.7524
-6.0492
-6.2476
-5.9196
-6.1985
-6.4458
-6.5782
-6.7353
-6.9422
-6.1802
-5.0805
-3.704
-3.3428
-2.0629
-0.31573
1.943
3.2216
2.7371
4.2401
4.4765
4.7064
4.9847
4.5802
3.9165
3.3538
3.035
2.8186
2.8013
2.6794
2.4767
2.2627
2.0346
1.7531
1.7495
1.9445
1.8506
1.6836
1.5188
1.5412
1.4229
1.2521
1.1601
1.0551
1.0309
0.97771
0.97285
0.96489
0.95635
0.99505
1.1405
1.3286
1.6782
1.9807
2.3058
2.6
3.0103
3.1258
3.5829
3.4634
3.754
3.2776
2.8708
2.8565
2.8691
3.9646
4.2923
3.8364
2.2439
0.76441
-0.54319
-1.4923
-2.3171
-3.3869
-4.5639
-4.9791
-5.5514
-5.8319
-6.0756
-6.3056
-6.662
-6.8242
-6.6519
-6.2535
-5.4327
-4.8731
-4.4405
-3.6582
-3.7878
-2.2302
-0.29746
1.6451
3.5325
5.3099
4.0593
3.8238
3.7521
4.6654
5.4707
5.1528
4.4498
3.6528
2.7318
2.4311
2.2918
2.2058
2.2107
2.2455
1.9465
1.4101
1.0649
1.0953
1.0522
0.81836
0.69569
0.66631
0.7903
0.79053
0.77268
0.85206
0.91272
1.0875
1.2098
1.3039
1.4701
1.5581
1.5337
1.5908
1.7624
1.8942
2.0636
2.1264
2.1482
2.2032
2.2113
2.2599
2.6286
2.8874
3.2703
3.4066
3.7594
3.8153
4.1841
4.3089
3.5933
3.2798
2.9732
0.96914
-0.52399
-2.1408
-3.0266
-4.2808
-5.2467
-6.1265
-6.5667
-7.0294
-7.1387
-7.0364
-7.1185
-6.9136
-7.2717
-7.0921
-6.8975
-6.2909
-5.0378
-4.3629
-4.0124
-3.8204
-1.7628
0.95148
3.7299
2.7972
2.8697
4.3519
4.1271
4.6505
4.6091
3.7434
3.4625
3.067
2.7083
2.5978
2.6041
2.6509
2.546
2.4095
2.104
1.8577
1.7671
1.702
1.7949
1.7206
1.5755
1.5008
1.4595
1.4156
1.2811
1.2057
1.0956
1.254
1.2204
1.3721
1.4558
1.5068
1.5573
1.6657
1.716
1.8596
1.9951
2.105
2.2919
2.4455
2.6444
2.8292
2.8349
3.017
3.1553
3.3141
3.3909
3.3183
3.3133
2.9068
3.2084
3.887
4.5102
3.5876
3.0715
2.361
0.31019
-1.7538
-3.114
-4.0638
-5.9514
-6.9701
-7.8533
-8.3219
-8.5119
-8.5799
-8.3384
-8.2937
-9.078
-9.281
-8.6406
-7.6517
-6.777
-5.1657
-3.623
-0.70909
4.5774
2.1823
6.1982
5.7122
5.1297
4.4534
3.65
3.1199
2.6419
2.3657
2.55
2.4662
2.3227
2.2288
2.148
1.9343
1.8114
1.7679
1.5537
1.3754
1.3229
1.2865
1.2571
1.257
1.1362
1.1865
1.2515
1.2941
1.4372
1.5225
1.6424
1.7834
1.8322
1.9538
2.0026
2.0105
2.0752
2.0914
2.0641
2.1008
2.2101
2.3311
2.5008
2.6112
2.8559
3.1398
3.3844
3.2781
2.9987
3.3161
3.7057
3.9036
3.5536
3.1741
3.5595
2.111
0.038015
-1.5584
-2.3908
-3.5713
-4.7078
-5.5986
-6.4143
-6.868
-7.2815
-7.6517
-7.9241
-8.6547
-9.4125
-9.7734
-8.8441
-7.6132
-6.102
-4.8424
-3.3417
-0.65833
1.9805
3.3701
4.1681
5.5171
5.5013
5.4007
5.1927
4.0264
3.3144
2.9296
2.7866
2.4892
2.4539
2.3586
2.0718
1.7326
1.532
1.4916
1.6847
1.7999
1.734
1.5611
1.4713
1.5878
1.5775
1.4595
1.4165
1.3006
1.1739
1.2304
1.2907
1.2774
1.3753
1.5278
1.6759
1.8285
2.1153
2.2965
2.471
2.7852
3.2155
3.6093
3.8654
4.0534
4.2105
4.1155
3.6208
3.1612
2.2482
3.907
4.0734
2.6762
0.8059
-0.59199
-1.9179
-2.6282
-3.4915
-4.4377
-5.1949
-5.7093
-6.011
-6.1583
-6.3626
-6.547
-6.6299
-7.0609
-6.938
-6.4703
-5.7287
-4.9445
-3.6627
-3.1854
-2.5792
-0.37346
1.9118
3.8159
2.1387
3.7405
4.0284
4.5903
5.1446
5.0069
4.2856
3.8682
3.2233
2.8261
2.6284
2.6336
2.6526
2.529
2.3124
1.8477
1.3516
1.2116
1.549
1.6442
1.4128
1.2319
1.2595
1.4125
1.2685
1.1999
1.0834
1.1217
1.1165
1.0144
0.96947
1.0153
1.1047
1.1847
1.3151
1.4674
1.6793
1.8799
2.1352
2.3985
2.6539
2.9824
3.3509
3.8907
4.0585
4.3213
4.2058
3.9117
3.0912
2.7084
3.0701
3.9677
3.9854
2.836
1.0246
-0.57782
-1.9754
-3.0592
-4.2595
-5.4128
-6.174
-6.7598
-6.999
-6.9189
-7.06
-7.3852
-7.7116
-8.0571
-7.6748
-6.7823
-4.8455
-4.2044
-4.49
-2.2959
0.11673
2.6102
2.149
3.6725
4.2853
4.6575
5.0277
5.1342
4.5226
3.8876
3.2332
2.9959
2.7302
2.772
3.0052
3.0381
2.5746
2.0679
1.6128
1.7021
2.051
2.0547
1.7839
1.5692
1.4874
1.434
1.2953
1.1192
1.0425
1.0197
0.90347
0.79182
0.76225
0.73973
0.81189
0.88781
1.0165
1.3735
1.8178
2.2498
2.8382
3.2573
3.7982
4.1085
4.0857
3.681
3.1553
2.5688
3.259
3.9145
4.0624
2.3857
1.2296
-0.11493
-0.90943
-1.6785
-2.8264
-3.9016
-4.3966
-5.0299
-5.5632
-6.2032
-6.4602
-6.5307
-6.54
-6.1954
-5.2652
-4.6381
-4.3466
-3.5368
-3.625
-2.8663
-1.2623
0.8545
3.2233
5.2135
2.9982
2.7943
3.5682
3.9064
5.0859
4.7966
4.0559
4.0399
3.1134
2.528
2.2636
2.2493
2.3875
2.53
2.3532
1.7806
1.3183
1.2609
1.3924
1.3815
1.0767
0.88745
0.91621
1.0363
0.90238
0.75573
0.77397
0.8617
0.89226
0.96436
1.0268
1.1095
1.1656
1.449
1.7418
2.1661
2.5039
2.6599
2.652
3.1033
3.2582
3.4805
2.8157
2.5476
3.1255
3.1663
3.3872
3.4701
3.1635
0.74637
-0.29608
-1.4803
-2.1212
-3.0364
-3.9553
-4.7244
-5.1902
-5.7923
-6.1807
-6.4216
-6.7255
-6.6732
-6.1046
-5.4952
-5.1252
-4.7109
-4.1695
-3.8184
-3.2708
-2.0834
-1.3902
-0.23904
0.61509
1.7375
2.4257
3.0758
3.7327
4.341
4.9459
3.4485
3.7543
2.7887
2.7113
3.7276
4.5987
4.5886
4.5633
4.3185
3.6714
2.9673
2.6896
2.6343
2.4485
2.3239
1.8969
1.4381
1.2139
1.3652
1.4687
1.4342
1.3493
1.4212
1.3922
1.2371
0.99123
0.82066
0.78819
0.76399
0.85909
0.91933
0.94611
1.0268
1.3881
1.6217
1.8729
2.2184
2.678
3.1502
3.3754
3.6379
3.5637
3.792
3.5379
3.0302
2.62
3.8609
3.955
2.9372
2.924
2.1223
0.77934
-1.024
-2.0223
-3.1902
-4.2538
-5.2838
-6.0335
-6.5816
-6.7511
-6.4093
-6.4034
-6.556
-6.723
-6.3851
-5.6461
-5.1511
-4.8163
-4.3682
-3.8316
-2.9029
-1.4305
0.052548
1.732
3.1272
3.9539
4.741
4.913
3.968
3.3917
2.433
3.7346
4.6381
4.5212
4.235
4.1004
3.4923
2.8933
2.3502
2.3902
2.4548
2.5808
2.3662
1.7433
1.165
1.3823
1.6946
1.56
1.3341
1.3735
1.375
1.1811
1.0713
1.0289
0.94325
0.98977
0.94358
0.94406
1.0585
1.1691
1.2809
1.5003
1.6101
1.7943
2.0233
2.3825
2.7527
3.1376
3.3703
3.6416
3.6989
3.3622
2.8776
2.2311
1.3715
2.8078
3.6593
2.9405
1.1551
-0.15194
-1.4008
-2.1034
-2.9327
-3.6385
-4.1602
-4.3207
-4.4677
-4.4801
-4.6089
-4.8616
-4.8478
-4.5644
-4.3047
-3.7743
-3.1368
-2.7665
-2.4959
-2.3609
-1.8397
-1.5334
-0.80396
-0.044506
0.69077
1.3163
2.0626
2.8742
3.6365
3.4505
3.1677
2.1158
4.0177
5.4991
4.9777
3.5947
2.7755
2.1701
2.2161
2.3975
1.788
1.0147
0.93687
0.974
1.0428
1.1442
1.1236
1.2215
1.2928
1.3101
1.36
1.357
1.3145
1.3233
1.252
1.1435
1.0666
0.99899
1.0656
1.0985
1.1662
1.4021
1.569
1.7564
2.1217
2.5651
2.8767
3.1739
3.5092
3.3549
3.2391
2.1004
1.2855
3.3678
3.4954
4.2339
3.3074
2.9664
1.0042
-0.5654
-1.8371
-2.6642
-3.916
-5.1058
-5.8108
-6.5653
-6.3694
-6.1732
-5.7004
-5.6571
-5.9865
-6.0374
-5.2781
-4.703
-4.4337
-4.1108
-3.6905
-3.4752
-2.6143
-1.4068
-0.29465
1.0607
2.4162
3.367
3.8788
4.4835
4.2297
2.5485
1.5091
1.7071
3.7467
4.5051
4.6833
4.4222
3.8727
3.0223
2.6237
2.4466
2.7094
2.5341
2.3305
1.8881
1.4672
1.3253
1.2385
1.2615
1.1755
0.98521
0.80188
0.85644
0.83182
0.71095
0.64722
0.63994
0.57678
0.60126
0.60548
0.5914
0.73091
0.97757
1.1502
1.4225
1.584
1.7065
1.7926
1.9699
2.115
2.2291
2.3969
2.5457
2.6443
2.7778
2.863
3.0895
3.1241
2.8793
2.522
1.1116
2.6768
3.7372
4.0191
3.137
2.2444
-0.020075
-0.95176
-2.7592
-3.58
-4.9282
-6.1788
-7.1747
-7.1955
-7.0918
-7.1202
-7.0294
-6.8832
-7.0729
-7.1618
-6.9566
-5.4148
-4.6996
-4.2794
-2.6889
-0.91058
1.8648
4.0084
3.8856
5.5989
5.9474
4.9956
4.7508
3.6914
2.8169
2.5006
2.5919
2.5117
2.2944
1.9346
1.5969
1.4531
1.5037
1.4631
1.4504
1.4986
1.399
1.4397
1.3318
1.255
1.2874
1.2292
1.2065
1.259
1.3852
1.4959
1.4671
1.5659
1.6673
1.7549
1.8899
1.954
2.1351
2.4467
2.7771
3.0431
3.2225
3.3456
3.3411
2.945
2.2612
2.4656
2.582
3.5531
4.384
4.6985
4.2898
2.4032
1.1018
-0.06359
-0.76011
-1.485
-2.6683
-3.3673
-3.7349
-4.3016
-5.2419
-5.774
-5.9983
-6.7131
-6.8309
-6.1577
-5.2278
-4.4877
-1.5619
1.9801
1.4094
4.3536
6.3131
4.6949
5.0091
3.6053
2.768
2.3583
2.1964
2.0475
2.095
1.7609
1.6871
1.6955
1.7241
1.7611
1.5992
1.3755
1.1109
1.3052
1.2144
1.1022
1.1582
1.0891
1.0104
0.95204
0.89403
0.91598
1.0335
1.0834
1.2588
1.3976
1.6446
1.9661
2.1945
2.4708
2.6831
2.6447
3.2278
3.2531
3.6351
3.5938
3.0437
2.5661
2.6587
3.86
4.0357
4.4216
2.4639
1.2128
-0.055089
-0.90046
-1.5533
-2.5636
-3.1339
-3.8007
-4.5771
-5.374
-5.7265
-5.8305
-6.407
-6.5844
-5.8521
-4.601
-2.852
-0.043559
3.2756
1.1624
5.0007
5.4322
4.269
3.9741
3.3973
2.9878
2.766
2.5161
2.4502
2.2436
2.1717
2.0852
1.8973
1.8733
1.7626
1.8387
1.6467
1.5615
1.5345
1.3791
1.1611
1.0818
1.0412
0.92439
0.97079
1.0389
1.1181
1.2227
1.3664
1.4308
1.4666
1.5358
1.712
1.9218
2.2767
2.5296
2.922
2.9633
3.5306
3.4232
3.5654
3.3321
2.1601
1.7157
3.3535
3.5559
1.4896
0.28748
-1.0622
-1.6492
-2.5251
-3.2683
-4.023
-4.4528
-5.0052
-5.4597
-5.5457
-5.7397
-6.1926
-6.1594
-5.7495
-5.0148
-4.5754
-3.693
-3.476
-2.6296
-0.80225
1.5124
3.6042
4.1824
3.4569
3.7189
3.8662
4.3148
4.7058
4.7401
3.9874
3.5564
3.0018
2.5077
2.3529
2.5616
2.6051
2.4594
2.2418
1.7232
1.5914
1.6814
1.7778
1.4938
1.0932
0.85628
0.87072
0.79022
0.5652
0.49726
0.55039
0.78648
0.83404
0.76014
0.85462
1.0372
1.3552
1.6746
2.0503
2.4643
2.8655
3.2548
3.4055
3.9533
3.4378
2.6767
2.4607
3.3999
3.9432
3.8648
4.4073
3.2739
1.221
0.36394
-0.46524
-1.1714
-1.9497
-2.48
-3.0462
-3.7456
-4.5361
-4.9054
-5.0724
-5.0254
-5.157
-5.1272
-4.7927
-4.4326
-4.1515
-3.9151
-3.3897
-2.9653
-3.1424
-2.5591
-1.2773
-0.038488
1.1257
2.2729
3.2309
4.3033
2.2125
3.7113
3.5528
2.8624
4.0242
4.6361
4.3095
4.2429
3.9531
3.2801
2.5385
2.1239
2.1166
2.0519
2.3235
2.2351
1.9273
1.5496
1.3346
1.3751
1.4278
1.3671
1.1448
0.88416
0.72804
0.71306
0.70606
0.63247
0.56891
0.56416
0.64495
0.74853
0.80259
1.062
1.5832
2.1451
2.502
2.8233
2.9934
3.1019
3.0836
2.9864
3.0977
3.1449
3.3372
3.5056
3.4901
3.4426
2.6442
1.4485
2.9257
4.208
4.1509
2.0055
0.19371
-1.0828
-2.0751
-3.1708
-4.3651
-5.3495
-6.1633
-6.5599
-6.6752
-6.6763
-6.807
-6.8835
-6.7418
-6.3123
-5.8749
-5.3504
-4.9855
-4.346
-4.3283
-3.4713
-1.8475
0.24725
2.2776
4.2603
4.5734
3.4254
3.5798
2.0942
3.8094
4.554
4.6108
4.2032
3.6354
2.8152
2.2605
2.1053
1.9856
1.8794
1.9773
1.9898
1.755
1.2708
0.9905
0.92691
1.0455
1.237
1.0914
0.89046
0.89394
1.0125
1.0258
1.0743
1.0155
0.96579
0.9055
0.75761
0.73051
0.5907
0.52607
0.70603
0.94032
1.1786
1.5178
1.7164
1.7946
1.8663
1.8697
1.999
1.9543
2.0235
2.0681
2.1289
2.51
2.6639
2.4838
2.6665
3.4718
3.9961
3.5362
2.7752
2.611
1.3097
0.04097
-1.1334
-2.1183
-2.9622
-3.6281
-4.357
-4.454
-4.5498
-4.619
-4.6659
-4.6496
-4.5138
-4.6628
-4.7019
-4.6274
-4.3764
-3.632
-3.0952
-3.1941
-2.5437
-0.8206
0.78592
2.8554
3.0339
2.2451
3.5857
3.9199
4.242
4.5819
4.5771
3.6292
3.1505
2.6147
2.4217
2.1403
2.2434
2.3777
2.3009
1.9201
1.4851
1.2964
1.3896
1.5155
1.3089
1.0924
0.95362
0.86625
0.81507
0.74732
0.72228
0.63702
0.56135
0.5623
0.66777
0.85762
1.0294
1.1649
1.2814
1.397
1.3942
1.6569
1.9082
2.0931
2.3299
2.3693
2.4405
2.6532
2.8866
3.1533
3.3346
3.2984
2.786
2.6448
1.6627
2.841
3.6734
3.3377
1.204
0.080157
-1.3448
-2.4401
-3.1078
-3.7796
-4.6918
-5.0552
-5.2708
-5.2826
-5.3046
-5.5623
-5.8195
-5.6914
-5.5275
-5.3119
-4.6729
-4.4585
-4.1805
-3.537
-3.5784
-2.9504
-1.7145
-0.30862
0.95174
2.9588
4.4742
2.431
2.1673
2.6531
2.9897
4.377
3.5958
3.3937
2.92
2.3853
2.2275
2.1603
2.233
2.0376
1.8693
1.7728
1.4323
1.0085
0.87747
0.92711
1.0611
1.249
1.2694
1.0766
0.87904
0.8522
0.99798
1.1097
0.93687
0.92857
0.97102
1.151
1.262
1.4963
1.8902
2.3393
2.626
2.9585
3.0631
3.0007
2.6246
2.5947
3.06
3.3526
2.6261
2.6681
3.8848
2.04
0.44031
-0.88869
-1.7026
-2.348
-3.1927
-4.0385
-4.5006
-4.999
-5.338
-5.4696
-5.8409
-5.9022
-5.5843
-5.141
-4.5552
-4.2631
-3.9238
-3.363
-3.3228
-3.0848
-1.8852
-0.74842
0.093313
1.0676
2.2397
3.2157
3.3363
2.5734
1.8662
1.614
2.854
4.0661
4.746
4.3328
3.921
3.1899
2.3997
2.0703
2.0518
2.1768
2.322
2.1969
1.8368
1.5584
1.521
1.7356
1.8595
1.6144
1.4189
1.2058
1.1418
1.1477
0.85403
0.64585
0.72759
0.71913
0.84638
0.85774
0.96663
1.1504
1.2263
1.3103
1.4632
1.7188
2.013
2.2816
2.4853
2.5536
3.024
3.3358
3.5224
3.3377
2.9987
2.547
2.0204
2.4314
3.8777
4.043
1.976
0.27859
-1.0482
-1.9761
-2.7144
-4.0537
-5.1663
-5.9292
-6.3227
-6.3629
-6.2774
-6.5751
-6.9133
-6.8812
-6.42
-5.0493
-3.7509
-2.13
-3.0479
-1.3929
1.0201
2.4235
3.654
3.2312
4.5197
4.9372
4.3261
4.4467
3.5722
2.5894
2.1043
1.8519
1.86
1.9592
1.9105
1.9984
1.8898
1.6831
1.2896
1.3785
1.5932
1.8099
1.7963
1.4944
1.329
1.2066
1.2005
1.1637
1.1683
1.0612
1.0412
1.1096
1.0691
1.0238
1.0017
1.2574
1.5741
2.1155
2.3488
2.5675
2.6787
2.9951
3.0327
3.2416
3.4344
3.5472
2.9133
2.8444
1.9112
3.5561
4.5628
4.2954
1.9171
1.1857
-0.2209
-0.79978
-1.6735
-2.8346
-3.505
-3.912
-4.4067
-4.7303
-4.8686
-5.1994
-5.0682
-5.1151
-4.6358
-3.9547
-3.5353
-3.2177
-2.6744
-1.7148
-2.0094
-0.63011
1.0435
3.1196
4.0683
1.4892
2.5053
3.1145
2.8871
3.6787
4.0115
3.9145
3.5545
3.3512
2.9004
2.5019
2.5056
2.6329
2.7278
2.6175
2.4317
1.8826
1.6438
1.6684
1.7247
1.6882
1.5294
1.401
1.3124
1.2711
1.1395
1.0674
1.057
1.0221
0.96166
1.096
1.0377
1.1006
1.1149
1.0846
1.1149
1.1239
1.3396
1.562
1.8178
2.2519
2.6108
2.8984
2.9782
3.3498
3.3774
3.5809
3.6396
3.1989
1.5884
1.5987
2.7692
3.9196
3.1739
1.1537
-0.33411
-1.5518
-2.7499
-3.5337
-4.7983
-6.023
-6.7387
-7.1553
-7.1916
-7.0774
-7.3074
-7.6059
-7.8538
-7.2919
-5.8738
-4.2892
-2.931
-3.4083
-0.59924
2.7749
2.4528
4.246
4.9001
5.5365
4.3019
4.5465
3.9826
3.1682
2.5203
2.5491
2.6312
2.6507
2.6133
2.4339
2.2949
2.005
1.9639
1.971
1.8007
1.6239
1.3934
1.2334
1.1152
1.0466
1.0217
0.93816
0.87969
0.93237
0.89779
0.95573
1.0159
1.042
1.1124
1.1757
1.2494
1.4631
1.7284
2.0708
2.4772
2.8295
3.1117
3.3588
3.573
3.7656
3.7914
3.577
2.4756
1.2597
3.2031
4.2856
3.9694
1.8761
0.40908
-0.66193
-1.0607
-1.9504
-2.8166
-3.6444
-4.2378
-4.5456
-4.8824
-5.1005
-5.442
-5.729
-5.394
-4.945
-4.2448
-3.2779
-2.62
-1.98
-1.7481
-1.6026
-0.83314
0.37574
1.7219
3.4249
4.554
3.7361
3.6874
3.9106
4.5321
5.6512
4.4354
4.0728
4.1029
3.2472
2.6934
2.5488
2.705
2.6577
2.4831
2.2676
1.7481
1.507
1.7355
1.8031
1.5165
1.365
1.3387
1.1881
1.0274
0.791
0.67685
0.61942
0.49209
0.53906
0.54485
0.71494
0.88672
1.1798
1.3633
1.6211
1.9689
2.4184
2.7313
3.1992
3.2663
3.4749
3.3734
3.4145
3.3085
2.2234
0.61512
2.5913
3.7827
3.6343
1.2978
0.50288
-0.6545
-1.1348
-1.9791
-2.92
-3.6155
-4.1532
-4.6401
-4.9611
-5.2149
-5.6888
-5.9559
-5.8153
-5.4046
-4.5594
-3.4412
-2.7946
-3.3518
-1.7953
-0.053332
1.1585
3.2824
2.5854
3.9629
4.3564
4.095
4.129
3.6186
2.6853
2.0613
1.9735
2.1459
2.2495
2.3224
2.1893
1.8895
1.6215
1.6517
1.6504
1.6677
1.5289
1.3739
1.2169
1.096
1.0348
0.92169
0.87871
0.82091
0.86853
0.83857
0.83989
0.88461
0.76717
0.73824
0.82294
0.89223
1.1117
1.2162
1.6679
1.8687
2.3518
2.5402
2.9577
3.1764
2.9144
2.8278
2.2403
1.8263
2.9074
3.5137
2.0342
0.86072
-0.0091809
-0.78114
-1.1581
-1.5657
-2.1657
-2.4925
-2.8579
-3.0426
-3.455
-3.9306
-4.3978
-4.6822
-4.7143
-4.3264
-3.9702
-3.4746
-2.8661
-2.1428
-2.3754
-1.3255
0.44017
2.3656
3.7304
2.958
3.5975
4.3578
4.6949
5.2599
4.6533
3.641
2.8152
2.2057
1.951
1.8943
1.9786
2.2263
2.0923
1.6505
1.3425
1.4387
1.5774
1.4218
1.1421
1.1097
1.0802
0.97248
0.84475
0.7948
0.84042
0.87789
0.89605
0.84686
0.79871
0.78049
0.79907
0.73299
0.86982
1.0103
1.1501
1.232
1.4489
1.5528
1.7302
1.8646
1.9459
2.1435
2.173
2.1702
2.0631
2.4597
2.5029
2.7006
2.5037
2.5056
3.4277
4.3674
3.9207
2.6303
2.1829
1.1043
-0.339
-1.7464
-2.4756
-3.4204
-4.5321
-5.1522
-5.982
-6.1434
-6.1386
-6.1979
-6.113
-6.2763
-6.5611
-6.5948
-6.5431
-5.4968
-4.3606
-3.923
-4.3233
-2.0398
0.50271
3.7431
5.3864
3.6166
4.5914
3.5947
4.2783
4.9788
4.2389
4.1276
3.6028
2.7211
2.4022
2.2321
2.2895
2.475
2.6727
2.4092
1.6762
1.3489
1.3461
1.3526
1.0327
0.67845
0.6377
0.6965
0.7225
0.68281
0.73538
0.79207
0.84725
0.86873
0.88053
0.84933
0.83494
0.86828
0.91966
0.88441
0.87635
0.8829
0.8565
1.0494
1.1085
1.2394
1.2656
1.3062
1.4343
1.5398
1.6762
1.5644
1.7364
1.637
2.0964
2.0666
2.2776
2.1163
2.7158
3.8448
4.5841
4.3019
2.8663
2.3282
1.7079
0.42074
-1.7409
-2.6447
-3.4448
-4.5327
-5.103
-5.6596
-6.1287
-6.237
-5.9606
-5.5303
-5.4446
-5.686
-5.8558
-6.1217
-5.3487
-4.6238
-3.4611
-4.0714
-3.3338
-1.5732
0.35328
2.0776
4.0897
1.9239
3.5955
3.9013
4.2507
4.7067
4.0987
3.48
2.9436
2.5891
2.4067
2.2767
2.3
2.3305
2.2534
1.8815
1.5699
1.4946
1.5631
1.6939
1.6202
1.4388
1.3588
1.2643
1.2603
1.2016
0.94929
0.92781
0.95488
0.8572
0.915
0.92
0.99334
1.0629
1.1056
1.1989
1.2578
1.3708
1.5344
1.7004
1.8596
2.1002
2.3337
2.1709
2.7836
2.7093
3.0774
3.2908
3.4586
3.0097
2.6101
2.3108
3.643
4.0171
3.9255
1.8112
0.6511
-0.77847
-1.302
-2.0734
-3.1103
-3.7195
-4.2412
-4.9141
-5.146
-5.184
-5.3358
-6.1037
-6.3879
-6.041
-3.7987
-1.8806
-1.978
-2.1999
0.15814
3.4788
3.0384
4.1285
4.6575
4.6499
5.0395
4.94
3.9353
2.9254
2.1471
2.1512
2.2913
2.4364
2.6024
2.5196
1.9687
1.3593
1.4625
1.7113
1.5274
1.4116
1.1252
1.1128
1.1046
0.88632
0.8373
0.80149
0.89088
0.87235
0.81788
0.86766
0.95952
1.0649
1.329
1.4509
1.5925
1.6682
1.9639
2.3163
2.4094
2.4603
2.6471
2.692
2.6853
2.3576
1.2732
2.5413
3.4949
2.4167
0.9017
0.054516
-0.78668
-1.1163
-1.823
-2.4418
-3.0336
-3.4378
-3.8277
-4.2111
-4.8483
-5.4198
-6.0933
-5.9963
-4.7604
-3.6177
-2.8557
-2.2134
-0.27347
2.4225
3.2003
3.9227
5.1975
5.3349
5.3127
4.5591
4.0793
2.9928
2.2947
2.1491
2.3438
2.3958
2.4187
2.231
1.877
1.3838
1.5682
1.6891
1.8155
1.5674
1.3836
1.2573
1.3573
1.3382
1.2022
1.2408
1.2301
1.2027
1.2952
1.4686
1.6518
2.1106
2.4626
2.7886
2.9299
2.8961
3.2048
3.1831
3.2666
2.9546
2.5034
1.5149
3.7493
4.9442
3.8238
1.5597
0.78038
-0.45386
-0.70049
-1.3705
-2.3429
-3.1747
-3.6141
-4.1214
-4.3615
-4.6114
-5.0777
-5.2011
-4.9892
-4.6111
-3.8476
-2.7119
-2.0384
-1.4596
-1.1903
-0.0093434
1.5569
3.1578
4.2797
2.0461
3.401
4.0138
3.9089
4.3258
4.1785
3.6534
3.1536
2.5551
2.6543
2.7811
2.9999
2.8495
2.4892
2.0467
2.0106
2.0862
1.7484
1.3499
1.1482
1.1209
0.98544
0.79576
0.67511
0.74159
0.90738
1.0403
1.2268
1.679
2.2357
2.6881
4.0008
2.8054
3.8609
2.6876
3.7006
2.4517
4.1833
3.0302
0.33037
-1.0318
-2.486
-3.0614
-3.7051
-4.1352
-4.4141
-4.6221
-4.3843
-4.3682
-4.2918
-3.4586
3.532
0.54041
2.8478
5.4634
4.963
3.1786
3.0148
2.7107
2.3402
2.0965
1.326
0.95449
0.69754
0.38212
0.33805
0.16839
0.17691
0.19876
0.16328
0.25784
0.47913
0.78302
1.4401
2.1773
2.8559
3.9171
1.862
3.5798
3.1952
4.6727
3.8021
1.3297
-1.2139
-2.6578
-4.411
-5.8448
-6.7145
-6.9217
-6.7798
-6.7994
-7.0895
-6.8284
-6.9619
-5.7442
-3.6107
-0.21076
8.0413
4.4222
7.0488
4.9723
4.6134
3.3802
2.4563
2.1688
1.8647
1.1683
0.7955
0.45479
0.37293
0.23331
0.26424
0.43019
0.34015
0.66578
0.82485
1.1419
1.3219
1.8292
2.6011
3.2849
3.6264
4.1546
4.1405
3.0246
4.0121
5.6649
4.5487
2.3332
1.6103
-0.61063
-2.5667
-4.0281
-5.3788
-6.6035
-7.5904
-8.07
-7.9592
-7.3001
-6.6044
-4.8852
-0.7625
5.1933
1.2069
4.0453
5.1115
5.5207
4.8675
3.88
3.0682
2.3805
1.4985
1.0748
0.59854
0.34642
0.19017
0.53479
0.84818
1.0873
1.5569
2.1964
3.0929
3.4743
3.8623
3.2818
3.575
4.5982
3.6964
1.7354
-0.17302
-1.613
-3.0381
-4.3784
-5.8887
-6.7463
-7.3245
-6.9993
-6.5833
-6.8149
-5.1486
-3.1677
3.9677
2.6986
3.2399
6.633
5.5328
4.4486
3.9117
2.6593
1.796
1.016
0.58693
0.48863
0.16252
-0.051421
-0.082283
-0.10488
-0.13475
0.141
0.6766
1.3628
2.2394
3.0772
3.8356
4.7278
4.2527
4.0942
2.9824
5.0727
3.2647
2.0092
-0.6619
-2.0345
-3.5781
-5.331
-6.626
-7.372
-7.5474
-7.0193
-6.7176
-6.314
-6.2738
-5.8592
-4.2555
-2.3057
-0.59227
1.8049
7.4946
4.1164
6.3483
4.9088
4.5167
3.7088
3.1601
2.6061
2.0779
1.4058
0.83213
0.43725
0.16096
0.38159
0.44869
0.54949
0.74049
0.96621
1.3998
1.7222
2.131
2.7515
3.1986
3.5713
4.0559
4.7561
4.7345
5.0207
4.7303
5.4502
4.8855
3.6483
1.1094
-1.4758
-2.942
-4.3708
-6.106
-7.7408
-8.4944
-9.0243
-9.4721
-9.3498
-8.3545
-6.8121
-4.5563
-2.8801
11.785
-0.67309
9.8592
5.6953
6.8183
4.3517
3.7093
2.6037
2.0254
1.443
1.2332
0.82935
0.58954
0.25516
0.3254
0.41279
0.77411
1.2457
1.9075
3.1176
4.0523
4.6499
4.8908
3.5578
4.8888
4.3384
2.7048
-0.34937
-2.3212
-3.7802
-5.8297
-6.4697
-6.9487
-7.2677
-6.9439
-7.0819
-7.2287
-6.4883
-5.1547
-3.1314
-1.9777
4.1214
3.5798
8.2547
-1.4695
0.7444
8.1687
9.3673
11.09
7.1067
7.8505
4.8871
4.0992
2.9124
1.3267
1.1058
1.1647
1.807
1.1493
1.2016
0.56388
0.90176
2.7029
3.1871
2.9723
3.1719
4.3123
4.8048
2.7681
-0.81481
-0.908
-3.028
-3.9553
-4.2145
-4.2957
-3.8592
-3.9157
-4.1987
-5.1522
-5.1646
-4.775
-2.4496
0.20955
2.8135
4.4843
12.978
8.5237
9.1376
6.6755
5.6728
4.7219
2.9903
1.2407
1.2499
1.6899
2.0058
1.3992
0.042066
-0.53903
0.43944
2.3231
2.3452
2.7129
4.1813
3.641
3.742
1.5492
-1.1816
-2.2451
-3.5056
-4.5819
-5.1039
-4.429
-3.6306
-3.0788
-3.4356
-4.1405
-4.1703
-4.059
-1.7404
0.32439
3.9567
7.9876
12.881
10.407
7.3926
5.7864
4.5029
3.2711
1.8995
1.3113
1.3485
2.6408
3.0437
0.8027
0.64422
0.56663
1.6242
2.4657
2.6896
3.453
4.4259
4.8863
4.3233
1.9274
-0.66468
-1.0026
-2.4731
-3.6565
-4.5175
-4.9271
-4.5178
-4.6878
-5.5772
-6.3595
-6.5985
-4.8208
-3.1075
-0.82035
1.429
7.3436
14.329
11.829
6.7719
9.1373
5.51
4.7005
2.9987
1.243
1.0551
1.4057
0.99168
-0.51561
-0.44042
-0.41777
0.49591
2.1336
2.7366
3.7802
3.2866
2.9136
2.3287
1.1458
-2.4871
-2.7549
-2.9883
-3.7796
-4.4082
-4.054
-3.7113
-3.3001
-3.2481
-3.6332
-3.8226
-4.1119
-3.7172
-1.6367
0.19222
2.5987
9.3361
13.087
10.618
7.4682
7.9306
5.6051
4.4436
2.3832
0.753
0.74378
1.6378
1.2093
0.96838
-0.66367
-0.44028
1.1364
2.3012
2.799
4.002
2.9546
2.0339
1.0675
0.90901
-1.815
-4.0638
-3.3777
-4.6232
-4.6493
-4.6395
-4.3755
-3.9525
-3.6677
-3.8148
-3.846
-3.2472
-3.3459
-2.9063
-0.69436
1.0577
7.0462
11.962
10.304
7.6902
7.6368
4.9692
4.4781
2.5956
0.60363
0.84045
2.256
0.33377
0.75576
-0.26806
-0.23383
1.5404
2.6283
2.6075
4.2541
3.4288
2.2005
2.021
0.05116
-2.6925
-4.1422
-5.0372
-5.8364
-6.3072
-5.867
-5.2039
-4.2724
-4.3567
-4.802
-4.1585
-3.8637
-3.5193
-1.9576
-0.605
2.3972
6.4714
14.688
9.6053
6.0132
9.0606
5.4909
4.4559
2.559
1.1211
1.0195
1.7092
0.78845
-2.5851
-0.35798
1.206
0.37245
1.4627
2.3187
2.89
2.5138
2.0656
1.5077
1.69
1.3294
-3.5536
-5.175
-4.4613
-5.5978
-5.6492
-5.1179
-4.4264
-4.4582
-3.991
-2.954
-2.0755
-3.2076
-3.6714
-1.1113
0.19294
2.8129
6.8112
9.5817
8.8708
5.0907
7.4752
4.9906
5.1401
3.975
2.1839
0.27874
-0.028579
1.5352
-0.8479
3.0839
-1.105
-1.0508
0.08832
0.80506
1.515
2.6637
1.5691
1.0945
1.004
0.27669
-4.2392
-4.3314
-4.3519
-4.954
-5.392
-4.694
-3.7667
-3.0367
-2.9206
-2.8016
-2.6115
-1.8606
-2.3161
-2.3291
0.051649
1.458
8.7744
7.5744
8.4126
5.433
5.3501
3.5056
1.8295
0.14875
-0.28987
0.60332
1.1773
0.025602
-1.4297
0.065861
0.97642
2.3497
3.2669
3.5443
3.1584
2.2237
2.1303
0.78833
-3.8701
-1.9944
-1.3646
-1.4412
-1.4917
-1.4768
-0.9207
-0.83041
-1.0928
-1.5567
-2.1548
-2.1863
-0.50788
-1.3893
-0.44523
1.5188
6.7567
10.758
6.6907
7.7911
7.1649
5.2821
3.4516
1.4729
0.51449
0.64984
1.1507
0.74476
-0.13056
-0.93774
0.80003
2.3819
2.643
2.3687
4.1138
1.9977
1.4074
1.4073
-0.67637
-2.7444
-2.5569
-3.259
-2.7326
-2.2159
-1.3475
-1.4334
-1.994
-2.3613
-3.6056
-4.2139
-1.9228
-1.9662
-0.117
2.419
7.9564
6.9442
6.5875
9.3768
4.2221
3.4437
2.66
1.1128
0.83486
1.1763
0.2895
-0.61734
-1.562
-0.81108
0.47665
1.2444
1.8712
3.0246
2.9557
2.4055
1.956
3.6481
2.5365
-4.9015
-3.8406
-3.4839
-3.5233
-3.1314
-2.273
-1.3442
-1.3713
-1.6955
-1.65
-2.7357
-2.1512
-2.3765
-1.8312
0.32925
6.3958
12.485
8.5819
5.5601
6.1757
4.5268
3.1249
1.2893
0.45453
0.64112
1.4664
0.52062
-0.25343
-0.93675
0.52571
1.7822
2.2971
2.267
4.33
2.9602
1.6436
1.8748
-0.49032
-3.5373
-3.0575
-4.4548
-4.6035
-4.6364
-4.8357
-3.1947
-2.9195
-2.9886
-2.0119
-0.23744
-1.6675
-3.0856
-0.75131
1.6266
9.4839
15.6
7.4246
5.8316
7.0999
4.0236
2.9872
1.4308
0.70097
1.1481
1.3355
0.5984
-0.16314
-0.53012
0.69748
2.2491
2.6697
2.8981
3.0555
4.5276
2.2101
1.2247
-1.5976
-3.2157
-3.0527
-4.3438
-4.208
-3.7999
-2.9762
-2.1396
-2.1036
-2.1918
-0.80829
-0.22861
-1.5499
-1.0528
1.4338
3.88
5.9356
10.813
8.4396
6.3685
5.5199
4.7809
2.7338
0.53127
0.73071
1.1945
0.94223
0.32635
-1.0673
-0.58091
1.1442
2.0695
2.3177
2.7862
2.2813
2.2372
0.79269
1.441
-2.513
-3.7197
-3.7091
-4.4017
-4.2881
-3.3085
-2.426
-1.9847
-2.5138
-2.1364
-0.30308
-0.3435
-2.1596
0.32315
2.0134
8.4509
12.693
7.6278
6.3514
6.764
5.1011
4.0292
1.7967
0.92756
1.3525
1.7232
1.045
0.74603
-0.17339
0.95795
2.4939
2.3167
2.8402
3.9862
3.5696
2.6365
2.5816
-1.2714
-3.745
-2.6611
-3.7318
-4.4188
-4.9178
-4.6772
-3.6025
-3.5213
-3.6239
-2.8155
-2.0144
-2.1193
-2.0385
0.49869
2.797
4.7497
13.105
9.0285
5.9514
5.7091
4.5141
3.2107
1.6537
0.7948
1.0191
1.3626
1.0427
0.0038856
-0.89051
0.25805
1.3767
2.3266
3.0139
3.5244
2.7176
1.961
3.2062
-1.4206
-3.6787
-2.4277
-3.629
-3.8443
-4.2066
-4.3623
-3.9348
-3.9699
-3.803
-2.275
-0.12583
-2.5545
-2.417
-0.53282
2.0968
7.9803
11.289
6.1259
6.1962
7.4699
4.2668
2.6972
1.1303
0.44812
0.89032
1.4046
-0.17922
-0.5168
-0.68551
1.1031
1.4003
2.1507
2.684
3.8836
2.686
2.2848
2.7114
-2.2874
-3.2587
-1.656
-3.3431
-3.6388
-3.8353
-3.9137
-3.7723
-4.9687
-4.38
-2.5627
-1.6543
-0.75966
-1.7368
0.1345
4.0922
5.0949
12.637
9.1331
6.3944
6.2758
3.7152
2.3117
0.48677
0.40082
0.7058
0.42808
0.18974
-0.2718
-1.0283
0.26126
1.7735
2.1575
2.8796
3.1882
1.9807
1.9156
1.9671
-1.8815
-4.1827
-2.438
-3.1013
-3.3723
-2.7456
-2.1765
-2.2276
-2.5218
-2.0966
-0.66907
-0.13205
-0.4452
0.98533
1.8402
5.3425
11.858
9.0041
5.5044
6.2105
4.1096
2.6776
1.1404
0.62342
1.4749
1.3083
0.24697
-1.2247
-0.71741
0.37838
1.3988
1.2935
2.7264
2.1838
2.155
2.0507
3.6171
-0.79657
-4.373
-2.2241
-3.0623
-3.367
-3.1221
-2.0953
-1.9352
-2.289
-2.7306
-1.6058
-0.88453
-1.1292
-0.58808
0.022996
4.3196
9.9129
6.423
5.0344
8.3134
4.8846
3.7082
1.5753
0.5912
0.98072
0.81096
0.29383
-0.71235
-1.2588
-0.47772
1.1667
1.63
2.0406
3.1373
2.5904
1.8585
1.7335
0.5071
-2.5354
-2.2492
-3.1328
-3.7507
-3.7456
-4.2254
-2.8587
-3.338
-3.3487
-3.8673
-4.4405
-2.8711
-1.9855
-0.6267
1.8082
8.0776
7.1758
6.8762
8.1366
5.08
3.3509
2.0572
0.81077
0.77844
1.4436
0.81841
0.073594
-1.109
0.16768
0.71665
1.8489
2.223
3.5702
3.2916
2.5538
2.5633
2.6626
-3.2236
-3.1677
-2.1661
-2.9366
-3.2638
-3.2846
-2.9914
-2.1414
-1.9179
-2.0892
-1.1929
-0.58086
-0.71056
-0.17987
0.26396
5.277
12.022
8.6738
5.7242
6.2378
3.9764
2.3712
0.40056
0.0040399
0.79739
0.65254
0.12266
-1.2098
-0.13738
0.67331
1.8511
2.0013
2.5097
2.0195
1.6544
0.20714
0.69999
-2.3798
-2.9841
-2.5931
-3.189
-3.2028
-2.4654
-2.373
-1.9624
-2.3484
-2.538
-1.8135
-1.0245
0.11251
0.6572
1.4564
7.2132
6.5301
6.3966
4.9158
5.2995
3.3057
1.8
-0.059862
0.14973
1.079
1.4084
0.52101
-0.48492
-0.81493
0.28132
1.2571
1.4906
2.6117
2.5537
2.3263
1.7165
1.2554
-1.3433
-0.54176
-0.68725
-1.2406
-1.3365
-1.2783
-1.4035
-1.6593
-2.3242
-2.1412
-0.7415
0.91629
0.99126
0.22746
2.2821
8.0796
11.145
8.8661
4.366
6.5779
2.7913
2.0565
0.86721
0.85599
1.3403
1.2712
0.3451
-0.96211
-0.15709
0.60857
1.1459
1.3991
1.8272
3.0072
2.6203
2.3143
2.9639
0.82803
-2.6338
-1.5732
-1.7555
-2.2516
-2.3366
-1.8146
-1.8479
-1.8127
-3.4252
-2.7454
-2.9653
-1.8959
-1.2297
-0.34758
3.2871
7.898
8.4278
7.1598
6.4787
4.8008
3.532
1.8739
0.51843
0.72413
1.5744
1.3463
0.48427
-0.4608
-0.55812
-0.27703
0.66443
1.5181
2.7333
2.2476
2.1277
1.7645
2.6653
-1.3785
-1.3754
-0.9374
-1.4334
-1.4861
-1.5029
-1.7362
-2.209
-2.823
-3.2087
-2.7327
-1.9924
-0.69681
-0.066178
0.90699
5.5185
8.07
7.7358
6.5962
7.7791
5.0994
3.2318
1.6349
0.88658
1.1561
1.8544
0.68618
-0.056635
-0.62996
-0.44138
0.82415
1.7967
1.8151
2.2281
3.5525
2.5093
2.4108
1.9692
-3.0696
-3.2264
-2.9813
-4.5928
-4.836
-4.4835
-4.4304
-4.7244
-5.4125
-5.1702
-3.2916
-2.2568
-1.0264
-1.4602
1.8137
6.6713
10.861
8.1099
5.7717
5.7091
4.0582
2.8441
1.4705
0.76832
0.95244
1.3911
1.194
1.105
0.095056
0.41538
1.4672
2.488
2.3077
2.5836
3.3271
2.9914
3.6748
0.032233
-0.62114
0.037372
-0.98159
-1.835
-1.7241
-2.4833
-2.3069
-3.7987
-5.5027
-5.7928
-4.7744
-2.8126
-2.0477
-0.072382
6.2201
11.558
8.6187
5.2129
5.9885
3.5615
2.0812
0.7171
0.36897
0.67264
1.4167
0.49434
-0.079019
-1.5492
-0.6303
1.2297
1.6587
1.8431
2.6403
2.7835
2.8686
3.1022
-0.85588
-1.5661
-1.0706
-1.7843
-2.2603
-2.1
-2.1583
-2.6468
-3.0252
-3.3999
-3.4004
-3.0609
-1.2732
-0.087691
-0.023431
4.5619
11.086
9.2126
5.1233
5.702
2.455
1.795
0.31646
0.64079
1.1725
0.73242
-0.16092
-0.85653
-0.64073
0.50457
1.2746
2.0025
2.5008
2.5951
2.5895
1.6926
2.9914
-2.0467
-2.1252
-2.0233
-3.5733
-4.0132
-4.2136
-4.9397
-4.3292
-4.6743
-4.2277
-3.34
-1.6729
-1.2492
0.39266
1.0904
5.8431
11.809
9.392
4.3705
7.0803
3.5095
2.8295
1.4985
0.35764
0.31795
1.3265
1.0854
0.3078
-0.70493
-0.16593
0.90651
2.1335
2.8753
3.715
3.3717
3.4389
4.0469
1.5616
-1.3398
-0.080239
-1.1818
-2.6341
-2.7425
-2.8177
-2.9473
-2.9026
-3.2959
-3.6349
-3.5162
-1.6279
-1.5018
-0.4269
1.3059
5.4648
13.552
7.3785
5.4749
8.7654
4.2946
3.0746
1.9561
0.7711
0.98347
1.5887
0.69479
0.57664
-0.63413
-0.71334
0.63134
1.6814
1.8647
3.0786
2.1701
1.7176
1.879
-0.58412
-2.8683
-1.4162
-2.5365
-3.2391
-3.2478
-4.2322
-2.8756
-3.1851
-3.6253
-2.5201
-1.0959
-1.0038
-0.52008
0.25265
3.6171
6.7997
8.2578
6.9484
6.6156
4.558
4.0261
1.7094
0.28914
0.65703
2.1981
0.76461
0.67559
-0.5191
-0.39157
0.04879
1.4604
1.3324
1.5113
4.5594
2.0494
1.7335
-0.96759
-1.6636
-1.5176
-2.9805
-3.8412
-3.3282
-3.4952
-3.6728
-3.7881
-4.5982
-5.0142
-4.2128
-2.0941
-0.18584
-1.0216
1.2286
6.203
13.287
7.9424
4.9245
7.5182
4.3761
2.6646
1.1385
1.0687
1.5042
1.565
0.78701
0.020497
-0.94758
-0.65214
-0.14387
0.57256
1.3587
2.7778
1.9755
2.2738
1.1686
-0.52708
-2.5435
-1.9389
-3.0833
-4.2308
-3.975
-3.3361
-2.8796
-2.8686
-2.5976
-1.0083
2.1064
1.8109
-0.66108
1.1691
3.6734
5.3507
12.281
8.8857
5.9747
6.1349
4.5338
3.5944
1.826
1.1958
1.0627
1.6726
0.73656
0.75443
-0.27309
0.26253
1.0736
1.7109
2.1363
3.225
2.2396
2.0128
1.6662
-1.7531
-2.1194
-1.967
-3.6191
-4.0914
-4.7126
-5.5561
-5.0505
-5.4491
-5.8392
-5.0713
-3.1677
-1.8224
-1.925
-1.0143
0.98178
5.65
8.6963
12.852
7.4358
8.1271
4.8523
4.2263
2.8821
0.79567
0.91621
1.2868
1.5314
0.25113
0.62749
-0.56877
0.62412
1.569
2.0146
2.4821
3.4943
2.2333
1.4529
0.62999
-1.8751
-3.2382
-3.6146
-4.1425
-4.8691
-3.9879
-3.3765
-2.8287
-2.6366
-2.1038
-0.83733
-0.70957
-0.12557
0.09191
0.67202
5.0389
12.148
9.0673
6.1093
6.1521
4.4852
3.3911
1.9145
1.0196
1.0313
1.8574
0.97071
0.71407
-0.47654
-0.036365
0.97959
2.0682
2.1723
3.2034
2.5105
2.5468
2.746
1.2808
-3.6742
-2.605
-2.9195
-3.6894
-3.5626
-3.1353
-2.9065
-2.9895
-3.6478
-3.037
-1.0873
-0.47157
-1.7631
-0.72461
2.1411
5.6526
14.002
9.3931
5.0243
6.3438
3.4156
2.2659
0.81206
0.80349
1.4544
2.4184
0.43379
-0.92439
-0.47016
0.039612
1.7391
1.769
2.2121
4.0776
2.5273
2.0821
2.9926
-0.82055
-3.6486
-1.6281
-1.8982
-1.7767
-1.3196
-0.82606
-0.50783
0.13536
-0.94468
-0.3098
-0.64093
-0.37214
0.96126
-0.41293
3.8117
11.464
8.0891
4.7151
7.354
2.9847
2.872
0.99561
0.81287
1.3306
0.89254
0.55528
-0.45434
0.11002
0.72891
1.8521
2.1969
2.5496
3.5522
2.7261
2.2363
2.7506
-1.6638
-2.5543
-2.4101
-3.1359
-3.5266
-3.3827
-4.0523
-2.9613
-3.8046
-3.955
-2.7994
-1.2597
-0.84773
-1.086
0.46963
4.9889
10.466
8.581
4.8908
6.7772
3.3827
2.5958
0.8529
0.41262
1.2555
2.2793
0.16849
-0.34254
-0.34193
0.69802
1.7545
2.1258
2.5831
3.0468
1.7979
1.662
1.4672
-3.1182
-2.1269
-2.3398
-3.3318
-3.2874
-2.9254
-2.877
-2.9822
-3.8589
-3.6132
-1.2602
-0.68722
0.93026
0.24076
0.925
5.132
10.13
7.8311
5.7594
4.8942
3.3838
1.5176
0.30271
0.70356
1.5075
1.2148
-0.055348
-0.54105
-0.23504
1.005
2.0581
2.2903
3.1542
2.9372
2.3281
2.9006
-0.1552
-2.6894
-1.4739
-1.9802
-2.9954
-2.6704
-2.2811
-2.4287
-2.9394
-3.7799
-2.8058
-0.36554
0.039587
0.9277
0.40573
5.9126
9.4263
7.695
5.6025
6.4096
3.078
1.91
0.75623
0.90325
1.7742
0.81155
-0.40722
-0.70086
0.063435
1.1481
1.8672
2.1009
2.8019
1.9886
1.0423
0.92326
-1.631
-2.3232
-1.9723
-3.2543
-4.0894
-4.0379
-4.1271
-5.2256
-5.4741
-4.8166
-1.9362
0.47918
-0.73487
-2.0506
1.8129
3.1893
15.995
8.893
4.3089
6.0683
2.3298
1.5542
0.47323
0.85032
1.3026
1.568
0.26036
-0.46772
-0.31013
1.1948
1.8846
2.275
2.4486
2.9018
2.416
2.0658
0.61734
-2.9285
-1.1225
-1.8785
-2.6833
-2.3828
-1.8712
-1.9607
-2.1308
-2.6549
-2.2605
-0.71994
-1.054
0.066856
0.61847
3.1379
10.241
6.009
5.2801
6.7145
4.5434
3.2568
1.4245
0.60731
1.2236
1.6865
0.91151
-0.21027
-0.42982
0.18536
1.4058
1.9259
2.1919
3.1275
2.6189
2.4439
3.2483
-0.046035
-2.8049
-1.867
-3.1654
-4.7609
-4.8796
-4.6848
-5.2492
-5.9199
-5.5373
-3.7251
-2.7794
-0.87539
-1.9783
-0.17408
3.7037
2.8169
14.614
7.7389
4.5088
6.7353
2.7671
1.9517
0.64259
0.33161
0.90943
0.96781
-0.0546
0.1824
-0.76644
-0.22895
1.7986
2.0635
2.5065
2.8216
2.8084
2.6433
1.6799
-2.0364
0.019985
-0.44422
-1.761
-1.9401
-1.7405
-2.4133
-2.1748
-1.819
-2.8798
-2.0336
-0.64287
0.71396
-1.0713
1.9277
7.2613
6.3368
6.5881
5.1986
3.2534
1.9524
0.044975
-0.57757
-0.066086
0.79393
0.10085
-1.0009
-0.86018
-0.47592
0.88894
1.469
2.6444
3.2368
2.4177
2.1959
2.7347
2.2932
-3.076
-2.3109
-1.7802
-2.4394
-2.7818
-2.6977
-2.4016
-2.2587
-2.6835
-2.8022
-1.9994
-0.77439
-0.57408
-0.14073
0.5189
5.1025
14.547
8.3989
4.1529
6.4512
3.3923
2.0199
0.73195
0.55736
0.74429
1.2667
0.88405
-0.54592
-1.1511
0.27195
1.3353
1.878
2.319
2.8888
1.4906
0.78673
2.4078
-0.93436
-2.0652
-1.4342
-1.7102
-1.775
-1.4114
-2.1346
-2.6328
-3.4465
-4.1436
-2.8838
-2.305
-0.84953
-0.62884
-0.308
3.0336
6.2389
8.5569
6.3382
8.4301
5.5722
4.2178
2.0767
0.076441
-0.0053383
0.80048
0.94988
-0.49945
-0.92512
-0.765
0.19232
0.69647
1.7438
3.105
2.23
1.3735
0.56579
-0.040413
0.80776
-4.3427
-3.507
-3.5753
-4.2552
-3.5053
-2.9127
-2.6121
-1.5451
-1.146
-0.15507
1.672
1.2339
-0.28568
0.98164
2.9552
5.9862
11.731
9.6138
6.0919
6.0784
4.1009
3.3684
1.1007
1.0363
1.4107
1.8089
0.13988
-0.38535
-0.75275
-0.079275
1.4636
1.3854
1.7026
2.1508
1.0895
-0.23271
-1.036
-1.2684
-4.9296
-4.784
-5.2604
-6.468
-6.4731
-5.9398
-5.2908
-3.7701
-3.6233
-2.1711
0.32245
-2.0047
-1.138
0.69723
4.8635
12.509
8.5968
6.0469
7.4173
4.7224
3.6593
1.8128
0.75694
1.0708
1.4034
1.6865
0.55851
-0.48312
0.34898
1.1482
2.0219
2.99
2.9276
2.7465
2.3222
2.2162
2.4791
-3.4313
-2.2769
-1.6303
-2.6641
-2.7682
-2.1909
-1.698
-2.2218
-2.4954
-2.0735
-1.1113
-0.4402
0.5589
-1.4438
-0.74378
4.0126
15.43
9.4625
5.6486
5.7459
4.1271
2.5661
0.70288
0.57344
1.236
1.4409
0.59899
-0.41844
-0.3885
1.045
1.3298
1.7635
2.3647
1.7366
1.7853
1.1779
1.3737
0.8759
-2.9858
-1.1408
-2.0063
-2.7359
-3.13
-4.2097
-3.4533
-3.4848
-3.6177
-2.5753
-1.3566
-1.5377
0.017789
-0.16376
2.5322
5.2846
10.103
7.288
6.7739
4.7193
3.0001
0.8488
-0.32846
0.012624
0.96672
0.74142
-0.40635
-1.0342
-0.016574
0.52824
1.4809
1.7133
2.9192
2.6721
2.6648
2.2441
3.1677
-2.8905
-2.2647
-1.9272
-3.4814
-3.7004
-3.5882
-3.4108
-3.5261
-4.3115
-3.5176
-3.1525
-1.9162
-0.46055
-0.21631
3.991
9.5525
8.7413
5.0271
6.3143
3.7605
2.5686
0.68163
0.53363
1.1001
0.94988
-0.21902
-0.699
-0.16987
0.63151
1.6357
2.8171
3.2512
4.1004
2.8106
1.5729
0.89127
-3.313
-3.028
-1.8033
-1.9033
-2.6344
-4.3671
-3.9382
-3.8878
-3.6216
-3.4479
-2.7061
-2.1828
-2.913
-1.4659
-0.58617
4.9526
11.018
6.1706
6.958
8.1122
4.9358
2.8512
0.60599
-0.3028
0.055533
0.39646
0.058325
-0.67657
-0.80908
0.55519
1.2049
2.0822
3.0246
2.8579
2.1752
1.1054
0.65023
0.91859
-2.1557
-4.958
-2.3033
-2.302
-2.3254
-1.7776
-2.2478
-1.4319
-1.5547
-1.2532
-0.29701
0.94569
0.29819
-0.51584
1.0681
3.4788
6.3899
9.505
7.0342
6.7736
6.7193
4.5813
2.7915
0.92461
1.0248
1.9551
1.374
0.18934
-0.62499
-0.86164
0.066639
1.7759
1.6978
1.8555
5.7656
3.0027
1.9872
0.41431
-2.8483
-2.0657
-3.5165
-3.557
-2.7019
-2.3017
-3.2781
-3.1834
-3.4401
-3.4566
-1.9283
-1.4412
0.10415
0.1572
1.2294
4.1504
9.3861
8.3435
5.6194
7.3622
4.7531
3.2773
0.79424
0.55632
0.30679
1.0345
0.32219
-1.3596
-0.27014
0.56964
1.4541
1.2907
2.9709
1.7045
1.5306
1.2174
0.50392
0.98342
-3.8001
-2.5731
-3.329
-4.5611
-4.2853
-3.9916
-3.5393
-2.9858
-3.2717
-1.0145
-0.13633
0.86825
-1.1371
0.28469
2.9127
5.998
11.366
9.9542
5.4311
7.3077
4.0523
3.1207
0.92649
0.40261
0.87795
0.61122
0.019251
-0.67193
0.72332
0.96649
1.7094
1.5311
2.0628
1.2724
1.3186
0.45203
1.1723
-1.489
-4.8751
-3.8375
-5.3636
-5.937
-5.6469
-4.723
-4.4278
-4.4627
-3.6852
-2.8006
-1.9226
-2.753
-2.6936
0.3693
4.5608
11.679
7.5494
5.329
7.0783
4.2746
3.6059
1.2545
0.55935
0.90848
1.2997
1.0925
-0.10793
0.74659
1.1783
1.7431
2.142
3.5044
1.79
1.7365
0.74833
0.18429
-1.7859
-3.2053
-2.3442
-3.8651
-4.8017
-5.4156
-4.8551
-4.8065
-4.5777
-2.0169
0.70943
0.20565
-2.1133
-0.18684
0.059657
3.1443
4.0883
12.365
8.1858
4.4056
6.0171
4.619
3.2543
0.95075
0.23332
1.5305
1.0268
-0.98302
0.87297
0.37237
1.1391
1.5295
1.5839
3.0226
1.3713
1.3501
1.3856
-0.17409
-3.6652
-0.87435
-1.1309
-1.8074
-1.8997
-1.5536
-1.3801
-1.8849
-2.4054
-2.3102
-2.2627
-0.65012
1.2352
0.6764
1.4145
8.5982
9.0201
5.3254
8.3457
3.8212
2.947
0.66097
0.29285
0.85585
1.107
1.356
-1.069
-0.86325
-0.29386
0.79008
1.2899
2.0599
3.3105
2.5781
2.0565
2.3976
0.90699
-4.0379
-3.2807
-2.4998
-3.5255
-3.8381
-3.8496
-3.2987
-3.372
-2.983
-2.2176
-0.89732
-1.6315
-0.26092
-1.8876
0.59691
6.0003
8.7767
7.4496
6.3705
4.7682
3.6632
2.2333
0.82623
0.93169
1.0201
1.066
0.13861
-0.43651
-0.73276
0.42254
1.2892
1.6153
2.3789
2.3416
1.4488
0.67632
0.42367
-0.2565
-3.982
-2.9878
-3.1109
-3.6905
-2.9712
-3.2318
-2.1907
-2.436
-2.3354
-0.94848
0.077116
-0.13053
0.95595
0.61425
1.5521
7.6481
6.4964
6.1959
8.1079
5.2309
4.3151
2.4438
0.83474
0.77701
1.0235
0.15849
-0.68096
-1.0328
0.11719
0.65937
1.1633
1.4946
2.6528
1.3875
1.8022
0.78895
0.90361
-4.0557
-2.6023
-1.8812
-2.5938
-2.7864
-2.4278
-2.3244
-1.9994
-2.1997
-2.3704
-2.4292
-2.5102
-1.085
-0.42139
0.2845
5.3453
9.878
7.4609
6.041
5.5477
3.4339
1.5871
-0.13883
0.058564
0.80399
1.2574
0.041852
-1.5526
-1.5267
0.22527
0.68762
0.8723
1.1326
3.6112
3.6526
3.216
2.4913
-3.0864
-2.9344
-2.0673
-2.9102
-2.9538
-2.1815
-1.1966
-0.98645
-1.5872
-1.6304
-0.64498
-0.14238
-0.35747
-0.78027
1.4688
3.7903
13.739
8.1785
4.3879
6.3148
3.5224
2.3431
0.37931
-0.030797
0.23778
0.39632
-0.34401
-0.72371
0.32523
1.0515
1.9532
2.2346
3.4167
1.7148
0.78735
0.22922
-0.20535
-3.9927
-2.9802
-2.5626
-4.088
-3.7757
-3.5747
-4.1931
-3.7439
-3.7226
-3.6259
-2.4033
-1.4951
-1.5495
-0.5024
-0.33673
1.1155
5.1193
11.557
7.4288
6.3401
5.6644
3.2742
2.2458
0.38496
0.95297
1.8255
2.4938
1.2356
-0.83989
-0.46704
0.1289
1.189
1.5191
2.2246
2.6428
1.9894
1.3225
1.921
-1.6968
-3.8949
-1.6082
-2.6291
-3.5871
-3.1306
-2.3482
-1.9892
-1.9486
-2.0134
-0.70527
0.88694
-0.0043559
-0.12383
0.17372
3.4682
13.798
7.7791
5.4246
6.1791
3.9997
2.5272
0.58136
0.84076
1.0892
1.2447
-0.45259
-0.68517
-0.74074
0.4201
1.4072
1.46
1.6096
2.8554
1.7628
1.1325
1.1807
-0.060933
-4.3744
-3.5328
-3.8257
-4.3016
-3.9719
-3.6433
-3.426
-2.4627
-2.5721
-1.983
-0.78982
-0.7295
-0.060753
-0.78434
0.44821
4.2878
12.381
9.1944
4.8812
6.4233
3.516
2.7785
1.3452
0.5376
0.60537
1.268
0.13477
-0.42046
-1.2627
-0.37942
1.1664
1.5355
1.6433
1.5245
2.7157
1.9548
0.76211
0.48306
-2.4966
-2.6614
-2.7242
-3.8027
-3.5598
-2.609
-1.917
-1.9863
-2.9001
-1.8209
-1.4882
-1.2821
0.16292
0.23948
2.361
4.7854
8.2887
6.4042
6.7879
4.5262
3.6486
2.036
0.063233
-0.061037
0.2983
0.7209
-0.6423
-1.0302
-1.3172
-0.17755
1.1325
1.1405
1.7206
4.1723
2.3926
2.2099
0.85167
-2.8579
-1.4609
-1.5619
-2.6368
-1.8099
-1.4035
-1.4888
-1.4419
-2.2092
-2.5623
-1.5361
-1.2386
1.3558
-0.80281
2.0511
5.3599
6.8014
5.8089
7.4069
4.8548
2.7565
0.89316
-0.66299
-0.37911
0.49942
0.45026
-1.293
-1.6381
-1.0485
0.35865
0.98811
1.2274
2.6291
2.4562
1.985
1.9834
2.3765
-3.1831
-2.9625
-2.316
-3.7071
-4.0565
-4.1585
-4.3491
-4.1987
-3.9348
-1.809
0.92798
2.8835
1.4661
0.44644
2.1825
5.607
12.433
10.451
4.2845
5.7375
2.6517
1.7597
0.4445
0.79497
1.2482
0.50811
0.043904
-0.8689
-0.069192
1.0338
1.7564
2.0905
2.7205
3.006
1.9176
0.828
0.33909
-3.1227
-3.9519
-2.9799
-3.7509
-3.3979
-3.3124
-3.4041
-3.6526
-3.3962
-2.6932
0.10038
1.5869
-0.87997
-1.0156
1.2645
4.8883
5.6677
10.373
7.5868
6.2285
4.8124
3.8859
2.3123
0.36469
0.96911
2.0281
3.241
-1.0644
-0.24804
-0.29895
0.5548
1.3432
1.6811
3.1868
2.3996
1.8819
1.0487
2.1651
-1.4312
-3.6006
-1.7002
-2.4173
-2.3531
-2.1651
-1.6653
-1.3224
-1.0306
-1.6365
-1.5262
-1.66
-0.87736
0.024849
-0.87494
1.446
1.7313
17.19
6.7115
4.4152
5.4996
3.1542
2.4275
0.69268
1.0055
1.1641
0.80301
0.41487
-0.90727
-1.006
0.15183
0.91174
1.7473
2.2483
2.9296
2.2074
1.4889
1.5369
-2.2139
-2.7097
-1.6439
-2.0507
-1.5961
-1.3126
-1.2713
-1.0324
-1.4861
-2.0037
-0.5058
1.0707
2.2504
2.0398
0.9159
5.6292
8.7958
8.9015
4.6462
6.4855
3.6883
3.0977
1.3179
1.0743
0.77428
1.2733
0.89175
-0.57054
-0.83637
0.45355
1.5047
1.8042
2.1095
2.743
2.1681
1.9558
2.0459
-3.0488
-1.5439
-1.3418
-2.827
-2.7732
-2.6965
-2.3989
-2.8391
-3.2534
-3.4648
-2.9091
-1.8849
1.0391
-0.29968
0.27406
8.2634
6.2673
7.5536
8.2285
4.8714
2.5285
1.6236
0.43457
1.0272
1.5125
0.77318
0.10844
-1.2035
-0.91547
0.84571
1.4192
1.8433
2.8067
2.4526
2.1018
1.7944
2.1627
-4.8202
-2.6663
-2.6248
-3.8974
-3.9907
-3.8238
-3.858
-5.0454
-5.3361
-3.406
-1.3069
-1.4731
-0.1041
-0.006454
2.8933
1.5165
13.185
8.432
3.6371
8.7221
3.0491
2.7324
1.575
0.94232
1.1213
1.5056
0.14393
0.010378
-1.2521
-1.3169
0.28335
1.2751
1.8216
2.9147
4.1012
3.729
2.0292
-3.0103
-0.19014
-1.0279
-1.719
-2.0294
-1.119
-5.3133
-6.6344
-2.5017
-3.7712
-2.4326
-0.52635
0.71598
-0.80824
5.5517
12.248
7.3082
5.4496
6.6159
3.654
2.9993
2.0012
2.159
2.3622
2.1576
1.0854
-0.10633
0.16648
0.59848
0.67255
0.83188
1.5021
2.3413
2.6674
2.3161
2.0595
-2.3892
-0.044037
-0.76318
-1.913
-1.8833
-2.498
-2.521
-3.4027
-3.4831
-3.0839
-2.1412
0.83275
-1.2341
-1.0309
1.3114
5.1904
5.1601
10.9
7.8887
5.2675
5.4066
3.4637
2.1696
1.4093
0.38201
0.36115
0.26129
-0.12463
-0.11327
-0.24954
-0.59227
0.63848
2.3337
2.8399
2.7305
2.1537
3.1857
2.781
-3.3074
-3.3557
-2.4585
-4.685
-5.3743
-4.5136
-3.7032
-2.6679
-2.6106
-2.818
-2.5178
-1.1018
0.25963
-1.7283
0.33805
1.4297
4.027
0.95978
3.9781
4.5836
7.2082
3.0606
4.6027
1.8973
1.275
1.3231
0.70001
0.77695
-0.012998
-0.081549
0.27331
0.36228
-0.043207
0.25425
0.65743
0.95539
1.3118
1.3572
1.3933
1.2708
1.6891
1.7849
2.1703
2.1628
2.1398
2.6067
3.0235
2.8247
1.9144
2.8037
2.751
-0.035983
-2.8236
-3.3287
-3.9345
-4.4812
-5.0974
-5.6835
-6.0039
-5.8521
-5.9519
-5.2804
-5.2751
-5.338
-2.5808
1.7743
-2.8489
-0.60492
0.34173
2.3128
0.98721
3.4384
6.9788
4.4666
4.9091
4.2996
2.956
2.567
2.7774
2.2063
1.1755
0.86238
0.71078
0.87918
0.70103
0.81734
0.75941
0.8678
1.0773
1.0731
1.0202
1.203
1.3596
1.4181
1.4704
1.5481
1.6095
1.726
2.1037
1.8877
1.6744
2.0907
2.7195
2.2213
1.8539
1.9484
2.2752
0.39095
-1.399
-1.061
-1.0462
-1.2555
-2.0988
-2.7055
-3.0516
-3.2382
-3.4041
-3.6433
-3.4631
-2.6514
-1.5858
-0.46699
-0.98898
-1.6078
-3.5025
-2.0229
-1.1149
0.072829
2.2061
3.0524
3.4412
3.4268
3.0041
3.189
4.1999
0.43188
2.4835
2.4582
2.2747
2.1935
1.8124
1.2993
1.2101
1.1577
1.1966
1.1709
1.0142
0.86491
0.64346
0.65633
0.69091
0.87311
0.78651
0.80183
0.77425
0.71061
0.69968
0.64925
0.64295
0.59854
0.59275
0.63651
0.61093
0.50721
0.38937
0.26039
0.22493
0.24096
0.2044
0.11377
-0.054507
-0.14523
-0.19679
-0.31356
-0.39345
-0.63373
-0.48363
-0.41212
-0.34541
-0.22528
-0.24413
-0.28029
-0.39739
-0.28171
-0.00064259
0.42294
0.78277
1.2498
1.5394
1.8635
2.1122
2.2415
2.3726
2.1128
1.9566
1.9313
1.6975
1.4501
1.3156
1.3689
0.96363
1.075
1.4622
1.4864
1.4669
1.4006
1.5792
1.0442
-0.36079
-0.50836
0.35497
2.0177
2.2083
1.7481
1.6662
1.6313
1.6794
1.9191
2.0148
2.1626
1.8046
1.5853
1.315
1.1874
1.056
0.86952
0.71311
0.82982
0.89996
0.95688
1.0581
1.2556
1.4014
1.6036
1.8126
2.0604
2.4148
2.7703
2.818
3.0198
3.0552
2.8613
2.6499
2.6243
2.4684
2.3793
2.3537
2.6591
3.0808
3.6826
3.2987
8.764
9.1165
9.3338
5.3836
1.7126
-3.5817
-8.8796
-13.166
-16.076
-16.474
-15.213
-13.676
-11.377
-8.7078
-6.8318
-5.0651
-3.5522
-2.6304
-0.57377
2.7449
1.3199
1.6968
-1.8554
1.5493
-0.15329
9.085
0.44627
2.286
3.3723
2.7895
1.6161
0.38364
-0.33712
-0.86268
-0.86474
-0.91311
-0.84059
-0.72593
-0.36736
-0.2655
0.126
-0.052405
-0.30797
-0.57009
-0.57701
-0.60573
-0.92852
-1.4158
-1.4887
-1.4988
-1.4564
-1.4733
-1.2647
-1.1314
-1.062
-0.9428
-0.79972
-0.77785
-0.66471
-0.5139
-0.27542
-0.22777
-0.20694
-0.059899
-0.012928
0.12208
0.15838
0.12335
0.019084
-0.14822
-0.1279
-0.38583
-0.44784
-0.7885
-1.5403
-1.8152
-2.3407
-2.729
-1.7721
-0.20684
-0.78446
-1.7825
-1.8597
-1.1584
-0.93088
-1.6894
-1.6159
-1.4482
-1.022
-0.7406
-0.41493
0.027856
0.61316
0.89428
1.3281
0.84104
1.1721
0.77063
2.3843
3.767
2.9945
1.7038
0.72205
0.69369
1.1336
1.8162
1.7561
1.4959
1.3823
