-0.35884
-0.4038
-0.55457
-0.51994
-0.41923
-0.2407
-0.47073
-1.2138
-1.3625
-1.1653
-1.2446
-2.5609
-2.8111
-2.2453
-1.9684
-1.6424
-0.95453
-0.34262
-0.021891
0.2208
0.22662
0.38777
-0.18924
-0.55228
-0.034476
0.15131
0.23895
-0.03861
0.37593
0.58089
0.69845
0.94752
1.02
0.71875
0.011909
-0.56544
-0.25583
0.22066
1.9515
2.2654
2.0039
1.4064
0.5818
-1.0379
-1.723
-1.2271
-0.56024
-0.252
-0.64906
-1.4264
-2.0342
-1.4414
-0.91644
-0.045242
-0.22673
-0.38263
-0.44627
-0.46506
-0.58344
-0.49129
-0.32706
0.11717
0.33838
0.64941
0.47346
0.58937
0.48406
0.044978
0.16226
0.3966
-0.036012
0.13072
-0.004438
-0.19634
-0.14128
-0.10316
0.02659
-0.27987
-0.46718
-0.29852
-0.18527
-0.36796
-0.45995
-0.77217
-0.81835
-0.65062
-0.70624
-0.52838
-0.19212
0.034798
0.20556
0.23263
0.3274
0.57293
0.48445
0.37266
0.18311
0.36693
0.42574
0.27324
0.12705
-0.028672
0.048765
0.024215
0.078511
0.12779
0.032861
0.017465
-0.034276
0.12738
0.062097
0.11038
0.24754
0.36746
0.62257
0.80861
0.44424
-0.4696
-1.111
-0.71044
-0.79225
-1.1652
-2.1476
-2.7927
-3.5354
-3.9604
-4.015
-4.2567
-4.3662
-4.0031
-3.4043
-2.3716
-1.2296
-0.049397
0.61621
1.1543
1.6148
2.0932
2.1202
2.3681
2.774
3.1405
3.1193
2.7374
2.3357
1.6601
0.9067
0.19023
-0.14756
-0.2226
0.030975
0.14086
-0.0018787
-0.36782
-0.49246
-0.079429
0.23596
0.91575
1.0695
0.86973
0.58292
0.70737
0.93864
0.86904
0.74221
0.66599
0.60223
0.60154
0.48609
0.23995
0.089886
-0.028525
-0.041923
-0.3185
-0.33993
-0.18305
0.0037767
0.38244
0.94825
0.98427
0.48449
0.23627
0.25899
0.47194
0.37466
0.31239
0.2431
0.16144
0.1329
0.13337
0.12216
-0.031807
-0.24236
-0.031395
0.071836
0.033122
-0.1858
-0.30546
-0.27485
-0.16218
-0.030401
-0.019311
-0.34693
-0.38033
-0.4289
-0.47471
-0.48475
-0.46549
-0.25983
0.059175
0.19472
0.12965
-0.093349
-0.25329
-0.30065
-0.49168
-0.56994
-0.5866
-0.49791
-0.40178
-0.27007
-0.30607
-0.40609
-0.58955
-0.53159
-0.334
0.026916
0.12889
0.031352
-0.081108
0.065651
0.09924
-0.012607
-0.13165
-0.16765
-0.11587
0.092622
0.11861
0.11332
0.10851
-0.11849
-0.13736
-0.10129
-0.078914
-0.0897
-0.11059
-0.034585
-0.050752
0.026051
0.12539
0.11865
0.10194
0.25157
0.45973
0.54994
0.73542
1.0514
1.3196
1.2926
0.99539
0.99539
1.4128
1.5936
1.5782
1.5117
1.494
1.6149
1.5128
1.2948
0.95795
0.84718
0.99388
1.2935
1.6364
2.1127
2.3606
2.2186
1.7008
1.0372
0.4835
0.34986
0.14158
0.067395
-0.14348
-0.063435
-0.01094
0.15689
0.11478
-0.13018
-0.169
-0.23555
-0.20507
-0.17384
-0.2698
-0.64668
-1.0332
-1.2368
-1.1753
-1.1894
-1.1842
-1.2993
-1.1396
-0.52518
0.45649
1.2768
1.6698
1.6416
1.6511
1.5952
1.563
1.3718
0.91246
0.29123
-0.26993
-0.45402
-0.50332
-0.68547
-0.54401
-0.4086
-0.45311
-0.43792
-0.45069
-0.18055
-0.29501
-0.33376
-0.29149
-0.42592
-0.48934
-0.46636
-0.44874
-0.36308
-0.33563
-0.32357
-0.3638
-0.34271
-0.42283
-0.42699
-0.42195
-0.26673
-0.22306
-0.46359
-0.5776
-0.44757
-0.38097
-0.6092
-0.65443
-0.35649
-0.35175
-0.42347
-0.68954
-0.78797
-0.58292
-0.38187
-0.067629
0.24673
0.3754
0.42514
0.45251
0.57262
0.8754
1.1629
1.3871
1.4873
1.4875
1.4936
1.3528
1.0642
0.80208
0.57505
0.43131
0.28873
0.084259
-0.0041797
-0.21932
-0.43861
-0.4735
-0.55488
-0.51817
-0.43636
-0.30772
-0.25302
-0.27816
-0.39309
-0.54786
-0.49679
-0.44584
-0.29729
-0.37486
-0.4535
-0.47865
-0.23125
-0.15075
-0.12251
-0.17592
-0.35462
-0.29021
-0.29082
-0.14789
0.014814
0.24106
0.48536
0.70256
0.66724
0.6076
0.52419
0.45138
0.4303
0.35365
0.13972
-0.13464
-0.57405
-1.0622
-1.3765
-1.595
-1.4633
-1.3425
-1.25
-1.0439
-0.84194
-0.7062
-0.84441
-0.8761
-0.93163
-0.64149
-0.57522
-0.61141
-0.85056
-0.89683
-0.5312
-0.15062
0.39686
0.84298
1.0397
0.73741
0.27235
-0.38509
-0.8848
-0.97492
-0.76892
-0.36816
0.048484
0.28983
0.37654
0.36207
0.18561
0.29223
0.58894
1.0871
1.3102
1.5066
1.8695
2.7906
3.7592
4.1721
4.1773
3.9597
4.2154
4.4515
4.2331
3.2829
2.5479
2.2375
1.72
0.5721
-0.44017
-1.2427
-2.1621
-2.817
-3.4078
-3.7003
-3.65
-3.304
-2.5945
-1.7269
-0.81822
-0.16094
0.24849
0.45532
0.22709
0.27089
0.24639
0.13194
0.016377
-0.35227
-1.0044
-1.9765
-2.9892
-3.9017
-3.9185
-4.0308
-4.3969
-5.1155
-5.4449
-5.0401
-3.8685
-2.6142
-1.3947
-0.8074
-0.49713
-0.3539
-0.30587
-0.23761
-0.4229
-0.59517
-0.29366
0.71676
2.3962
3.9159
4.9709
5.7007
5.5955
5.0376
4.3201
3.4476
2.7875
2.6134
1.9542
1.7595
1.3733
1.4189
1.573
1.5518
1.4244
1.0382
0.62846
0.070352
-0.45411
-0.91159
-1.2415
-1.1852
-0.91557
-0.52427
-0.319
-0.16794
-0.12485
-0.22785
-0.028026
-0.78217
-1.0343
-1.7242
-1.6922
-0.79312
-0.91557
-0.702
0.31533
0.86393
1.6129
1.9575
2.1956
2.2791
2.1417
2.0017
1.8547
1.6768
1.3442
0.94617
0.59478
0.18697
-0.25105
-0.72598
-1.1276
-1.5892
-1.9245
-2.1845
-2.0922
-1.8775
-1.5984
-1.464
-1.4784
-1.6705
-1.8387
-2.0471
-2.2211
-2.3642
-2.431
-2.2419
-1.7288
-1.0029
-0.078481
0.79113
1.629
2.1683
2.5957
2.8785
3.1475
3.2747
3.476
3.2222
2.5326
1.2576
0.27858
-0.40869
-0.84294
-1.1668
-1.2329
-1.2403
-1.016
-0.65447
-0.3681
-0.16524
-0.038511
-0.028243
-0.050324
-0.013257
-0.072421
-0.043034
0.11308
0.41048
0.75135
0.96972
1.0887
1.0948
0.94894
0.61976
0.24518
-0.060543
-0.16607
-0.1194
0.3587
0.86826
1.2685
1.5385
1.706
1.8041
1.8312
1.7499
1.6365
1.4547
1.3041
1.1111
1.004
0.89293
0.74325
0.52445
0.43831
0.28291
0.14172
0.064941
-0.30183
-0.78355
-1.1086
-1.4547
-1.5544
-1.6709
-1.6407
-1.7137
-1.753
-1.9304
-2.2538
-2.3979
-2.5675
-2.6091
-2.2706
-1.7482
-1.0633
-0.3766
0.36166
0.94925
1.5154
1.8978
1.8659
1.8669
1.5769
1.1907
1.059
1.0613
1.0332
0.8248
0.48432
0.12026
-0.10553
0.0083922
0.3182
0.60392
0.86419
1.0781
1.1402
1.249
1.1308
0.8899
0.49683
-0.075234
-0.54968
-1.0098
-1.0872
-0.61249
0.040913
0.54838
0.91406
0.97041
0.87099
0.61366
0.14314
-0.34707
-0.81091
-0.99024
-0.95756
-0.61799
-0.21086
0.39319
0.82653
1.2052
1.3229
1.4431
1.4167
1.3142
1.268
1.2762
1.2139
0.93942
0.47614
-0.056899
-0.6105
-1.1808
-1.6259
-2.0939
-2.4844
-2.7901
-2.9867
-3.1998
-3.2984
-3.3139
-3.0543
-2.8972
-2.5373
-2.2434
-1.9034
-1.5808
-1.1391
-1.0262
-0.8683
-0.5299
0.01154
0.63227
1.4723
2.136
2.7612
3.1101
3.354
3.567
3.7096
3.1131
2.4242
1.5629
0.92103
0.77576
0.80498
0.67655
0.59881
0.74944
1.0064
1.2268
1.2677
1.1889
1.1622
1.1934
1.4002
1.6585
1.7344
1.3237
0.58414
0.30398
0.48445
0.9679
1.462
1.8888
1.983
1.9477
1.7539
1.4801
1.1225
0.80403
0.50588
0.34493
0.26692
0.48233
0.81969
1.1098
1.3243
1.4235
1.378
1.1455
0.87956
0.61314
0.32384
0.091856
-0.015968
-0.2138
-0.46224
-0.59119
-0.81381
-1.1125
-1.4181
-1.7446
-2.0773
-2.5526
-3.0185
-3.251
-3.3118
-3.1583
-2.9344
-2.8675
-2.727
-2.5106
-2.5621
-2.6049
-2.5222
-2.1869
-1.6516
-1.0001
-0.49709
0.10718
0.57015
1.0279
1.4101
1.8775
2.2996
2.504
2.7228
2.3398
1.8087
1.1709
0.72979
0.36046
0.11345
-0.15974
-0.32812
-0.38136
-0.31172
-0.11429
0.25083
0.67153
0.75918
0.52375
0.22844
0.070529
-0.012522
0.09634
0.55249
0.9231
1.1481
1.244
1.2368
1.1526
1.0503
0.92198
0.82567
0.7981
0.84073
0.94972
1.1219
1.2179
1.2131
1.1561
0.97721
0.80706
0.58643
0.30976
0.012315
-0.29471
-0.65945
-1.0271
-1.2727
-1.4265
-1.4508
-1.3835
-1.4072
-1.6139
-1.9802
-2.4512
-3.0256
-3.3454
-3.3217
-2.8886
-2.2108
-1.762
-1.4929
-1.6246
-1.6451
-1.7898
-1.9955
-1.9433
-1.4086
-0.82753
-0.40867
-0.15455
0.090696
0.51107
0.82809
1.0741
1.2624
1.3589
1.4729
1.6122
1.7198
1.8334
1.9467
1.996
1.8044
1.3968
0.76226
0.078918
-0.49164
-0.93882
-1.1065
-1.1202
-1.0016
-0.80208
-0.51609
-0.50272
-0.66893
-0.80493
-0.96868
-1.0314
-0.97877
-0.69932
-0.20587
0.41866
1.0049
1.2988
1.256
1.0701
0.73126
0.39161
0.20039
0.25826
0.55371
0.86796
1.2433
1.6275
1.904
2.1516
2.2931
2.2871
2.1906
2.0403
1.91
1.8641
1.7519
1.4099
0.83549
0.28402
-0.12316
-0.59379
-1.1092
-1.5562
-2.1044
-2.4977
-2.7425
-2.8988
-2.6138
-2.2972
-2.1649
-2.1426
-2.0255
-2.0797
-2.2794
-2.5144
-2.6309
-2.232
-1.657
-0.86069
-0.059703
0.44922
0.85164
1.1013
1.1819
1.3204
1.383
1.5978
1.7096
1.7922
1.7802
1.6039
0.90531
0.32632
-0.18374
-0.53821
-1.0123
-1.3577
-1.488
-1.4351
-1.1149
-0.64435
-0.19774
-0.2195
0.23697
0.17945
-0.011164
-0.17076
-0.26542
-0.48216
-0.45441
-0.22675
0.15686
0.50635
0.76334
0.78351
0.72425
0.55881
0.27209
-0.12595
-0.46999
-0.64941
-0.57483
-0.21497
0.11611
0.49951
0.94739
1.2925
1.5773
1.7522
1.7563
1.5883
1.4785
1.4598
1.2635
0.58989
-0.31626
-1.2592
-1.87
-2.1816
-2.6111
-3.0879
-3.4876
-3.6387
-3.5884
-3.3951
-3.0615
-2.7961
-2.5749
-2.3939
-2.1749
-2.18
-2.1899
-2.199
-2.1857
-2.0097
-1.5581
-0.8957
-0.15459
0.53449
1.1089
1.6161
1.9309
2.1893
2.2398
2.2994
2.3197
2.3539
2.4266
2.5241
2.559
2.5585
1.8153
0.92968
0.41698
0.22271
0.21908
0.23207
0.054968
-0.09241
-0.26367
-0.29965
-0.1876
-0.10153
-0.13831
-0.096206
-0.19491
-0.23338
-0.26261
-0.15076
0.21087
0.60838
1.0536
1.5404
1.8503
1.9518
1.91
1.723
1.3128
0.76537
0.37307
0.029904
-0.089055
0.011936
0.34386
0.9099
1.3177
1.5843
1.8245
1.9265
1.9285
1.8216
1.6222
1.3209
0.8783
0.23096
-0.2553
-0.74979
-1.0897
-1.5453
-1.9265
-2.3631
-2.8449
-3.2793
-3.6474
-3.9471
-4.0327
-3.8929
-3.448
-2.7747
-2.2098
-1.729
-1.3455
-1.086
-0.98721
-0.81385
-0.72473
-0.55782
-0.26471
0.27041
0.80757
1.4437
2.0615
2.6382
3.1218
3.3878
3.6258
3.6156
3.6315
3.5826
3.1101
2.4049
1.2166
0.13251
-0.5099
-0.77355
-0.94869
-1.1184
-1.3387
-1.3571
-1.1091
-0.74862
-0.46943
-0.15037
0.027416
0.085748
0.21515
0.61543
1.0875
1.4533
1.6641
1.715
1.5363
1.199
0.81013
0.39603
-0.099245
-0.47874
-0.53332
-0.36427
0.0030966
0.56513
1.2595
1.8538
2.2941
2.3641
2.2892
1.9926
1.7008
1.3321
0.95816
0.6176
0.29829
0.11109
-0.025124
-0.14329
-0.21127
-0.2338
-0.44484
-0.82285
-1.3925
-1.9732
-2.3354
-2.3978
-2.117
-1.8563
-1.7062
-1.6375
-1.7789
-1.2853
-1.7405
-1.8322
-1.7727
-1.6113
-1.3367
-1.1317
-0.86121
-0.47051
-0.33356
-0.082865
0.45991
0.88835
1.0201
0.89272
0.66889
0.42017
0.3159
0.13967
-0.15423
-0.46458
-0.92648
-1.495
-1.8659
-2.1618
-2.4565
-2.281
-1.6009
-1.1179
-1.3407
-0.82294
-0.5318
-0.40028
-0.15476
0.084164
0.40568
0.86134
1.262
1.5633
1.6761
1.5922
1.3576
0.9708
0.52341
0.04951
-0.35501
-0.33659
-0.20889
0.18949
0.66227
1.1994
1.6509
2.0937
2.2671
2.4585
2.4435
2.3925
2.342
2.0224
1.5738
1.0889
0.74226
0.29534
-0.16796
-0.64746
-1.3298
-2.069
-2.8941
-3.6428
-4.2813
-4.7077
-4.5973
-4.0646
-3.4127
-2.9161
-2.6592
-2.4192
-2.0448
-1.7683
-1.3831
-0.95765
-0.28126
0.51925
1.1983
1.7507
2.1379
2.4475
2.6021
2.7123
2.7052
2.7683
2.8292
3.0321
2.8428
1.8686
0.86636
-0.080429
-0.46553
-0.49445
-0.53055
-0.74373
-0.7742
-0.71858
-0.66863
-0.71243
-0.64443
-0.52483
-0.32543
0.034809
0.24434
0.58453
0.94843
1.2532
1.5431
1.7478
1.781
1.6514
1.3574
1.0643
0.7536
0.42691
0.13663
-0.13257
-0.25428
-0.3692
-0.35439
-0.14003
0.29599
0.6524
0.96968
1.3079
1.3847
1.4045
1.318
1.263
1.2316
1.3019
1.4168
1.2126
1.0063
0.74983
0.61703
0.33699
0.079576
-0.37032
-0.79762
-1.2932
-1.6956
-2.0587
-2.2451
-2.3302
-2.1766
-1.9003
-1.6603
-1.5356
-1.5462
-1.4676
-1.1709
-0.89419
-0.81619
-0.90073
-1.0756
-1.0685
-0.77922
-0.29633
0.33228
1.0366
1.7548
2.4285
2.8946
3.1755
3.1649
2.9555
2.8219
3.0024
2.8707
2.3481
1.6069
0.57015
-0.40424
-0.84155
-1.161
-0.85904
-0.3287
0.19688
0.55717
1.1027
1.5779
1.7332
2.0997
2.3203
2.647
2.9269
3.1913
3.3299
3.2166
3.0713
3.0051
2.9572
2.9774
3.1502
3.4007
3.8382
4.3385
4.7047
4.8164
4.738
4.4406
3.9971
3.5903
3.4031
3.962
4.1764
4.6999
5.6964
6.8876
7.9606
8.5822
9.3488
9.818
10.78
11.251
11.524
12.296
13.292
13.72
14.267
14.108
13.588
12.26
10.933
9.4864
7.9299
6.2599
4.7627
3.3954
2.2379
1.4076
0.68023
-0.10124
-0.87333
-1.4114
-1.7185
-1.9306
-2.1329
-2.2795
-2.5789
-2.5581
-2.3724
-2.3073
-2.252
-2.1934
-1.9231
-1.613
-1.22
-0.91051
-0.66902
-0.56137
-0.38872
-0.16913
-0.22796
-0.56046
-0.81307
-1.1875
-1.4517
-1.0777
-0.1403
1.1523
1.8844
2.2888
2.516
2.371
1.8319
0.9821
0.20304
-0.073421
-0.065357
0.074131
0.1711
0.10379
-0.022891
-0.18153
-0.19335
-0.27258
-0.35536
-0.41044
-0.30963
-0.32741
-0.42014
-0.28634
0.026639
0.39426
0.67967
1.0484
1.2174
1.224
1.093
0.85255
0.6369
0.54643
0.31477
0.29419
0.45675
0.65313
0.67915
0.57487
0.30211
0.040754
-0.53596
-1.0045
-1.1233
-1.0009
-1.0205
-0.93427
-0.80567
-0.46082
-0.19542
-0.43848
-0.76719
-1.1277
-1.3554
-1.3794
-1.3431
-1.0586
-0.71114
-0.3503
0.11703
0.53189
0.82073
0.6849
0.45999
0.23505
0.10301
0.42379
0.6785
0.78714
0.58976
0.22582
-0.2887
-0.60089
-0.41579
-0.37735
-0.086584
0.41123
0.59833
0.73364
0.75044
0.4477
0.038198
-0.13318
-0.40077
-0.77987
-0.99046
-0.8767
-0.5499
-0.38254
-0.49332
-0.7194
-1.0582
-1.2242
-1.1768
-1.1359
-1.1193
-1.0674
-1.3211
-1.422
-1.1859
-0.74663
-0.33958
0.22633
0.64084
0.88133
1.0415
1.3545
1.8414
2.0699
1.8356
1.7708
1.4814
1.3027
1.2435
1.0924
1.1122
1.0915
0.97656
0.80403
0.77208
0.63924
0.27852
-0.081078
-0.40428
-0.49934
-0.52527
-0.94202
-1.2385
-1.5188
-1.6643
-1.6926
-1.9265
-2.0224
-1.983
-1.9992
-1.8961
-1.6645
-1.3405
-0.99552
-0.83065
-0.81099
-0.78805
-0.74485
-0.56483
-0.38519
-0.30502
-0.2497
-0.49319
-0.38779
-0.12494
0.12404
0.11284
0.012985
0.0022056
-0.18425
-0.42479
-0.93518
-1.2997
-1.9245
-3.0295
-4.4666
-5.5016
-6.6465
-7.8256
-8.8683
-9.3756
-10.278
-10.9
-10.885
-11.035
-12.102
-12.31
-11.815
-11.465
-11.874
-11.41
-9.9868
-8.7285
-9.3085
-9.5977
-9.9738
-10.225
-9.8076
-9.0791
-8.5476
-7.9
-6.6209
-5.376
-4.0375
-2.7843
-1.5966
-1.2269
-0.78411
-0.44722
-0.44021
-0.47211
-0.37084
-0.24292
-0.020765
0.14301
0.645
1.2655
1.7776
2.2655
2.554
2.7604
3.3432
3.6802
3.617
2.0305
1.1287
0.10666
-0.094522
-0.25098
-0.38166
-0.41275
-0.66183
-0.56587
-1.0635
-1.7067
-2.1715
-2.3574
-2.3339
-1.9018
-1.1409
-0.33495
0.30868
0.79152
1.1881
1.3913
1.4526
1.2107
0.86034
0.42416
0.12922
0.12203
0.36496
0.66694
1.0951
1.3886
1.6358
1.7697
1.8031
1.6981
1.3699
1.0565
0.41444
0.26357
0.60435
0.1984
0.18189
0.21982
-0.088103
-0.60868
-1.2225
-1.7129
-2.1479
-2.5982
-2.9925
-3.1903
-3.0595
-2.8414
-2.4354
-2.0008
-1.7341
-1.4795
-1.1548
-0.81615
-0.90021
-0.78675
-0.57613
-0.17485
0.41242
0.18613
1.3072
0.85324
1.434
1.5376
1.788
2.0135
2.1596
2.1918
1.9888
1.6929
1.3086
0.86077
0.45943
0.19905
-0.059747
-0.07088
-0.27198
-0.46627
-0.63664
-0.72996
-0.73183
-0.82835
-0.89358
-0.8761
-0.96254
-1.0264
-0.82264
-0.37445
-0.061989
0.30898
0.59072
0.90808
1.2188
1.4752
1.5349
1.5378
1.4873
1.2482
0.83381
0.34388
-0.12444
-0.32064
-0.22988
0.082883
0.64876
1.2369
1.7969
2.272
2.5808
2.6493
2.5411
2.273
1.9767
1.5816
1.1953
0.77875
0.40848
-0.079182
-0.51722
-1.0049
-1.4188
-1.8294
-2.2957
-2.7962
-3.207
-3.4638
-3.3786
-3.1481
-2.9356
-2.6315
-2.5241
-2.5773
-2.6577
-2.6569
-2.2812
-1.7828
-1.1937
-0.57518
-0.061552
0.35655
0.73161
1.1581
1.4062
1.6212
1.8208
2.0382
2.1514
2.2318
2.2661
2.2266
1.9437
1.6052
1.1495
0.73109
0.35886
-0.0060188
-0.27783
-0.51484
-0.52401
-0.55726
-0.64244
-0.78005
-1.1591
-1.5732
-1.8438
-1.9711
-1.9083
-1.4991
-1.0213
-0.3581
0.29122
0.66846
0.99136
1.2747
1.4279
1.3039
1.0647
0.70192
0.54739
0.67218
0.98855
1.443
1.8635
2.1826
2.3751
2.4695
2.38
2.0443
1.6258
1.1421
0.48692
-0.033396
-0.47965
-0.85878
-1.1699
-1.498
-1.9488
-2.383
-2.8309
-3.2034
-3.5168
-3.4886
-3.2481
-2.9951
-2.8141
-2.7224
-2.4471
-2.1285
-1.841
-1.6306
-1.3498
-1.1055
-0.63837
-0.31105
0.091453
0.51007
0.89042
1.4451
1.8142
1.9466
1.9941
1.9578
1.9668
1.8469
1.6772
1.4757
1.3429
1.0677
0.68161
0.2791
-0.10872
-0.47337
-0.7923
-1.072
-1.3126
-1.5779
-1.696
-1.7606
-1.846
-1.8069
-1.7494
-1.7785
-1.7989
-1.6121
-1.3713
-0.61132
0.45934
1.7882
2.7093
3.0689
2.858
2.3824
1.9657
1.6841
1.7511
2.0706
2.5205
2.794
2.7581
2.5218
2.1252
1.7158
1.3953
1.0448
0.60621
0.23618
0.010897
-0.30719
-0.50272
-0.84658
-1.3099
-1.7892
-2.2678
-2.6587
-2.9821
-3.276
-3.3834
-3.4714
-3.4991
-3.3408
-2.9829
-2.5287
-2.2427
-2.1772
-2.1326
-1.9952
-2.0089
-1.9066
-1.8477
-1.4857
-1.003
-0.29812
0.4071
1.1839
1.7406
2.1288
2.3394
2.4043
2.303
2.1608
2.0263
1.8371
1.7395
1.6239
1.446
1.2526
0.89718
0.53423
0.094206
-0.24787
-0.48951
-0.66711
-0.57396
-0.48151
-0.57422
-0.46692
-0.2791
-0.15523
-0.24669
-0.36424
-0.51518
-0.61314
-0.53916
-0.17668
0.47259
1.2849
2.0961
2.7091
3.202
3.5172
3.647
3.4337
3.0437
2.7272
2.4599
2.059
2.0483
2.1381
2.2781
2.4355
2.351
2.2849
1.9447
1.6071
1.1392
0.64171
0.21506
-0.10226
-0.27487
-0.51276
-0.73057
-0.97414
-1.0351
-0.96219
-1.4292
-1.3859
-1.36
-1.4316
-1.5072
-1.5467
-1.5474
-1.3545
-1.0991
-0.65149
-0.49479
-0.66486
-0.35229
-0.27046
-0.26403
-0.046701
0.049259
-0.50813
-1.0873
-1.4584
-1.3875
-1.1423
-0.81597
0.78316
1.6654
1.9645
2.1831
2.1215
2.0564
2.1733
2.2745
2.2723
2.3352
2.4168
2.4315
2.3552
2.2313
1.8495
1.5913
1.3423
1.2795
1.2404
1.1531
1.0028
0.95249
1.0631
1.083
1.1616
1.3099
1.5858
1.7983
1.8198
1.7528
1.3927
0.87761
0.41521
0.1823
0.13466
0.33922
0.58829
0.77823
0.95877
0.92509
0.7845
0.63746
0.44787
0.24205
0.11041
-0.015734
-0.12674
-0.3233
-0.66534
-1.0996
-1.3589
-1.793
-1.9259
-2.1237
-2.4232
-2.6336
-2.9289
-3.1449
-3.2328
-3.0042
-2.7754
-2.6165
-2.7711
-3.1189
-3.5824
-3.8792
-4.1019
-4.1247
-4.0217
-3.6347
-3.1018
-2.6624
-2.2486
-1.9461
-1.8363
-1.8504
-1.7664
-1.5056
-1.2458
-1.1042
-0.93224
-0.80931
-0.77572
-0.66127
-0.57362
-0.51743
0.010365
-0.254
-0.026813
0.55708
1.2435
2.8147
4.1658
5.0012
5.3176
5.2622
4.5696
3.6907
2.7156
2.0219
1.2951
1.1102
1.2483
1.6542
1.8553
2.0355
2.0771
2.0214
1.6478
1.2517
0.81411
0.61011
0.39351
0.065084
-0.26321
-0.39304
-0.45038
-0.60245
-0.78801
-0.96557
-1.3134
-1.5901
-1.7092
-2.1904
-2.3561
-2.4932
-2.5287
-2.4641
-2.57
-2.768
-2.9652
-2.8568
-2.4716
-2.1228
-1.9833
-1.7774
-1.5487
-1.2624
-0.9628
-0.67807
-0.52198
-0.35673
-0.27278
-0.21386
-0.037456
0.16595
0.18038
0.48596
0.62885
0.86982
1.1788
1.1987
1.1616
1.2545
1.4021
1.5132
1.7318
2.4183
2.9626
3.2599
3.4424
3.3431
3.0886
2.7365
2.334
1.8397
1.395
0.93362
0.57293
0.34588
0.26309
0.23791
0.52124
0.86926
1.1341
1.3035
1.4665
1.4768
1.4901
1.1301
0.57492
-0.11716
-0.3841
-0.49228
-0.54094
-0.72351
-0.76057
-0.83939
-0.85445
-1.106
-1.3963
-2.0048
-2.3056
-2.3335
-2.0084
-1.5531
-1.3341
-1.4014
-1.6226
-1.9894
-2.3331
-2.303
-2.0837
-1.7315
-1.2712
-0.91813
-0.67504
-0.59353
-0.57232
-0.31832
-0.14201
-0.06669
0.011333
0.19972
0.18225
0.35022
0.33097
0.19036
-0.073975
-0.59929
-1.1923
-1.5375
-1.872
-1.7713
-1.4137
-1.1899
-1.1236
-1.1136
-1.1542
-0.94912
-0.4896
0.19255
0.74122
1.1677
1.3283
1.2483
1.1729
0.99504
0.5763
0.33798
0.1798
0.21489
0.42123
0.7484
1.2193
1.987
2.2177
2.7825
2.9444
3.0552
2.9364
2.7091
2.4222
1.8878
1.4995
1.057
0.68763
0.448
0.16936
-0.094985
-0.54245
-0.9873
-1.6815
-2.2768
-2.7069
-2.9421
-3.136
-3.2366
-3.3249
-3.528
-3.4778
-3.6587
-3.8901
-3.8172
-3.5014
-3.1263
-2.529
-1.635
-0.90263
-0.49168
-0.15674
0.31077
0.51419
1.035
1.8849
1.3741
1.5523
1.5655
1.5229
1.3309
0.91259
0.35794
-0.074672
-0.37275
-0.67244
-0.79355
-0.77541
-0.8896
-0.79078
-0.62595
-0.28324
-0.06656
-0.004899
-0.10773
-0.13766
-0.21911
-0.1937
0.22141
0.91419
1.7524
2.2868
2.6046
2.868
2.8779
2.6031
2.2836
1.8602
1.4648
1.1016
1.0013
0.99794
1.156
1.3205
1.6742
1.9446
2.2181
2.393
2.2774
1.9229
1.5271
0.98041
0.65512
0.13004
-0.026623
-0.32376
-0.34264
-0.38622
-0.50847
-0.44437
-1.0206
-1.5397
-2.2172
-2.6215
-2.6394
-2.45
-2.4769
-2.6555
-2.7363
-2.7781
-2.8097
-2.6644
-2.4529
-2.145
-1.8176
-1.5068
-1.0456
-0.42785
0.1918
0.87389
1.2957
1.5475
1.6306
1.7355
1.8351
1.8144
1.8573
1.8589
1.8719
1.7358
1.512
1.1096
0.72087
0.23882
-0.11752
-0.37818
-0.80242
-0.88311
-0.66313
-0.18009
0.14198
0.32635
0.37009
0.24532
0.11156
-0.015912
0.063253
0.27168
0.82324
1.3535
1.6544
1.8266
1.9851
1.8743
1.5479
1.083
0.60604
0.25615
0.028141
0.050233
0.25036
0.66833
1.0466
1.4184
1.7988
2.021
2.0036
1.8256
1.4784
1.2032
0.95223
0.85406
0.6524
0.5866
0.53341
0.21998
-0.31975
-0.92051
-1.5987
-2.1577
-2.7005
-3.1959
-3.6044
-3.7624
-3.9118
-4.2343
-4.2874
-4.2421
-4.1318
-3.8098
-3.4916
-3.164
-2.8059
-2.38
-1.875
-1.3386
-0.77901
-0.10026
0.45458
0.92652
1.2599
1.4641
1.5433
1.5235
1.4073
1.354
1.2389
1.1836
1.1206
1.0331
0.9025
0.65573
0.29125
-0.18696
-0.68529
-1.1886
-1.5274
-1.7576
-1.9111
-1.9195
-1.6645
-1.3334
-1.0504
-0.73148
-0.42812
-0.058626
0.40074
1.0675
1.6193
2.0409
2.3099
2.4947
2.477
2.208
1.8827
1.4871
1.2239
0.94873
0.78688
0.70815
0.94665
1.2316
1.5865
1.9579
2.1983
2.3313
2.2811
2.1469
1.88
1.6425
1.2801
0.74239
0.3217
-0.12393
-0.29472
-0.62205
-1.06
-1.5754
-2.1914
-2.7281
-3.1956
-3.5529
-3.7944
-4.1019
-3.9429
-3.8811
-3.6535
-3.4464
-3.1186
-2.6775
-2.2987
-1.7983
-1.3411
-1.1151
-0.90077
-0.53003
-0.28602
0.19829
0.60846
1.0588
1.2929
1.5204
1.6093
1.6228
1.5758
1.5046
1.4844
1.3941
1.2666
1.1289
0.84995
0.49748
0.070798
-0.37945
-0.81238
-1.206
-1.4625
-1.5532
-1.4177
-1.1444
-0.71685
-0.45584
-0.21668
0.033093
0.087073
0.075827
0.1016
0.16262
0.49865
1.0336
1.6617
2.1667
2.4648
2.667
2.6303
2.427
2.1653
1.9736
1.9542
1.9885
2.1193
2.2182
2.2978
2.331
2.3263
2.3391
2.1829
1.8708
1.5462
1.1824
0.74031
0.39648
-0.16496
-0.60448
-1.2238
-1.9128
-2.5188
-3.0957
-3.6649
-4.0975
-4.3415
-4.2653
-4.0356
-3.6376
-3.1551
-2.6453
-2.1698
-1.7658
-1.9163
-1.8283
-1.7928
-1.607
-1.3984
-0.98249
-0.47965
0.0082311
0.2301
0.55899
0.73901
1.0711
1.251
1.2335
1.1529
1.044
0.8464
0.54604
0.12546
-0.26004
-0.4722
-0.67854
-0.73174
-0.59812
-0.52609
-0.38786
-0.25658
-0.12658
-0.1263
-0.23865
-0.26965
-0.24357
0.034853
0.41941
1.0224
1.8032
2.2991
2.8635
3.1524
3.2442
3.0723
2.7021
2.1793
1.7795
1.438
1.3341
1.3897
1.5758
1.7761
2.055
2.2558
2.3418
2.1973
1.7976
1.4464
1.0393
0.60734
0.22547
-0.37542
-0.77567
-1.2221
-1.4508
-1.7999
-2.0028
-2.333
-2.681
-2.8252
-3.0282
-3.1385
-3.0047
-2.7024
-2.2709
-2.264
-2.3161
-2.3507
-1.9882
-1.6337
-1.4519
-1.1826
-0.721
-0.12295
0.36689
0.73858
1.0734
1.3791
1.7096
1.9148
2.0421
2.1253
2.0842
1.9811
1.8207
1.6636
1.4369
1.24
0.90445
0.48986
0.078269
-0.29193
-0.58401
-0.70737
-0.57617
-0.24604
0.040663
0.1802
0.45307
0.71724
0.96284
1.2699
1.5704
1.8237
1.8551
1.7506
1.6819
1.4608
1.2404
1.0814
1.0692
1.0704
1.1774
1.3545
1.6592
1.7792
1.7257
1.5887
1.4618
1.2113
0.95951
0.74719
0.44173
0.16618
-0.095669
-0.35935
-0.55323
-0.78892
-1.0468
-1.5302
-2.0282
-2.4895
-2.6221
-2.9489
-2.9553
-2.8303
-2.9948
-3.0969
-3.0485
-2.8698
-2.3645
-1.92
-1.6387
-1.3834
-1.0694
-0.6253
-0.35816
-0.11996
0.19728
0.37205
0.48692
0.44969
0.34266
0.27655
0.15885
0.0047679
-0.32214
-0.61136
-0.85618
-1.126
-1.2654
-1.4208
-1.4759
-1.5085
-1.4009
-1.2347
-1.0234
-0.64616
-0.26272
0.1321
0.41139
0.682
0.88951
1.0394
1.2527
1.5897
1.9721
2.3685
2.7493
3.036
3.1074
2.9162
2.7108
2.3896
2.1107
1.9381
1.5653
1.2902
1.1697
1.1238
1.2554
1.4724
1.6971
1.8229
1.8256
1.6908
1.4721
1.134
0.87298
0.5847
0.38717
0.26462
0.13989
0.038364
-0.076407
-0.21555
-0.35365
-0.7088
-0.98626
-1.4491
-1.817
-2.152
-2.3177
-2.22
-2.0024
-1.775
-1.7049
-1.7021
-1.678
-1.4611
-1.2802
-1.2711
-1.1364
-0.82091
-0.34317
0.23531
0.81121
1.2538
1.678
1.9712
2.077
2.0228
2.063
1.9916
1.7334
1.6017
1.5698
1.7015
1.6926
1.7448
1.656
1.3161
0.53064
-0.069806
-0.21504
-0.31492
-0.64456
-0.74892
-0.51293
-0.40873
-0.39701
-0.29948
-0.17202
-0.051501
0.10569
-0.09879
-0.269
-0.60457
-1.457
-1.1317
-0.8129
-0.61985
-0.35522
0.013843
0.33738
0.97288
1.3542
1.716
1.9146
1.8805
1.6464
1.3719
1.0673
0.88687
0.66729
0.41496
0.3408
0.25001
0.22198
0.0061539
-0.22069
-0.69157
-1.1826
-1.8125
-2.3335
-2.7545
-3.1287
-3.3828
-3.4866
-3.4685
-3.4278
-3.0643
-2.7908
-2.5095
-2.2571
-1.8355
-1.255
-0.77178
-0.30491
0.13911
0.43571
0.6907
0.97985
1.2112
1.3594
1.4791
1.4857
1.5043
1.3866
1.3077
1.0263
0.742
0.13847
-0.7813
-1.6293
-1.7861
-1.9552
-1.9217
-1.6119
-1.3666
-1.0713
-0.95561
-0.89813
-0.86272
-0.75273
-0.61837
-0.43562
-0.17098
0.25344
0.67897
0.80229
0.83359
0.84523
0.71888
0.53981
0.32378
0.24187
0.080381
0.12932
0.2765
0.67045
1.0997
1.5444
1.8611
2.1625
2.3021
2.2814
2.2272
2.0054
1.674
1.4292
1.0947
0.76671
0.45536
0.088315
-0.15417
-0.63006
-0.99604
-1.3731
-1.8327
-2.2162
-2.425
-2.6638
-2.9813
-3.3279
-3.4122
-3.2594
-2.8371
-2.3715
-2.1856
-1.8808
-1.4121
-0.99574
-0.51384
-0.078788
0.33405
0.6537
1.0199
1.2938
1.6542
2.0008
2.4665
2.8463
2.9972
3.3263
3.9846
4.3697
4.1523
3.122
1.4364
0.61578
0.54063
0.54297
0.42512
0.13949
-0.29945
-0.23355
-0.0034512
0.28082
0.51929
0.84047
1.0477
0.9989
0.83831
0.6092
0.43636
0.24364
0.016366
-0.042241
0.068486
0.43009
0.68092
0.8313
0.77758
0.74126
0.52605
0.20191
-0.18598
-0.61725
-1.0357
-1.3184
-1.6052
-1.8523
-2.0311
-2.1558
-2.4129
-2.6996
-3.0238
-3.299
-3.634
-3.8389
-3.7654
-3.3172
-2.7736
-2.3594
-2.0095
-1.6713
-1.3048
-0.91981
-0.47185
-0.053544
0.35
0.74247
1.0719
1.2487
1.4879
1.4965
1.45
1.2328
1.0511
0.96531
0.90172
0.73771
0.52938
0.27247
0.029952
-0.22179
-0.50683
-0.78342
-1.0381
-1.2297
-1.4005
-1.3936
-1.2643
-0.99604
-0.63513
-0.3666
-0.29961
-0.25851
-0.10753
0.20219
0.76347
1.3775
1.8506
2.1813
2.4609
2.5082
2.347
1.9324
1.28
0.80667
0.48899
0.42169
0.56968
0.91046
1.3051
1.6156
1.9458
2.1931
2.4045
2.6557
2.8606
3.045
3.152
3.0902
2.8034
2.7356
2.6293
2.2117
1.6765
1.121
0.6598
0.12923
-0.39117
-0.9963
-1.4959
-2.1005
-2.7009
-3.3583
-3.8832
-4.3952
-4.8822
-5.1527
-5.0986
-4.9813
-4.9138
-4.9423
-4.9237
-4.6385
-4.0331
-3.4211
-2.6234
-1.6791
-0.69443
-0.024442
0.40769
0.8509
1.0461
1.2175
1.2548
1.2834
1.3765
1.5549
1.651
1.9038
1.9943
2.101
2.038
2.0029
1.901
1.6695
1.4253
1.2665
1.1787
1.1489
1.0678
0.83991
0.57557
0.17456
-0.16316
-0.37887
-0.50843
-0.4851
-0.18937
0.013358
0.20783
0.32488
0.45372
0.39834
0.24469
0.00058656
-0.33528
-0.60972
-0.69828
-0.49376
-0.16752
0.34354
0.71564
0.93237
1.0453
1.123
1.1496
1.1689
1.0721
1.2612
1.0744
0.82234
0.39593
0.037546
-0.20592
-0.34812
-0.62751
-0.98686
-1.4671
-1.9774
-2.39
-2.6701
-2.8881
-3.0371
-3.188
-3.2326
-3.2211
-3.1703
-2.9996
-3.0304
-2.8969
-2.8336
-2.5961
-2.5377
-2.2184
-1.94
-1.7167
-1.3524
-1.0928
-0.54146
0.25881
1.0504
1.5526
1.8438
1.9284
1.8517
1.6982
1.3911
1.0768
0.95803
0.88454
0.87874
0.97916
1.2238
1.2815
1.0652
0.74269
0.0084069
-0.54704
-0.12139
0.75265
1.7535
1.8266
1.2112
0.32297
0.073512
0.39794
0.52566
0.20115
0.012665
0.4567
0.9979
1.5079
1.9116
2.0807
2.0093
1.7513
1.4384
1.1568
1.1562
1.2184
1.2216
0.93825
0.89207
1.1472
1.5918
2.1689
2.3503
2.3902
2.2145
2.0106
1.9393
1.8831
1.8306
1.6576
1.5545
1.2964
1.0088
0.91648
0.85419
0.51873
-0.18995
-0.99768
-1.6622
-1.96
-2.8097
-4.1438
-5.8444
-6.73
-7.0001
-6.9417
-7.259
-8.2359
-9.3579
-10.253
-10.695
-10.179
-9.7864
-10.114
-10.203
-9.4981
-8.3242
-7.3953
-7.4762
-7.9502
-8.4337
-8.7038
-8.3904
-7.5987
-6.5508
-5.7842
-5.1609
-4.5913
-3.9223
-3.276
-3.0195
-2.9046
-2.6331
-2.0496
-1.4445
-0.69083
0.12193
0.83969
1.5782
2.5471
3.3647
4.1607
5.1116
5.9522
6.6404
6.9456
6.9386
6.8469
6.3015
5.0878
3.6337
2.5497
1.6277
0.87917
0.77208
1.0951
1.897
2.8348
3.6576
4.6346
5.6418
6.3599
6.0491
5.76
2.6547
-1.6131
-5.2406
-7.455
-7.9
-7.0166
-5.521
-4.1569
-3.3088
-3.0066
-3.04
-3.3692
-3.7289
-4.4298
-5.006
-5.183
-4.9423
-3.9939
-2.1867
1.2472
6.0842
10.231
11.72
11.156
9.7409
8.1022
6.0136
3.3353
0.65339
-1.9783
-4.3183
-5.8656
-6.7755
-7.136
-6.5279
-4.4013
-2.5494
-0.21119
2.8632
5.1704
5.8517
5.4834
4.1744
3.2728
2.5868
3.096
4.3117
5.2068
5.5107
5.4245
4.561
3.5844
2.5073
1.4414
0.77251
0.26534
0.059054
-0.079294
-0.10179
-0.13809
-0.3483
-1.3134
-2.3523
-2.6361
-2.5441
-2.1278
-1.9364
-1.6159
-0.71304
0.26919
1.4326
1.8143
1.2363
0.031227
-1.435
-2.4482
-2.4614
-1.8664
-0.95241
0.23325
1.8589
3.4907
4.1591
4.9198
6.0569
5.7877
4.4623
1.4155
-2.4186
-6.0595
-8.8016
-10.951
-12.046
-11.865
-9.0137
-6.263
-4.9068
-2.475
0.49899
0.41926
-1.8691
-5.1345
-8.1039
-9.9595
-9.8184
-7.8589
-6.3019
-4.7276
-4.0668
-2.736
-2.7423
-3.9358
-6.0612
-6.8625
-6.2985
-5.009
-3.2876
-1.7953
-0.25537
0.98851
1.7102
1.9963
1.8804
1.5407
1.3963
1.3985
1.2536
1.4366
1.7514
2.2464
2.6566
3.2403
3.9972
4.9956
5.9539
6.6222
7.6728
9.2185
10.295
10.682
9.9777
9.4124
9.1704
9.0666
8.1489
7.1893
6.849
6.221
4.9562
3.6395
2.1313
0.98093
0.081744
-0.69235
-1.3318
-1.988
-2.0226
-1.6165
-1.0582
-0.036165
0.83987
2.0382
3.1401
3.5384
3.2737
2.8204
1.9806
1.2383
0.86882
0.75684
0.79926
0.65802
0.59349
0.31443
0.1495
-0.28076
-0.7246
-0.94959
-1.0835
-1.2476
-1.2388
-1.0029
-0.86164
-0.84528
-1.1979
-1.2405
-1.4842
-1.7253
-1.233
-0.36106
0.62201
0.67218
0.18923
-0.31827
-0.53964
-0.34801
-0.12516
0.047549
0.18551
0.27613
0.66616
0.73222
0.30387
-0.37838
-0.9041
-1.1375
-0.89462
-0.32001
-0.33583
-0.70949
-0.92029
-0.67014
-0.16505
0.3547
0.11236
0.20318
0.17806
0.2555
0.36754
0.65075
0.87549
1.1815
1.341
1.0172
0.59522
0.50042
0.74611
0.73299
0.54994
0.50246
0.60656
1.0366
1.4316
1.2785
0.78455
0.49817
0.46398
0.60262
0.66608
0.82095
0.92999
1.4663
2.1747
1.9719
0.9521
0.52462
-0.20044
-0.82108
-1.2307
-1.6092
-2.0496
-2.0984
-2.022
-1.8699
-1.517
-0.86666
-0.098132
0.48051
0.9138
1.1963
1.1157
0.63123
0.10115
-0.5489
-0.88042
-0.61184
-0.41334
-0.077122
0.23113
0.086051
0.12335
0.37183
-0.0048103
-0.44831
-0.39757
-0.53258
-0.05918
0.45956
1.0118
1.4333
1.3881
1.6009
1.6086
1.7855
1.6932
1.2317
0.85727
0.57405
-0.31526
-1.272
-1.7862
-1.6838
-2.0196
-1.9007
-1.0017
-0.2751
-0.32201
-0.19274
-0.0058206
0.19323
0.60474
0.77273
0.99634
0.93756
0.78247
0.68612
0.25481
-0.1857
-0.73931
-1.0216
-1.0532
-1.01
-0.99331
-0.68469
-0.69568
-0.78147
-0.32943
-0.61366
-0.4609
0.28961
0.84675
1.2736
1.375
1.5367
1.4841
1.1658
0.83203
0.54985
0.19875
0.12034
0.28008
0.3692
0.10361
-0.19166
-0.1904
-0.030008
0.38724
1.0426
1.2054
0.85346
0.80714
0.48423
0.33435
0.42467
0.53198
0.67616
0.72157
0.86229
0.86848
0.46991
0.10111
-0.21248
-0.68906
-0.95462
-1.0238
-1.1188
-0.96007
-0.63768
-0.31963
-0.34749
-0.91813
-0.85891
-0.63023
-0.47623
-0.023618
0.62102
0.45311
0.72845
1.2859
1.2463
1.0849
0.91735
1.009
0.73563
0.30316
0.12914
-0.17135
-0.37568
-0.64573
-0.60742
-0.78875
-1.1835
-1.8652
-1.5826
-0.89159
-0.045545
-0.14705
-0.23628
0.33943
1.0087
1.0962
0.99535
0.89679
0.3913
-0.15178
-0.8506
-1.6593
-1.8098
-2.1225
-2.4453
-2.9112
-2.9639
-1.8667
-0.98885
0.16574
1.669
3.4924
5.2735
7.449
9.2445
9.5635
8.4735
7.4118
8.2584
8.7861
7.8403
6.3915
5.3375
4.4952
3.4392
2.7752
2.5316
1.8343
1.8689
1.28
0.56782
0.048415
-0.39832
-1.0785
-1.4073
-0.75537
0.3658
1.2175
1.1985
0.6095
0.018138
-0.16155
-0.35518
-0.71676
-0.80511
-0.46172
-0.011935
0.12619
-0.11046
-0.59742
-1.1315
-1.0904
-0.52471
-0.29956
-0.3832
-0.21916
0.11571
0.43467
0.91358
0.96751
0.92735
1.0141
1.4625
1.5359
1.5107
1.0842
0.2965
-0.39581
-0.80619
-1.3617
-2.1528
-2.7213
-2.3749
-1.5847
-0.46393
0.25319
-0.0043316
-1.1879
-1.4593
-0.94535
-0.40451
0.16655
0.46458
0.53838
0.25928
-0.43688
-1.3693
-1.4819
-1.0363
-0.5054
-0.21446
0.32082
1.0198
1.2414
0.96392
1.2268
1.4206
0.90008
0.69473
0.73776
1.503
1.7191
1.4417
0.80056
0.15049
-0.27941
-0.90609
-1.5068
-2.0435
-1.6035
0.13967
1.2748
0.8432
-0.17044
-0.24416
-0.23094
-0.094072
-0.42131
-0.69897
-0.74788
-0.76312
-0.4181
-0.30767
-0.42427
-0.24384
0.32124
0.010946
-0.75078
-1.0908
-1.1147
-0.78766
0.48596
1.7085
3.5123
5.0622
6.4391
7.1352
6.5846
5.1795
3.3249
1.284
-0.72564
-3.4855
-5.989
-7.5096
-8.6185
-9.4566
-7.2693
-2.5373
1.647
6.1024
9.4146
11.529
12.009
11.59
11.073
10.298
8.9112
6.798
4.172
1.6024
-1.4039
-5.0713
-8.4709
-11.606
-15.001
-17.189
-15.765
-15.758
-11.057
-6.7361
-7.5875
-6.9867
-6.0578
-5.1964
-3.7678
-2.4814
-1.1037
0.31283
1.0859
0.6717
-0.63257
-0.96016
-0.95626
0.018775
2.2124
4.8943
9.6262
12.013
10.464
13.364
14.698
14.34
13.257
12.116
11.155
9.6751
7.3507
5.0341
2.6201
0.49423
-1.7443
-4.0903
-5.934
-7.6226
-9.318
-11.465
-12.569
-8.9272
-5.9842
-5.5578
-7.3512
-8.5017
-8.1342
-6.7832
-4.9151
-2.6358
-0.54068
0.91908
1.6991
2.0094
1.9575
1.8191
2.4219
3.4056
4.3368
6.482
8.2368
8.9869
10.098
11.196
11.6
11.718
11.004
9.992
8.7428
7.1447
5.0813
2.6441
-0.25376
-3.278
-6.5733
-9.283
-12.063
-14.24
-14.687
-14.965
-11.308
-5.0094
-4.8653
-5.7344
-6.2651
-6.6434
-5.4011
-3.5124
-1.8499
-0.31323
1.1028
2.2842
3.393
4.9454
6.978
9.1947
11.178
13.35
15.253
15.25
13.093
11.779
12.23
12.498
12.296
11.108
9.2527
7.4022
5.1635
3.0678
1.1025
-1.1187
-3.8036
-6.5127
-9.2085
-11.394
-13.245
-14.949
-13.573
-10.461
-7.4187
-3.7172
-3.3404
-3.9836
-5.1661
-5.9245
-5.5102
-4.8255
-3.7094
-2.1728
-0.80796
0.21641
0.84904
1.4577
2.4922
3.6238
4.9544
6.0444
8.3658
10.66
11.063
12.013
13.404
13.841
13.703
13.278
12.697
11.627
9.8379
7.194
4.2237
1.3386
-1.4985
-3.85
-6.5426
-9.3782
-12.305
-14.042
-14.344
-15.137
-11.645
-7.9515
-8.9125
-9.8496
-10.234
-10.519
-9.7574
-8.1658
-5.9881
-3.0547
-0.71988
0.086506
0.63881
2.2973
5.1436
7.7775
9.2471
10.295
11.699
11.303
9.9098
11.916
12.937
11.965
10.9
9.3449
7.4286
4.9925
2.376
-0.73529
-4.5809
-8.2571
-12.205
-16.094
-19.272
-20.607
-19.31
-14.582
-6.6322
-4.9103
-6.6499
-5.6738
-4.6839
-3.461
-1.6922
0.17846
1.5906
2.4292
2.111
1.5709
1.3953
1.5652
2.0604
3.338
4.574
5.3821
6.4638
5.5691
7.7684
10.932
12.506
13.175
13.438
12.994
12.366
11.3
8.9666
5.4916
1.2322
-3.0757
-7.6736
-11.605
-14.296
-17.199
-17.101
-15.629
-13.592
-7.4299
-4.1434
-3.8066
-4.1366
-3.2508
-1.7505
0.21991
1.7831
2.512
2.563
2.5581
2.4941
2.7245
3.6148
4.6164
6.079
9.3336
10.377
10.362
11.326
12.145
12.444
11.729
10.111
8.1039
6.1353
4.4194
2.5673
0.088908
-3.109
-6.8512
-10.927
-14.747
-17.443
-19.151
-17.334
-15.679
-13.923
-7.5641
-4.8428
-4.9908
-3.8001
-2.706
-1.2226
0.3327
2.0184
3.4698
4.0347
3.8237
3.4713
3.4169
4.1983
5.7106
6.6231
7.0585
8.8752
8.8268
6.8607
8.4948
8.9765
9.0436
9.0899
8.4917
7.3312
6.1457
4.809
3.0374
0.97985
-1.2249
-3.3963
-5.3332
-7.5364
-9.7202
-11.04
-11.407
-9.8535
-6.3785
-5.8699
-6.35
-6.3755
-5.8639
-4.5238
-3.21
-1.8707
-0.88298
-0.023688
0.73382
1.4771
2.2239
3.0135
4.0567
4.654
5.238
6.7317
7.1542
8.4367
10.557
11.669
11.859
11.356
10.011
8.322
6.3876
3.9453
1.1948
-1.7941
-5.3332
-8.5579
-11.274
-13.265
-16.031
-16.593
-14.892
-10.977
-5.4488
-3.8176
-4.5203
-4.5069
-3.9433
-2.5561
-0.93289
0.55635
1.6283
2.2211
2.2369
2.0896
1.9505
2.2772
2.7028
3.1394
3.3616
5.0592
6.2028
7.3715
9.5886
10.137
9.6405
8.767
7.3455
5.6756
3.8369
1.4023
-1.6553
-4.8354
-7.7355
-10.04
-12.132
-15.044
-17.162
-16.554
-12.878
-7.9909
-3.4217
-3.2101
-3.261
-3.6578
-3.0182
-2.1309
-0.62262
0.93687
2.1924
2.7768
2.6591
2.4582
2.5293
3.031
3.7018
4.725
6.9092
8.2982
9.4713
11.762
13.261
14.247
13.707
12.151
10.357
8.3359
6.3716
4.2913
1.8594
-1.1875
-4.5623
-8.0779
-11.791
-14.766
-14.553
-14.455
-10.258
-5.0895
-4.3731
-5.0687
-5.122
-5.3687
-4.6411
-3.2701
-1.7758
-0.39109
0.58929
1.0948
1.3426
1.806
2.7834
4.1679
5.1986
6.3361
7.6239
8.7488
9.8487
10.354
10.487
11.01
10.933
10.047
8.8609
7.1507
4.9627
2.5262
-0.20129
-3.6476
-6.9577
-10.048
-13.026
-14.107
-16.224
-16.281
-9.6535
-5.1756
-5.1661
-5.5189
-4.9215
-4.9129
-4.4398
-3.5508
-2.303
-1.0426
-0.43021
-0.54462
-0.047415
1.1481
3.1447
5.3098
6.5274
7.1317
9.37
10.009
10.342
13.344
14.731
14.611
12.986
10.734
7.9472
5.2756
2.3685
-0.88129
-4.1202
-7.4654
-10.678
-13.462
-16.155
-17.389
-17.218
-17.457
-11.574
-5.3501
-4.6636
-5.151
-4.4155
-3.6447
-2.5401
-1.0624
0.56366
1.7458
2.318
2.3442
2.4672
2.9089
3.3497
4.0952
4.3697
5.9708
9.0674
9.8578
13.499
15.158
15.665
14.976
13.529
12.171
10.789
9.144
6.9992
4.7185
1.7983
-1.5779
-5.0064
-8.819
-12.546
-15.394
-15.74
-16.5
-11.613
-6.6287
-5.8712
-5.7492
-4.429
-3.6118
-2.401
-0.97202
0.42785
1.3836
1.6631
1.8986
2.6424
3.7267
5.1531
5.4276
5.27
6.7746
5.9288
6.7664
9.3012
10.518
10.772
10.416
9.5639
8.538
7.6619
6.0786
3.8609
1.1757
-2.6054
-6.2595
-9.7669
-13.73
-16.024
-17.096
-15.945
-10.024
-5.4362
-4.1302
-4.6675
-4.3385
-4.3844
-3.7719
-2.3225
-1.1364
-0.29703
-0.2029
-0.15803
0.17745
0.82891
1.6524
2.7726
3.074
3.8154
4.9596
5.441
8.2402
10.057
10.405
9.3921
7.9615
6.5647
5.0934
3.3242
1.2814
-1.4213
-4.3978
-7.0304
-9.2644
-11.307
-13.641
-14.465
-13.339
-11.057
-7.4472
-5.0631
-4.6398
-4.3084
-3.902
-2.7003
-1.0886
0.61608
2.0075
2.7671
3.2525
3.7778
4.5238
5.4241
6.1591
6.5551
7.2581
8.0723
7.2204
8.2805
9.9461
11.149
10.827
9.3514
7.8563
6.5067
4.7878
2.9803
0.78234
-1.9583
-5.3695
-8.6939
-11.925
-14.789
-16.226
-15.197
-12.744
-6.4577
-3.966
-3.596
-3.5478
-2.7835
-1.9424
-0.90994
0.34081
1.2
1.8969
2.4378
2.6766
2.6721
3.0062
3.7556
4.712
5.8245
8.9947
11.051
12.996
15.035
15.443
14.287
12.243
9.7669
7.4061
5.454
3.7087
1.6865
-0.71832
-3.2536
-5.9517
-8.8752
-12.18
-14.801
-14.681
-13.326
-7.7702
-4.448
-3.738
-3.4505
-2.849
-1.967
-1.122
-0.34403
0.33075
0.63491
0.57851
0.56661
0.95691
1.7982
3.1342
4.1826
5.3583
7.3118
8.4623
10.666
12.343
12.874
12.551
11.798
10.54
8.835
6.9927
4.7874
2.3813
-0.5686
-3.9918
-7.3148
-10.787
-13.861
-14.468
-14.798
-12.135
-8.4458
-6.4954
-5.6145
-5.9037
-4.986
-4.5328
-3.4522
-2.5235
-1.7614
-1.3421
-1.1625
-1.0269
-0.75853
0.11607
1.7055
3.1779
5.1752
8.1887
10.1
12.267
13.824
13.753
13.136
11.965
10.407
8.271
6.4106
4.4298
2.6778
0.93522
-1.189
-3.5351
-6.0972
-8.9527
-10.349
-11.134
-12.334
-9.2947
-6.1327
-6.5984
-7.1715
-7.1031
-6.7032
-5.7054
-4.3749
-2.8763
-1.3074
-0.098214
0.3581
0.10381
-0.13372
-0.15441
0.10014
0.85895
2.4708
4.812
6.7988
9.9755
12.292
13.761
13.874
13.156
12.102
10.918
9.3994
7.2347
4.8622
2.2697
-0.65534
-4.3234
-7.9836
-10.646
-12.706
-13.948
-12.036
-7.5195
-6.4733
-6.4841
-6.1327
-6.2539
-5.7089
-4.8921
-4.4658
-3.6805
-3.2194
-2.8008
-2.7791
-2.2357
-0.85445
1.4221
2.7915
3.6234
6.0452
7.9074
9.4652
11.059
12.466
13.545
13.844
12.918
11.546
9.5475
7.1633
4.3194
1.2295
-2.1922
-6.2959
-10.602
-14.485
-17.97
-18.916
-18.292
-15.092
-7.5247
-2.3996
-1.5188
-1.7902
-2.5934
-2.5725
-2.0295
-1.1688
-0.41508
0.16051
0.22104
0.45004
0.96561
1.89
3.0799
3.8083
4.6298
6.2283
7.4784
8.5017
10.692
11.624
11.941
11.542
10.69
9.3055
7.5684
5.3488
2.863
0.13475
-2.7974
-6.2379
-9.7518
-13.143
-14.796
-14.643
-12.862
-8.7099
-7.1235
-6.4041
-6.801
-6.04
-4.9125
-3.4331
-1.5207
0.073581
1.5615
2.6167
3.1424
3.4044
3.794
4.0011
4.0395
4.409
5.9725
6.0357
6.8945
9.3596
11
12.059
11.997
11.035
9.7206
8.548
7.239
5.7293
3.8161
1.162
-1.4455
-4.7549
-8.7618
-11.522
-12.714
-10.943
-7.2066
-3.4866
-2.9768
-3.5219
-3.7766
-4.209
-3.2755
-2.6495
-1.6815
-1.2495
-1.0486
-1.3443
-1.5836
-1.0759
0.37208
1.4192
3.9815
7.1118
9.218
11.53
12.736
12.786
12.561
11.8
10.298
8.2865
5.9626
3.3688
0.29837
-3.1562
-6.8265
-10.468
-13.654
-16.471
-16.826
-16.712
-14.476
-9.9123
-6.2833
-5.1817
-4.3476
-3.646
-2.9505
-1.8758
-0.83891
0.1339
0.99764
1.56
1.6884
1.6624
1.7443
2.2099
2.7437
3.3785
6.0833
8.4428
10.677
13.315
14.757
15.197
14.314
12.674
10.098
7.1235
3.9373
1.1592
-1.3836
-4.2011
-7.3983
-10.495
-13.483
-15.152
-15.358
-13.566
-9.4007
-6.5807
-5.7942
-5.9054
-5.7314
-5.0735
-4.0187
-2.6645
-1.562
-0.65824
-0.14827
0.049817
0.15227
0.29725
0.64517
1.4395
1.8868
2.7654
5.3942
6.5608
7.8762
9.9206
11.162
11.698
11.525
10.601
9.0142
7.4304
5.5708
3.3826
0.75451
-2.4172
-6.1019
-9.6912
-13.115
-15.666
-15.928
-15.276
-11.48
-6.1478
-4.1593
-4.0125
-3.9206
-3.8321
-3.4041
-2.518
-1.4926
-0.1806
0.6788
0.96189
1.017
1.2775
2.0261
3.1068
4.2835
6.5421
9.125
10.405
12.902
14.698
14.75
13.647
11.609
8.9562
6.4764
3.9313
1.3106
-1.3892
-4.1583
-6.9707
-9.7249
-12.377
-15.103
-15.877
-14.718
-12.119
-7.813
-4.8133
-3.7505
-2.7899
-1.9396
-0.93297
0.34891
1.4221
2.0461
2.4108
2.4571
2.3523
2.4054
2.7538
3.3063
4.2042
6.3054
7.9061
7.9312
8.9406
10.092
10.724
10.501
9.7267
8.6458
7.4992
6.4015
5.1964
3.6274
1.7759
-0.68473
-3.4252
-6.2006
-9.1947
-12.172
-12.993
-12.772
-10.737
-6.243
-4.1905
-4.3909
-4.5532
-4.8493
-4.7584
-3.959
-3.1217
-2.0925
-1.4149
-1.2801
-1.3371
-1.3506
-1.0829
-0.64227
0.15079
1.7476
4.2659
7.0819
9.4319
12.327
13.668
13.615
12.748
11.283
9.5713
7.3412
4.8315
2.2923
-0.11956
-2.7454
-5.6574
-9.0756
-12.353
-13.933
-14.446
-13.145
-9.1423
-7.0698
-6.1253
-5.9569
-5.5652
-4.7397
-3.4689
-1.8393
-0.5302
0.68568
1.7048
2.363
2.8626
3.1563
3.5169
4.223
5.4271
7.4576
10.653
10.614
9.4843
9.0904
8.7822
8.5852
7.9255
7.1468
6.9451
6.8646
6.6421
5.8639
4.5515
2.4294
-0.35132
-3.2798
-6.1305
-8.9467
-11.722
-11.301
-7.5775
-8.7791
-6.1612
-4.9661
-4.3948
-4.983
-4.4155
-3.7365
-2.9688
-2.1502
-1.1691
-0.50895
-0.41215
-0.021204
0.53189
1.5664
3.3583
5.5362
8.0273
8.9666
9.5427
10.393
11.491
11.948
11.214
10.143
8.7778
7.0044
5.0081
2.887
0.20302
-3.0055
-6.9352
-10.935
-15
-18.256
-18.151
-17.386
-14.819
-6.3452
-3.6097
-4.2139
-4.5934
-4.5168
-4.2346
-3.5531
-2.566
-1.5146
-0.69296
0.033807
0.61591
1.5993
2.6734
4.115
5.5985
7.4325
10.215
8.741
8.1606
10.459
11.742
11.952
11.42
10.461
9.2198
7.4213
4.9713
1.8766
-1.3492
-5.2921
-9.6881
-13.708
-17.341
-18.787
-17.569
-17.08
-9.3951
-3.9549
-2.2451
-3.5824
-3.7953
-3.5484
-2.996
-2.0444
-0.83684
-0.10658
0.39907
0.73923
1.2596
2.1932
3.5009
5.0566
6.7915
8.754
8.8341
9.6834
11.16
11.979
11.915
10.698
9.0886
7.0971
4.8259
2.6309
0.33935
-2.1959
-5.3064
-8.7571
-11.849
-14.565
-15.816
-13.176
-12.811
-7.1442
-2.8516
-2.2936
-2.4351
-2.1692
-1.8572
-1.1556
0.042517
0.98297
1.4755
1.77
2.364
3.0956
4.0911
4.928
5.9097
7.1893
10.276
10.229
10.186
11.011
11.453
11.368
10.743
9.65
8.1307
6.5183
4.5523
2.3259
-0.1282
-3.3115
-6.8928
-10.211
-13.501
-14.268
-14.468
-13.041
-5.9851
-3.9646
-3.4057
-3.74
-3.2073
-2.7091
-1.8676
-0.97989
-0.21071
0.22581
0.44259
0.6079
0.95371
1.4912
2.4726
3.7544
5.6578
8.5934
8.8757
9.7673
11.305
12.122
12.006
10.901
9.5682
7.9853
6.4958
4.4402
1.7046
-1.6179
-5.6176
-9.7773
-13.792
-16.502
-15.958
-15.36
-9.1626
-5.3968
-4.0593
-3.4206
-3.6042
-3.1648
-2.6965
-1.8154
-1.1004
-0.84839
-0.68148
-0.468
0.034018
0.94319
2.2458
3.4056
5.5154
8.242
9.1007
11.494
13.325
13.845
13.489
12.187
10.253
8.1264
5.7782
2.984
-0.25577
-3.8044
-7.407
-10.506
-13.563
-14.357
-14.14
-13.182
-6.9529
-3.7887
-3.2147
-3.7289
-3.4883
-3.6419
-3.14
-2.6309
-2.245
-1.9212
-1.5346
-0.82848
0.19063
1.7017
3.7032
5.7617
8.7185
10.723
10.292
11.55
12.338
12.307
11.984
10.946
9.2297
7.7407
6.1487
4.1637
1.7108
-1.1888
-4.5939
-7.884
-11.27
-13.378
-14.633
-13.627
-9.9223
-5.2795
-3.7662
-4.016
-4.3484
-4.7848
-4.5263
-3.6861
-3.1181
-2.5512
-2.1199
-1.8653
-1.6358
-1.2346
-0.70927
-0.29586
0.57621
2.9383
5.4981
6.9521
9.7297
11.317
11.65
11.02
9.8647
8.1987
6.5798
4.4077
1.9476
-0.89531
-4.1844
-7.932
-11.392
-14.232
-15.161
-13.24
-12.614
-6.2084
-3.3663
-2.894
-2.9457
-2.6401
-2.4405
-1.7945
-0.84052
0.23712
0.96847
1.4311
1.5655
1.8341
2.1247
2.5276
3.5248
4.9107
6.7633
8.3233
7.5814
8.9064
10.604
11.659
11.83
11.408
10.485
9.3977
8.087
6.3123
3.8624
0.74719
-2.9841
-7.3321
-11.791
-15.355
-16.148
-15.542
-13.651
-7.1161
-4.9692
-3.7953
-4.1334
-4.2109
-3.9282
-3.1953
-2.2504
-1.4052
-0.69525
-0.28387
0.36832
1.06
1.9121
3.1207
4.8661
7.2975
8.0814
8.3134
10.05
11.395
11.581
11.062
10.332
9.0224
7.2732
5.1795
2.1607
-1.5829
-5.5752
-9.5314
-12.656
-14.502
-14.161
-13.508
-13.341
-7.4689
-5.1272
-4.5904
-5.4141
-5.6167
-5.4804
-4.3265
-2.6911
-1.51
-0.69105
-0.058024
0.97461
2.5222
3.8374
5.1505
6.4647
7.4156
8.4134
10.77
7.7286
8.461
12.418
13.503
12.817
11.866
11.032
9.9366
8.6809
6.8265
4.2488
1.4091
-1.9857
-5.6747
-8.9873
-11.861
-13.394
-12.769
-11.077
-7.5308
-4.7614
-5.4695
-5.6959
-4.6913
-4.6705
-3.7682
-2.0118
-0.83017
-0.43142
-0.53185
-1.4801
-2.0313
-1.9275
-1.1929
1.0197
4.0113
11.143
14.063
13.107
15.502
17.035
16.825
15.163
12.933
10.47
7.8654
4.5424
2.0005
-0.50981
-3.4411
-7.0533
-10.916
-14.346
-16.944
-19.324
-20.157
-18.45
-15.035
-8.8921
-4.3571
-5.4496
-5.5713
-5.5968
-4.5536
-2.6454
-1.0334
0.30004
1.0289
1.3131
1.5575
2.0034
3.0031
4.0607
5.2077
6.176
9.4488
11.548
12.385
15.665
16.854
16.274
14.465
12.411
9.9405
7.5304
4.6415
2.0405
-0.54384
-3.3618
-6.4495
-9.434
-12.422
-14.232
-14.082
-14.107
-9.779
-5.2202
-3.8318
-5.4609
-6.2076
-5.6037
-3.8853
-2.4779
-1.4757
-0.70395
-0.11716
0.5373
1.2238
1.9772
3.0702
4.1156
5.4548
7.671
9.4817
9.17
10.847
11.606
11.752
10.696
9.1367
7.5377
5.9634
4.4134
2.8256
1.1375
-1.2768
-4.2856
-7.3295
-10.492
-12.837
-13.36
-12.636
-9.2328
-4.1205
-3.4716
-4.8272
-5.2518
-5.0471
-4.2241
-3.2197
-2.2688
-1.5744
-1.557
-1.6331
-1.5006
-0.90536
-0.087285
1.2677
3.0956
5.4596
9.3973
9.7994
11.429
13.186
13.135
12.338
10.705
8.712
6.6348
4.3554
2.0491
-0.50029
-3.6567
-7.0802
-10.026
-12.457
-13.948
-14.941
-13.096
-11.2
-12.371
-8.4043
-5.6262
-6.6525
-6.624
-5.7063
-3.9973
-2.6402
-1.9768
-1.7656
-1.6035
-1.0185
0.13671
1.5527
3.3245
5.0808
7.007
9.7379
13.569
13.347
14.034
16.424
16.097
15.007
13.67
11.887
10.014
8.4484
6.6971
4.7285
3.1199
1.4863
-0.061491
-2.404
-5.4752
-9.5176
-12.857
-14.45
-13.035
-9.4804
-9.1319
-8.7904
-7.7299
-7.6451
-6.1565
-3.818
-0.60825
2.0594
3.7695
4.8878
5.5016
5.6808
5.7847
6.2253
8.0684
7.5823
10.062
12.893
14.19
13.762
12.67
10.585
8.1744
5.1354
1.4957
-2.5011
-6.4954
-10.694
-14.9
-18.121
-21.014
-23.416
-22.681
-18.183
-12.625
-5.766
-2.9176
-2.1933
-1.7721
-1.3331
-0.61024
0.4764
1.952
3.0504
3.5725
3.8671
4.732
5.3492
7.5438
6.2335
7.3715
8.6631
8.5887
9.1865
12.677
12.49
11.697
11.035
10.411
9.4202
7.8221
6.5413
4.1567
1.1798
-2.0765
-5.7357
-9.4579
-12.501
-15.216
-18.444
-18.34
-15.984
-14.074
-3.7799
-2.6209
-3.1217
-3.7164
-4.1821
-3.9179
-3.1855
-2.2241
-1.0325
-0.24935
0.47155
0.80879
1.4602
2.3654
4.8371
8.3623
11.35
15.371
17.789
18.538
19.261
18.814
16.905
15.159
12.074
8.8445
5.7643
2.9731
0.12454
-3.2104
-7.0572
-10.536
-13.599
-16.432
-16.323
-15.208
-10.991
-5.5639
-4.3848
-4.2387
-4.8973
-5.5942
-5.7756
-5.8803
-5.3994
-4.6614
-3.641
-2.8268
-2.2944
-2.0078
-0.89782
1.3866
3.9636
6.2837
9.7202
13.446
14.235
14.951
14.997
13.674
11.5
8.9505
6.6049
4.0568
1.4735
-0.90562
-3.2937
-5.9072
-8.3593
-10.039
-11.147
-13.073
-13.483
-7.2806
-4.3562
-2.1702
-1.0477
-1.6934
-2.4391
-2.1173
-1.4778
-1.1822
-0.6282
-0.11986
0.44064
0.62249
1.1474
1.8969
3.1826
5.5574
7.7619
8.19
8.9635
9.4414
11.073
11.877
12.457
12.068
11.113
9.534
7.4944
5.4336
3.1102
0.34021
-2.8816
-6.5396
-10.01
-13.161
-16.388
-18.832
-18.112
-18.749
-13.608
-7.7524
-6.9607
-6.0838
-4.371
-2.3232
-0.27581
1.2313
1.9636
1.8594
1.9481
2.7666
3.6828
4.6973
5.8331
7.02
8.7575
9.5942
6.4296
5.3817
7.9719
9.9067
10.592
10.569
9.673
8.2234
6.3067
3.7125
1.1039
-1.7686
-5.1484
-8.6683
-11.716
-13.85
-12.935
-10.788
-10.808
-6.8274
-5.0042
-4.1354
-3.7251
-3.2122
-2.6016
-1.6543
-0.57409
0.10793
0.36686
0.3639
0.54228
1.1236
2.1279
3.5375
5.2648
5.9773
7.7429
8.1705
5.615
6.5257
7.7667
8.7761
10.08
10.624
10.635
10.056
8.4069
5.6812
1.9951
-1.9191
-5.979
-9.3981
-12.45
-15.368
-15.733
-14.911
-10.727
-6.7521
-4.7259
-4.3285
-4.8462
-4.664
-4.3182
-3.4354
-2.3612
-1.4911
-0.93869
-0.69053
-0.19136
0.44411
1.5303
2.9589
5.5561
9.1328
8.258
7.8234
10.253
10.914
10.729
10.381
9.8435
9.3799
8.6285
7.0975
5.1981
2.7549
-0.30278
-4.0823
-8.1866
-12.34
-16.476
-17.083
-14.382
-11.958
-4.1964
-4.4056
-4.3506
-4.1473
-3.3856
-1.9478
0.20724
2.2052
3.1698
2.4788
1.8041
2.6274
4.9475
7.8372
10.656
12.366
12.82
12.961
10.374
11.387
11.296
10.558
9.1059
8.0649
7.0789
6.2417
5.3319
4.0125
2.194
-0.46419
-4.2672
-8.5255
-12.369
-15.544
-18.572
-17.74
-17.128
-12.484
-5.7305
-3.1391
-3.1294
-4.0023
-4.206
-3.7293
-2.601
-1.4869
-0.65447
0.066499
0.74217
1.6213
2.6463
3.7383
4.1937
3.9907
5.2622
8.1294
8.1948
9.9911
11.755
12.272
11.578
10.24
8.5285
6.3409
4.0859
1.0702
-2.4167
-6.1357
-10.33
-13.76
-16.303
-17.875
-16.31
-14.556
-9.3496
-3.5596
-1.3438
-1.3136
-2.5039
-2.6946
-1.6717
-0.30465
0.88622
1.2769
1.4076
2.0316
3.2822
4.2525
5.4124
6.9785
8.2026
10.551
12.591
10.549
10.93
11.471
11.37
11.139
10.285
9.1081
7.4823
5.6552
3.3947
0.72797
-2.4626
-6.3634
-10.021
-13.323
-16.196
-16.896
-16.121
-12.806
-6.0418
-2.5321
-2.2243
-2.8226
-2.7601
-2.2302
-1.1879
0.16712
0.91523
0.93003
0.56258
0.47004
1.0356
2.2614
4.1527
5.6652
7.1499
9.7379
10.246
12.81
14.137
14.784
14.683
13.257
10.664
7.6477
4.348
0.51505
-3.5636
-7.3589
-10.812
-13.719
-15.69
-16.845
-16.28
-14.087
-12.803
-8.3078
-3.4181
-3.0867
-3.3612
-3.1387
-2.5601
-1.6039
-0.54734
0.41452
1.3773
2.1201
2.2499
2.2609
2.3519
2.7471
3.1101
3.8456
6.0171
6.8841
6.9932
10.089
12.184
12.659
12.147
11.48
10.754
10.249
8.9215
6.5595
3.8824
1.0657
-2.4762
-6.3171
-9.4704
-12.999
-14.898
-14.189
-13.439
-8.7177
-4.777
-4.7289
-4.251
-4.1888
-2.9297
-1.8501
-0.69789
-0.012068
-0.20074
-0.31421
-0.249
0.40794
1.2415
2.7517
4.8471
7.2633
9.6717
10.013
11.498
12.151
13.274
13.268
11.813
9.5847
7.5178
5.4263
3.1884
0.70668
-2.1336
-5.8201
-9.918
-13.889
-17.548
-21.191
-23.358
-20.554
-22.184
-13.556
-7.3308
-7.4079
-6.8088
-4.1812
-2.1747
-0.60712
0.77511
1.7703
2.2572
2.6689
3.1331
3.6964
4.9536
6.6248
8.3956
9.9331
12.339
10.98
8.2082
9.792
11.707
12.269
11.049
9.3289
7.729
5.8985
3.6832
1.1477
-1.5808
-4.5631
-8.4047
-11.723
-14.839
-17.634
-17.472
-14.96
-12.444
-6.1703
-2.4564
-1.3507
-1.567
-0.73291
-0.16941
0.3492
-0.21473
-1.3533
-1.2294
0.27098
2.2192
3.5964
4.6714
6.3088
9.1587
13.906
15.6
13.243
11.588
12.604
12.334
11.211
9.6942
7.7182
6.079
4.5043
2.4582
0.066781
-2.7349
-6.0457
-9.5544
-13.019
-15.258
-13.851
-12.44
-12.471
-6.6906
-4.2213
-4.2621
-4.255
-3.6552
-3.0801
-2.128
-1.1835
-0.41056
0.16153
0.56388
0.88081
1.0804
1.9645
4.3948
8.3909
12.255
12.213
10.665
10.241
11.482
11.53
10.829
9.6336
8.5692
7.3382
5.6314
3.5311
1.2608
-1.9059
-5.8033
-10.036
-14.74
-18.798
-14.993
-15.259
-11.877
-6.182
-6.4248
-4.6597
-4.6848
-4.996
-3.5832
-1.2474
0.92674
2.6033
3.7832
4.3766
4.548
4.4636
4.9471
6.4945
7.8541
8.6441
10.609
10.405
11
12.109
12.383
11.452
9.8033
8.4376
6.8291
5.0254
2.7873
0.40046
-2.4938
-6.0045
-9.7864
-13.02
-15.698
-15.937
-13.701
-12.904
-7.2304
-0.61582
-0.98621
-1.6255
-1.7936
-2.1176
-2.297
-2.0113
-1.1923
-0.38803
0.26329
0.46493
0.49882
0.66162
1.889
3.6147
5.3193
7.9645
9.5271
9.6669
10.407
10.93
11.207
10.627
9.0592
7.8247
6.8166
4.9943
2.7627
0.51051
-1.8756
-4.522
-7.2594
-9.831
-12.079
-13.147
-12.707
-11.684
-6.4266
-3.8271
-4.7887
-5.7189
-5.9336
-5.441
-4.3653
-3.3216
-2.3106
-1.7301
-1.8173
-1.7878
-1.411
-0.69897
0.23646
1.4495
2.3092
3.6502
5.46
6.1508
8.4744
10.962
12.208
11.898
10.627
9.3843
8.2636
6.7755
4.9176
2.3833
-0.90852
-4.7194
-8.4432
-12.058
-15.154
-17.053
-17.012
-14.177
-7.7896
-3.9107
-1.99
-1.7802
-1.5689
-1.4527
-1.1717
-0.64859
-0.58353
-1.1202
-1.9605
-2.5413
-2.5665
-2.1769
-0.80948
0.62205
1.9862
5.0869
7.4395
9.5288
12.169
13.071
12.978
12.085
10.778
9.4384
7.5572
5.6751
3.6886
1.5143
-0.52219
-2.2451
-4.3575
-7.0598
-9.3453
-9.9833
-8.0221
-5.112
-2.8704
-2.4074
-2.7323
-3.123
-2.7784
-1.9894
-1.2084
-0.48432
0.030078
0.72157
1.1734
2.0849
3.1938
3.3547
1.9839
0.9257
1.6992
2.617
4.1486
5.1787
5.1678
4.7744
4.5116
4.3774
4.1831
3.9433
3.2559
1.9296
0.72053
-0.65231
-1.5171
-2.0796
-2.862
-3.5744
-2.6772
-2.0541
-1.6912
-1.2071
-0.82182
-1.1026
-1.3989
-0.98479
0.1377
1.3346
2.2966
2.69
2.3405
1.2428
0.92799
1.0545
0.31319
-1.1039
-1.0124
-0.55362
-0.38357
0.84865
2.4028
1.7276
1.1363
0.88947
-0.027087
0.059859
0.24692
0.46289
0.40396
-0.014385
-0.50085
0.20656
0.19958
-1.5388
-2.5196
-2.7948
-3.0371
-2.8347
-2.468
-2.2204
-1.5378
-0.58344
0.2834
1.2893
1.6776
1.4745
1.5584
1.2841
0.53068
-0.70724
-2.1351
-3.6504
-2.8957
-0.93955
0.73988
1.1262
0.90847
0.44337
0.78316
2.6468
3.7045
3.473
1.514
2.2519
1.7538
-0.50233
-2.6754
-5.1341
-7.5671
-9.5379
-9.1038
-6.4703
-3.872
-1.2464
0.027489
0.34427
0.10264
-0.20075
-1.1853
-2.366
-2.8981
-3.4146
-3.9084
-4.519
-5.0194
-4.8029
-3.7782
-3.1297
-3.4169
-4.567
-3.8738
-1.5302
0.64993
2.7139
4.0035
4.9492
5.5778
6.0002
6.1171
5.7037
4.2579
2.3122
-0.11137
-2.4786
-4.461
-6.0634
-7.4836
-8.4177
-8.4164
-7.2546
-5.7271
-3.7833
-2.3033
-1.7685
-2.3092
-3.2813
-3.8998
-3.711
-2.1623
-1.4042
-1.0209
-0.89038
-0.60786
-0.21193
1.2957
2.2008
1.7552
-0.077386
-0.23923
0.53302
1.422
2.6518
3.2984
3.4063
3.1054
2.4569
1.7521
0.78563
0.054791
-0.083493
-0.53618
-0.75217
-0.64045
-0.015263
0.35827
0.55063
-0.34706
-0.10689
-0.684
-1.1419
-1.0017
-0.27989
-0.13002
0.24142
-0.11342
-0.025119
0.48969
1.2617
1.9613
1.7891
1.1119
0.85147
0.90263
1.1677
1.1745
1.0838
0.38909
0.41539
0.41218
0.41106
0.31187
0.20233
-0.12
-0.12076
0.14551
0.48601
0.8306
0.84056
0.88177
1.0982
0.94778
1.2869
1.2813
1.4618
1.3236
1.0434
1.0128
1.6277
2.1823
2.771
3.1721
2.9781
2.3236
0.72551
0.24519
0.35771
0.60565
0.72083
0.79558
0.44813
0.084532
-0.28473
-0.52592
-0.12622
0.23611
0.46367
0.61777
0.58881
0.45077
0.096202
-0.31939
-0.84761
-0.95436
-0.898
-0.64439
-0.62513
-0.79403
-1.0174
-1.1932
-0.99106
-0.75529
-0.4922
-0.16201
-0.087181
0.077909
0.044073
0.086259
-0.024314
-0.32868
-0.47462
-0.42172
-0.15436
0.08258
0.20893
0.29963
0.23523
-0.065504
-0.43744
-0.43333
-0.19976
0.28383
0.95635
1.2135
1.4875
1.4469
1.0342
0.74602
0.32414
0.18036
0.002545
0.00043205
-0.010203
0.14073
0.34805
0.31101
0.48181
0.44883
0.38566
0.3648
0.1843
0.20335
0.16956
0.010975
-0.049739
-0.13705
-0.054423
0.29132
0.65404
0.47432
0.028133
-0.39223
-0.58201
-0.55271
-0.68166
-0.87397
-1.1552
-1.2309
-1.3774
-1.5292
-1.5447
-2.1135
-2.7719
-3.2255
-3.9473
-4.4727
-4.9973
-5.3812
-5.6561
-5.1613
-4.8475
-4.2084
-4.1608
-4.2179
-4.0615
0.37613
-0.74213
-0.29009
0.021443
-0.070365
-0.19901
-0.50081
-0.70023
-1.152
-1.9745
-3.0983
-4.4601
-6.0911
-7.7836
-9.331
-11.062
-12.471
-13.729
-14.573
-14.73
-14.473
-13.72
-12.518
-11.423
-10.438
-9.6327
-8.3588
-7.1291
-6.0258
-5.3817
-5.0038
-4.2974
-3.5973
-3.0379
-2.4824
-1.849
-1.1627
-0.53877
0.084722
0.84571
1.7043
2.6197
3.4861
4.0699
4.3252
4.287
3.9937
3.5436
2.8612
1.8375
0.60093
-0.55622
-1.4001
-2.0203
-2.4197
-2.7375
-2.9435
-2.9822
-2.8514
-2.4297
-1.8962
-1.0649
0.06285
1.3934
2.883
3.841
3.5036
1.8874
-0.1851
-1.2661
-2.8554
-4.7956
-5.9777
-4.6804
-4.0787
0.7842
5.0986
3.9389
3.6814
3.3874
1.8646
1.0997
1.1491
2.0185
2.4268
1.8675
1.1375
0.62716
0.15901
-0.66603
-1.9117
-3.1884
-4.1543
-4.2989
-5.199
-5.5332
-3.0279
-0.68482
0.55154
1.6039
2.515
3.177
3.4853
3.6003
3.3509
2.6933
1.8429
0.9428
-0.25469
-1.573
-2.6625
-3.4617
-3.8113
-3.8218
-3.9421
-3.9102
-3.5364
-2.6801
-1.979
-1.7188
-2.0004
-2.4513
-2.7669
-2.7604
-2.467
-2.1925
-2.1098
-2.1101
-2.1502
-1.9545
-1.4535
-0.71486
0.0065417
0.84476
1.66
2.4154
3.0794
3.7005
4.3023
4.9415
5.6938
6.3539
6.7097
6.8265
6.7707
6.4595
5.1349
2.2714
-1.085
-3.0697
-3.5212
-3.0538
-2.3448
-1.94
-1.7293
-1.4489
-1.1647
-0.91189
-0.65802
-0.45238
0.041813
0.67789
1.2606
1.7022
1.993
2.1215
2.0563
1.9608
1.832
1.5426
1.2698
0.69884
0.31753
0.032328
0.10185
